

# Exactly the same as the above
# Scan parameters: power 16.000000 dBm, bandwidth 1.500000 Hz
# Frequency [MHz]	avg noise	std noise	peak value
4.000000e+03	6.450540e-02	6.376246e-02	2.112416e+01	+8.48797799E-05

4.010000e+03	6.954364e-02	7.600814e-02	3.594097e+01	+8.48394649E-05

4.020000e+03	6.832797e-02	7.246096e-02	1.155128e+01	+8.48340576E-05

4.030000e+03	6.702850e-02	6.263815e-02	1.738090e+01	+8.47874633E-05

4.040000e+03	7.192849e-02	7.467500e-02	2.386957e+01	+8.47845525E-05

4.050000e+03	6.242462e-02	5.634681e-02	1.540089e+01	+8.47840510E-05

4.060000e+03	6.858184e-02	7.418678e-02	8.917702e+00	+8.47851085E-05

4.070000e+03	5.871698e-02	5.976419e-02	4.337669e+01	+8.47618658E-05

4.080000e+03	6.517621e-02	6.682259e-02	3.343533e+01	+8.47634030E-05

4.090000e+03	5.668906e-02	5.544784e-02	4.232210e+01	+8.47436598E-05

4.100000e+03	5.333313e-02	5.237615e-02	8.104600e+01	+8.47386668E-05

4.110000e+03	5.745171e-02	5.543660e-02	6.798182e+01	+8.47293675E-05

4.120000e+03	5.279818e-02	5.478827e-02	4.894745e+01	+8.47186511E-05

4.130000e+03	5.695607e-02	5.149612e-02	3.780200e+01	+8.47064083E-05

4.140000e+03	5.664104e-02	4.986264e-02	7.938406e+01	+8.47158493E-05

4.150000e+03	4.987970e-02	5.494178e-02	6.353434e+01	+8.47378928E-05

4.160000e+03	6.006022e-02	6.691179e-02	6.727752e+01	+8.47379909E-05

4.170000e+03	6.067468e-02	5.553998e-02	8.242676e+01	+8.47190871E-05

4.180000e+03	8.483055e-02	8.462106e-02	8.078045e+01	+8.47452406E-05

4.190000e+03	7.655403e-02	7.871558e-02	3.176150e+01	+8.48178248E-05

4.200000e+03	5.282687e-02	5.380484e-02	4.693524e+01	+8.48161024E-05

4.210000e+03	5.234667e-02	4.883372e-02	3.858516e+01	+8.47805952E-05

4.220000e+03	5.419113e-02	5.094295e-02	2.587853e+01	+8.47874960E-05

4.230000e+03	5.263694e-02	5.078528e-02	4.647521e+01	+8.48099210E-05

4.240000e+03	4.676699e-02	4.755566e-02	4.708315e+01	+8.48083621E-05

4.250000e+03	4.931933e-02	4.521022e-02	6.663841e+01	+8.47980381E-05

4.260000e+03	5.476730e-02	5.219760e-02	5.638935e+01	+8.47891531E-05

4.270000e+03	5.165604e-02	5.005660e-02	3.741204e+01	+8.47757875E-05

4.280000e+03	4.910638e-02	4.609480e-02	5.245424e+01	+8.47693336E-05

4.290000e+03	5.265015e-02	5.178796e-02	3.959424e+01	+8.47465815E-05

4.300000e+03	5.127976e-02	5.394632e-02	3.306021e+01	+8.47361049E-05

4.310000e+03	5.512788e-02	5.431424e-02	2.621528e+01	+8.47241674E-05

4.320000e+03	5.281595e-02	5.194462e-02	4.221289e+01	+8.47241129E-05

4.330000e+03	4.814051e-02	4.629612e-02	6.383299e+01	+8.46958445E-05

4.340000e+03	5.227607e-02	5.343781e-02	7.036877e+01	+8.47046313E-05

4.350000e+03	5.958925e-02	5.896425e-02	5.977571e+01	+8.46980902E-05

4.360000e+03	5.811748e-02	5.884269e-02	6.912672e+01	+8.46956918E-05

4.370000e+03	6.672788e-02	6.672374e-02	6.831365e+01	+8.46734630E-05

4.380000e+03	6.232968e-02	6.788824e-02	8.916641e+01	+8.46640657E-05

4.390000e+03	5.761808e-02	5.897704e-02	7.559836e+01	+8.46219629E-05

4.400000e+03	6.279480e-02	6.749602e-02	9.663254e+01	+8.46074526E-05

4.410000e+03	6.817644e-02	6.211389e-02	1.153991e+02	+8.45545788E-05

4.420000e+03	6.339830e-02	6.390821e-02	1.101118e+02	+8.45559851E-05

4.430000e+03	5.969081e-02	5.714048e-02	1.142791e+02	+8.45323173E-05

4.440000e+03	6.981066e-02	6.754747e-02	1.370683e+02	+8.45265829E-05

4.450000e+03	6.858070e-02	6.238733e-02	1.433880e+02	+8.44894077E-05

4.460000e+03	7.324268e-02	7.228422e-02	1.530880e+02	+8.44984889E-05

4.470000e+03	7.299133e-02	7.402859e-02	1.714718e+02	+8.44825178E-05

4.480000e+03	8.146936e-02	8.774775e-02	1.895960e+02	+8.44776665E-05

4.490000e+03	7.002725e-02	6.849871e-02	1.502250e+02	+8.44583267E-05

4.500000e+03	7.737929e-02	7.638162e-02	1.855169e+02	+8.44578252E-05

4.510000e+03	7.926626e-02	8.059310e-02	2.105203e+02	+8.44432058E-05

4.520000e+03	7.746329e-02	7.673911e-02	2.296602e+02	+8.44421484E-05

4.530000e+03	8.699451e-02	8.679180e-02	2.763989e+02	+8.44166708E-05

4.540000e+03	8.379978e-02	8.556252e-02	2.922815e+02	+8.44125499E-05

4.550000e+03	8.087222e-02	8.547238e-02	3.043988e+02	+8.43714174E-05

4.560000e+03	7.537930e-02	7.585693e-02	3.053490e+02	+8.43674491E-05

4.570000e+03	8.103532e-02	7.933034e-02	2.969664e+02	+8.43444245E-05

4.580000e+03	7.239192e-02	6.552843e-02	3.234595e+02	+8.43397258E-05

4.590000e+03	8.644675e-02	8.875504e-02	2.943216e+02	+8.43265673E-05

4.600000e+03	9.208339e-02	8.947936e-02	2.036325e+02	+8.43252809E-05

4.610000e+03	8.127476e-02	7.661954e-02	2.588662e+02	+8.43271342E-05

4.620000e+03	8.305634e-02	8.056517e-02	1.738094e+02	+8.43287259E-05

4.630000e+03	8.480842e-02	8.599184e-02	1.871481e+02	+8.42923356E-05

4.640000e+03	8.682038e-02	8.414609e-02	2.539923e+02	+8.42874298E-05

4.650000e+03	7.856498e-02	8.097189e-02	2.707403e+02	+8.43063009E-05

4.660000e+03	8.328628e-02	7.862852e-02	3.509744e+02	+8.43064426E-05

4.670000e+03	7.884785e-02	7.292232e-02	3.852510e+02	+8.43292819E-05

4.680000e+03	7.735334e-02	7.937656e-02	4.300946e+02	+8.43242889E-05

4.690000e+03	8.409347e-02	8.664322e-02	4.633605e+02	+8.43256952E-05

4.700000e+03	8.238363e-02	8.078326e-02	5.130467e+02	+8.43244633E-05

4.710000e+03	7.727778e-02	7.552685e-02	4.970715e+02	+8.42903733E-05

4.720000e+03	7.712028e-02	8.104208e-02	4.771792e+02	+8.42913109E-05

4.730000e+03	8.489422e-02	8.841733e-02	5.488468e+02	+8.43029322E-05

4.740000e+03	7.661932e-02	7.013213e-02	5.690403e+02	+8.43064862E-05

4.750000e+03	8.267475e-02	7.592217e-02	5.616929e+02	+8.43136378E-05

4.760000e+03	7.328074e-02	7.615670e-02	5.657471e+02	+8.43106507E-05

4.770000e+03	8.202085e-02	8.118650e-02	5.202430e+02	+8.43052870E-05

4.780000e+03	8.339155e-02	8.134028e-02	5.602482e+02	+8.43111740E-05

4.790000e+03	8.489561e-02	8.551877e-02	5.091038e+02	+8.43145753E-05

4.800000e+03	9.050536e-02	9.128968e-02	5.154965e+02	+8.43130273E-05

4.810000e+03	7.838086e-02	7.477317e-02	6.432257e+02	+8.43189143E-05

4.820000e+03	9.357500e-02	9.778455e-02	7.759829e+02	+8.43149787E-05

4.830000e+03	8.946513e-02	8.217935e-02	8.020044e+02	+8.42938619E-05

4.840000e+03	7.736142e-02	7.393932e-02	8.436233e+02	+8.42988876E-05

4.850000e+03	8.431362e-02	7.959653e-02	8.696219e+02	+8.43210510E-05

4.860000e+03	9.501200e-02	8.954618e-02	9.644891e+02	+8.43168211E-05

4.870000e+03	8.639634e-02	9.008659e-02	8.795479e+02	+8.43132671E-05

4.880000e+03	9.061262e-02	9.316472e-02	9.144202e+02	+8.43132889E-05

4.890000e+03	1.087646e-01	1.039390e-01	8.647606e+02	+8.43071839E-05

4.900000e+03	8.582333e-02	8.950673e-02	8.538663e+02	+8.43115228E-05

4.910000e+03	1.013689e-01	1.029303e-01	9.271176e+02	+8.43216070E-05

4.920000e+03	1.044896e-01	1.042029e-01	1.004115e+03	+8.43236348E-05

4.930000e+03	1.033592e-01	1.095860e-01	1.078164e+03	+8.43283879E-05

4.940000e+03	1.029556e-01	9.305028e-02	8.701023e+02	+8.43225119E-05

4.950000e+03	1.043710e-01	9.518449e-02	7.492902e+02	+8.42988440E-05

4.960000e+03	1.104539e-01	1.173920e-01	7.464412e+02	+8.42947558E-05

4.970000e+03	1.058461e-01	1.020859e-01	7.565272e+02	+8.42594449E-05

4.980000e+03	1.134043e-01	1.158849e-01	6.765639e+02	+8.42529365E-05

4.990000e+03	1.103089e-01	1.070214e-01	4.720981e+02	+8.41920717E-05

5.000000e+03	1.013364e-01	9.486159e-02	4.840718e+02	+8.41866426E-05

5.010000e+03	1.070908e-01	1.062368e-01	4.565984e+02	+8.41790985E-05

5.020000e+03	1.124569e-01	1.198848e-01	5.215418e+02	+8.41797090E-05

5.030000e+03	1.058530e-01	9.863267e-02	5.533160e+02	+8.41493148E-05

5.040000e+03	1.246512e-01	1.274804e-01	4.825968e+02	+8.41534465E-05

5.050000e+03	1.078473e-01	9.955021e-02	4.862943e+02	+8.41399828E-05

5.060000e+03	1.049013e-01	9.902658e-02	5.946940e+02	+8.41428718E-05

5.070000e+03	1.221316e-01	1.256909e-01	6.622638e+02	+8.41686546E-05

5.080000e+03	1.306505e-01	1.258231e-01	5.884372e+02	+8.41732442E-05

5.090000e+03	1.325110e-01	1.395437e-01	5.419153e+02	+8.41925732E-05

5.100000e+03	1.264398e-01	1.443437e-01	4.906083e+02	+8.41947317E-05

5.110000e+03	1.253925e-01	1.227613e-01	4.766957e+02	+8.41898695E-05

5.120000e+03	1.383850e-01	1.344242e-01	4.744198e+02	+8.41729826E-05

5.130000e+03	1.378827e-01	1.345823e-01	4.838249e+02	+8.41560630E-05

5.140000e+03	1.479908e-01	1.480850e-01	4.548439e+02	+8.41500343E-05

5.150000e+03	1.350427e-01	1.324935e-01	4.192376e+02	+8.40670279E-05

5.160000e+03	1.436004e-01	1.452507e-01	3.916657e+02	+8.40584808E-05

5.170000e+03	1.409620e-01	1.387827e-01	3.779732e+02	+8.39965258E-05

5.180000e+03	1.393070e-01	1.316781e-01	3.970178e+02	+8.39928628E-05

5.190000e+03	1.421177e-01	1.401322e-01	3.131078e+02	+8.39688243E-05

5.200000e+03	1.349796e-01	1.371303e-01	3.104741e+02	+8.39686063E-05

5.210000e+03	1.192743e-01	1.138671e-01	2.750379e+02	+8.40081690E-05

5.220000e+03	1.203073e-01	1.308413e-01	2.435920e+02	+8.40101858E-05

5.230000e+03	1.177126e-01	1.089754e-01	2.201563e+02	+8.40015952E-05

5.240000e+03	1.250545e-01	1.255018e-01	2.085929e+02	+8.40036447E-05

5.250000e+03	1.162187e-01	1.163020e-01	1.776345e+02	+8.39825170E-05

5.260000e+03	1.231494e-01	1.196672e-01	1.318662e+02	+8.39793010E-05

5.270000e+03	1.117831e-01	1.207832e-01	1.047094e+02	+8.39413191E-05

5.280000e+03	9.999371e-02	9.831512e-02	1.072930e+02	+8.39322597E-05

5.290000e+03	1.004474e-01	9.542068e-02	8.669726e+01	+8.38739786E-05

5.300000e+03	9.835482e-02	1.041246e-01	8.808367e+01	+8.38629350E-05

5.310000e+03	9.815251e-02	9.555900e-02	5.137570e+01	+8.37700952E-05

5.320000e+03	9.380521e-02	9.711029e-02	6.757796e+01	+8.37608831E-05

5.330000e+03	9.058367e-02	8.905808e-02	4.221457e+01	+8.37226069E-05

5.340000e+03	9.993016e-02	9.778663e-02	3.421440e+01	+8.37138200E-05

5.350000e+03	9.937284e-02	9.728912e-02	3.614730e+01	+8.36771790E-05

5.360000e+03	8.736931e-02	8.158872e-02	1.902870e+01	+8.36775170E-05

5.370000e+03	8.513336e-02	9.363980e-02	2.992157e+01	+8.36753039E-05

5.380000e+03	8.036972e-02	8.031500e-02	2.878388e+01	+8.36781929E-05

5.390000e+03	8.388356e-02	9.345282e-02	3.448402e+01	+8.36583407E-05

5.400000e+03	8.542486e-02	8.308335e-02	3.846070e+01	+8.36559423E-05

5.410000e+03	7.995827e-02	7.798999e-02	5.164193e+01	+8.36322963E-05

5.420000e+03	8.202761e-02	7.831430e-02	3.987818e+01	+8.36292765E-05

5.430000e+03	8.187123e-02	8.866548e-02	3.440986e+01	+8.35883838E-05

5.440000e+03	7.801652e-02	7.948276e-02	3.950731e+01	+8.35787684E-05

5.450000e+03	8.412010e-02	8.620643e-02	4.658283e+01	+8.35405793E-05

5.460000e+03	8.212443e-02	7.850350e-02	2.807359e+01	+8.35451254E-05

5.470000e+03	7.794252e-02	7.826328e-02	3.338318e+01	+8.35068709E-05

5.480000e+03	8.184464e-02	7.714849e-02	2.681796e+01	+8.35006896E-05

5.490000e+03	7.568063e-02	7.922247e-02	2.355353e+01	+8.34693033E-05

5.500000e+03	8.042559e-02	7.594975e-02	1.661395e+01	+8.34640268E-05

5.510000e+03	7.943630e-02	8.097284e-02	1.718655e+01	+8.34347990E-05

5.520000e+03	7.479048e-02	7.405056e-02	1.361211e+01	+8.34356603E-05

5.530000e+03	6.806949e-02	6.681483e-02	1.449544e+01	+8.34369467E-05

5.540000e+03	6.752723e-02	6.997832e-02	9.701434e+00	+8.34421032E-05

5.550000e+03	6.543403e-02	6.182078e-02	1.202601e+01	+8.34185444E-05

5.560000e+03	7.177502e-02	7.122462e-02	1.540297e+01	+8.34159934E-05

5.570000e+03	6.722365e-02	6.758658e-02	1.461611e+01	+8.33912572E-05

5.580000e+03	6.582938e-02	5.900362e-02	8.843710e+00	+8.33854029E-05

5.590000e+03	6.660487e-02	6.523560e-02	1.677553e+01	+8.33622256E-05

5.600000e+03	6.506287e-02	6.567856e-02	1.135103e+01	+8.33638282E-05

5.610000e+03	6.783923e-02	6.465374e-02	1.072218e+01	+8.33317442E-05

5.620000e+03	6.291485e-02	6.308925e-02	1.347580e+01	+8.33215183E-05

5.630000e+03	6.703850e-02	6.352701e-02	1.589836e+01	+8.32530876E-05

5.640000e+03	6.267326e-02	6.657754e-02	1.739510e+01	+8.32421858E-05

5.650000e+03	5.936019e-02	5.134293e-02	1.166282e+01	+8.31443202E-05

5.660000e+03	6.141563e-02	5.821015e-02	1.384533e+01	+8.31350755E-05

5.670000e+03	6.108438e-02	5.992544e-02	1.666458e+01	+8.30632325E-05

5.680000e+03	5.334979e-02	4.791668e-02	2.183088e+01	+8.30523198E-05

5.690000e+03	6.092225e-02	6.036350e-02	1.245349e+01	+8.29878792E-05

5.700000e+03	5.765241e-02	5.537892e-02	1.425082e+01	+8.29751895E-05

5.710000e+03	5.753296e-02	6.037561e-02	1.291987e+01	+8.29590875E-05

5.720000e+03	5.739977e-02	5.413531e-02	1.147046e+01	+8.29596108E-05

5.730000e+03	6.198988e-02	5.867607e-02	1.037882e+01	+8.29518705E-05

5.740000e+03	6.040914e-02	5.787877e-02	1.376105e+01	+8.29580082E-05

5.750000e+03	5.897959e-02	6.091264e-02	1.147310e+01	+8.29271888E-05

5.760000e+03	5.809896e-02	5.464456e-02	1.288717e+01	+8.29161561E-05

5.770000e+03	5.970493e-02	6.286235e-02	8.366195e+00	+8.28773675E-05

5.780000e+03	5.750656e-02	5.856339e-02	7.472163e+00	+8.28727451E-05

5.790000e+03	5.658520e-02	5.226950e-02	9.554159e+00	+8.27852472E-05

5.800000e+03	5.454995e-02	5.480122e-02	7.640850e+00	+8.27711075E-05

5.810000e+03	6.146796e-02	6.507537e-02	5.474646e+00	+8.26794342E-05

5.820000e+03	6.228619e-02	5.697263e-02	5.424293e+00	+8.26709308E-05

5.830000e+03	6.064983e-02	5.424998e-02	1.195732e+01	+8.26228538E-05

5.840000e+03	6.691229e-02	7.007605e-02	1.258388e+01	+8.26204445E-05

5.850000e+03	6.128265e-02	6.241506e-02	6.135559e+00	+8.25132360E-05

5.860000e+03	7.017790e-02	7.344365e-02	6.772394e+00	+8.24879220E-05

5.870000e+03	7.043715e-02	7.180461e-02	7.824477e+00	+8.24226202E-05

5.880000e+03	7.913198e-02	8.246489e-02	5.778757e+00	+8.24166787E-05

5.890000e+03	7.917956e-02	7.569457e-02	6.130986e+00	+8.23754916E-05

5.900000e+03	7.293875e-02	7.619867e-02	6.129109e+00	+8.23639139E-05

5.910000e+03	6.944100e-02	7.020338e-02	1.410182e+01	+8.23218983E-05

5.920000e+03	7.649810e-02	7.283239e-02	9.048036e+00	+8.23134494E-05

5.930000e+03	8.243896e-02	8.142494e-02	1.737074e+01	+8.22425331E-05

5.940000e+03	9.039174e-02	8.659305e-02	1.293821e+01	+8.22325907E-05

5.950000e+03	9.220666e-02	9.752382e-02	1.397351e+01	+8.21957861E-05

5.960000e+03	8.772965e-02	9.478714e-02	8.505436e+00	+8.21968218E-05

5.970000e+03	9.702166e-02	9.918182e-02	1.448882e+01	+8.21747347E-05

5.980000e+03	9.394055e-02	1.044566e-01	1.487705e+01	+8.21767516E-05

5.990000e+03	8.888224e-02	9.361027e-02	7.749857e+00	+8.21383990E-05

6.000000e+03	1.001901e-01	9.238395e-02	4.427965e+00	+8.21374287E-05

6.010000e+03	1.016467e-01	9.672412e-02	8.206816e+00	+8.21162356E-05

6.020000e+03	1.008221e-01	8.726758e-02	1.258059e+01	+8.21189065E-05

6.030000e+03	1.100741e-01	1.037381e-01	6.208143e+00	+8.21150800E-05

6.040000e+03	1.055856e-01	1.082759e-01	8.394516e+00	+8.21159631E-05

6.050000e+03	1.091311e-01	1.036527e-01	1.069503e+01	+8.21199313E-05

6.060000e+03	1.215114e-01	1.216447e-01	5.027564e+00	+8.21192336E-05

6.070000e+03	1.118051e-01	1.123346e-01	4.613600e+00	+8.21012347E-05

6.080000e+03	1.208127e-01	1.249204e-01	1.589182e+01	+8.20996103E-05

6.090000e+03	1.276194e-01	1.232123e-01	6.898824e+00	+8.20954458E-05

6.100000e+03	1.301568e-01	1.315966e-01	1.336077e+01	+8.20924478E-05

6.110000e+03	1.307330e-01	1.379987e-01	1.493988e+01	+8.20660328E-05

6.120000e+03	1.184859e-01	1.181039e-01	1.596136e+01	+8.20687800E-05

6.130000e+03	1.186841e-01	1.161972e-01	9.588366e+00	+8.21270720E-05

6.140000e+03	1.176472e-01	1.253525e-01	2.594778e+01	+8.21344743E-05

6.150000e+03	1.126323e-01	1.142150e-01	2.356434e+01	+8.21655336E-05

6.160000e+03	1.088015e-01	1.135762e-01	1.718448e+01	+8.21721074E-05

6.170000e+03	1.285378e-01	1.322904e-01	2.342711e+01	+8.21951429E-05

6.180000e+03	1.142458e-01	1.033921e-01	1.464536e+01	+8.21980428E-05

6.190000e+03	1.071279e-01	1.130199e-01	8.658975e+00	+8.22270307E-05

6.200000e+03	1.010544e-01	9.258807e-02	5.221572e+00	+8.22305738E-05

6.210000e+03	1.114832e-01	1.116293e-01	1.457102e+00	+8.22232914E-05

6.220000e+03	9.607383e-02	9.214470e-02	1.252224e+00	+8.22238692E-05

6.230000e+03	9.226508e-02	1.015927e-01	2.354048e+00	+8.22273687E-05

6.240000e+03	8.135558e-02	7.704903e-02	4.780432e+00	+8.22195303E-05

6.250000e+03	8.312156e-02	7.726171e-02	4.499607e+00	+8.22077127E-05

6.260000e+03	8.000303e-02	8.101228e-02	2.445153e+00	+8.22010953E-05

6.270000e+03	8.598453e-02	8.492466e-02	9.349725e+00	+8.21767080E-05

6.280000e+03	8.435903e-02	8.545709e-02	9.632247e+00	+8.21715187E-05

6.290000e+03	7.449480e-02	7.257882e-02	4.637902e+00	+8.21447220E-05

6.300000e+03	6.611492e-02	6.306049e-02	6.136169e+00	+8.21478182E-05

6.310000e+03	5.758913e-02	6.147181e-02	1.235674e+01	+8.21342563E-05

6.320000e+03	6.191820e-02	6.092933e-02	6.130465e+00	+8.21306369E-05

6.330000e+03	5.392766e-02	4.935213e-02	1.208124e+01	+8.21030662E-05

6.340000e+03	5.415374e-02	5.101605e-02	1.617296e+01	+8.20990543E-05

6.350000e+03	5.109273e-02	5.419473e-02	7.457031e+00	+8.20721923E-05

6.360000e+03	5.003289e-02	5.582512e-02	7.844935e+00	+8.20687037E-05

6.370000e+03	4.904577e-02	4.973356e-02	5.284192e+00	+8.20376117E-05

6.380000e+03	4.264683e-02	4.199987e-02	7.168128e+00	+8.20410131E-05

6.390000e+03	4.814150e-02	5.421033e-02	3.994114e+00	+8.20144454E-05

6.400000e+03	4.421308e-02	4.289250e-02	9.518499e+00	+8.20096922E-05

6.410000e+03	4.501055e-02	4.671668e-02	1.619230e+01	+8.20054405E-05

6.420000e+03	4.294652e-02	4.257120e-02	6.983608e+00	+8.20031075E-05

6.430000e+03	4.089684e-02	4.259788e-02	4.260769e+00	+8.20131917E-05

6.440000e+03	3.959090e-02	4.202197e-02	2.727606e+00	+8.20103354E-05

6.450000e+03	3.993481e-02	4.133362e-02	6.353858e-01	+8.20072720E-05

6.460000e+03	3.622049e-02	3.773934e-02	1.481914e+00	+8.20079261E-05

6.470000e+03	3.899297e-02	3.851069e-02	4.618898e-01	+8.20079043E-05

6.480000e+03	3.678651e-02	3.384392e-02	4.712956e-01	+8.20096486E-05

6.490000e+03	3.519296e-02	3.526727e-02	4.803815e-01	+8.20117417E-05

6.500000e+03	3.996278e-02	3.858031e-02	2.357508e-01	+8.20084603E-05

6.510000e+03	3.268212e-02	3.054296e-02	1.282421e+00	+8.19840293E-05

