

# Little power on sample (0dBm)
# Scan parameters: power 0.000000 dBm, bandwidth 1.500000 Hz
# Frequency [MHz]	avg noise	std noise	peak value
3400.000000	0.001392	0.001267	0.260116
3402.000000	0.001486	0.001626	0.299778
3404.000000	0.001414	0.001353	0.359935
3406.000000	0.001594	0.001586	0.325837
3408.000000	0.001744	0.001655	0.264658
3410.000000	0.001544	0.001500	0.254420
3412.000000	0.001681	0.001681	0.233225
3414.000000	0.001609	0.001479	0.241816
3416.000000	0.001578	0.001441	0.242204
3418.000000	0.001844	0.001705	0.270683
3420.000000	0.002089	0.002180	0.309169
3422.000000	0.001869	0.001879	0.261453
3424.000000	0.001983	0.001960	0.318769
3426.000000	0.002201	0.002074	0.242646
3428.000000	0.002988	0.002607	0.283005
3430.000000	0.003066	0.002839	0.289012
3432.000000	0.003381	0.003488	0.343747
3434.000000	0.004071	0.003696	0.299112
3436.000000	0.003719	0.003903	0.336185
3438.000000	0.003560	0.003971	0.285663
3440.000000	0.003612	0.003665	0.330041
3442.000000	0.003029	0.003461	0.377758
3444.000000	0.004297	0.003813	0.428505
3446.000000	0.004929	0.004552	0.342213
3448.000000	0.005366	0.005310	0.283879
3450.000000	0.005525	0.006884	0.328533
3452.000000	0.006419	0.006280	0.295874
3454.000000	0.005458	0.005122	0.305428
3456.000000	0.003388	0.003122	0.332341
3458.000000	0.004316	0.004249	0.345442
3460.000000	0.003903	0.003661	0.293029
3462.000000	0.003707	0.003780	0.248495
3464.000000	0.003958	0.003734	0.216757
3466.000000	0.003685	0.003228	0.317294
3468.000000	0.004180	0.004582	0.287320
3470.000000	0.003685	0.003125	0.316291
3472.000000	0.003098	0.003335	0.356702
3474.000000	0.003467	0.003238	0.356314
3476.000000	0.003531	0.003426	0.367454
3478.000000	0.002804	0.002737	0.323451
3480.000000	0.002873	0.002694	0.281024
3482.000000	0.002461	0.002421	0.244479
3484.000000	0.003370	0.003372	0.313913
3486.000000	0.002624	0.002564	0.288594
3488.000000	0.003110	0.002920	0.346081
3490.000000	0.002155	0.002143	0.312279
3492.000000	0.002035	0.001902	0.311518
3494.000000	0.002146	0.002531	0.295579
3496.000000	0.001954	0.001774	0.341542
3498.000000	0.001960	0.002108	0.326005
3500.000000	0.001817	0.001965	0.341804
3502.000000	0.001884	0.002082	0.276861
3504.000000	0.001603	0.001662	0.279148
3506.000000	0.001633	0.001435	0.327570
3508.000000	0.001795	0.001870	0.310526
3510.000000	0.001717	0.001671	0.357562
3512.000000	0.001704	0.001710	0.266113
3514.000000	0.001665	0.001681	0.288164
3516.000000	0.001613	0.001878	0.315834
3518.000000	0.001565	0.001560	0.295696
3520.000000	0.001530	0.001867	0.248825
3522.000000	0.001777	0.001880	0.321624
3524.000000	0.001657	0.001654	0.316505
3526.000000	0.001851	0.002005	0.347968
3528.000000	0.001802	0.001736	0.264174
3530.000000	0.002222	0.002243	0.251021
3532.000000	0.003038	0.003654	0.246095
3534.000000	0.004654	0.005115	0.266640
3536.000000	0.004917	0.004653	0.324057
3538.000000	0.006531	0.007032	0.309610
3540.000000	0.005920	0.005470	0.280863
3542.000000	0.006571	0.006663	0.261624
3544.000000	0.007677	0.008013	0.337718
3546.000000	0.007128	0.006834	0.301747
3548.000000	0.005181	0.005293	0.307289
3550.000000	0.007376	0.007002	0.344661
3552.000000	0.008760	0.008843	0.242134
3554.000000	0.007602	0.007001	0.373828
3556.000000	0.007746	0.007228	0.275162
3558.000000	0.008267	0.007693	0.189620
3560.000000	0.007192	0.006884	0.299620
3562.000000	0.004602	0.004651	0.314568
3564.000000	0.006656	0.006348	0.397657
3566.000000	0.004535	0.004481	0.316271
3568.000000	0.005746	0.006415	0.306244
3570.000000	0.004440	0.004613	0.393800
3572.000000	0.004549	0.004422	0.299221
3574.000000	0.004554	0.004098	0.389239
3576.000000	0.004929	0.004976	0.387629
3578.000000	0.008004	0.008018	0.343702
3580.000000	0.006858	0.006375	0.283447
3582.000000	0.005137	0.004923	0.188602
3584.000000	0.006210	0.005860	0.252726
3586.000000	0.003809	0.003769	0.330679
3588.000000	0.004987	0.004761	0.422901
3590.000000	0.005750	0.005683	0.399151
3592.000000	0.004718	0.004792	0.292522
3594.000000	0.005253	0.005245	0.300553
3596.000000	0.004232	0.004193	0.310501
3598.000000	0.003775	0.003600	0.267687
3600.000000	0.004095	0.004143	0.231376
3602.000000	0.004216	0.004405	0.324831
3604.000000	0.005244	0.005110	0.388781
3606.000000	0.003467	0.003388	0.379095
3608.000000	0.002831	0.003029	0.298565
3610.000000	0.002397	0.002750	0.299517
3612.000000	0.002827	0.002732	0.393976
3614.000000	0.002716	0.002754	0.355689
3616.000000	0.002103	0.002314	0.487654
3618.000000	0.002099	0.002244	0.405275
3620.000000	0.002088	0.001793	0.344134
3622.000000	0.001833	0.001819	0.350155
3624.000000	0.002157	0.002081	0.388983
3626.000000	0.002675	0.002353	0.383333
3628.000000	0.002420	0.002312	0.370227
3630.000000	0.002435	0.002563	0.539271
3632.000000	0.003333	0.002772	0.582220
3634.000000	0.003312	0.003276	0.419315
3636.000000	0.004127	0.003762	0.296619
3638.000000	0.010052	0.009073	0.531957
3640.000000	0.012352	0.012737	0.404853
3642.000000	0.021067	0.022599	0.570996
3644.000000	0.037157	0.038888	0.459479
3646.000000	0.027588	0.025751	0.427536
3648.000000	0.053556	0.047997	1.185014
3650.000000	0.058573	0.052070	0.480704
3652.000000	0.029336	0.027898	0.351855
3654.000000	0.023347	0.022021	0.201737
3656.000000	0.032822	0.035069	0.585763
3658.000000	0.030658	0.031450	0.407241
3660.000000	0.047512	0.044124	0.867199
3662.000000	0.022350	0.021460	0.633987
3664.000000	0.031572	0.028628	0.623170
3666.000000	0.027707	0.027995	0.351946
3668.000000	0.027600	0.023842	0.826679
3670.000000	0.018439	0.019557	0.380282
3672.000000	0.020636	0.019728	0.788956
3674.000000	0.020301	0.019992	0.504311
3676.000000	0.020249	0.021370	0.304910
3678.000000	0.019947	0.019698	0.559342
3680.000000	0.022568	0.023007	0.496412
3682.000000	0.039850	0.040094	0.333255
3684.000000	0.019784	0.018880	0.715265
3686.000000	0.032772	0.029811	0.915869
3688.000000	0.030417	0.031378	0.593770
3690.000000	0.018431	0.020549	0.664530
3692.000000	0.023289	0.028030	0.587114
3694.000000	0.031508	0.030929	0.187018
3696.000000	0.029229	0.026442	0.674204
3698.000000	0.028223	0.029229	0.200530
3700.000000	0.030269	0.030262	1.002946
3702.000000	0.046472	0.043346	0.615004
3704.000000	0.043947	0.044343	0.424248
3706.000000	0.039263	0.038731	0.595822
3708.000000	0.069828	0.066849	0.432477
3710.000000	0.066192	0.066865	0.430440
3712.000000	0.057516	0.059038	0.891866
3714.000000	0.057814	0.054744	0.870169
3716.000000	0.045147	0.048589	1.126493
3718.000000	0.052990	0.052519	1.120812
3720.000000	0.045712	0.047285	0.682426
3722.000000	0.043310	0.038552	0.914856
3724.000000	0.046750	0.053662	0.657766
3726.000000	0.048897	0.049129	0.839651
3728.000000	0.067347	0.074464	0.634550
3730.000000	0.061357	0.057758	0.753833
3732.000000	0.057313	0.059530	0.559802
3734.000000	0.045898	0.041900	0.494366
3736.000000	0.030880	0.030658	0.506418
3738.000000	0.043388	0.043206	0.537889
3740.000000	0.041707	0.043823	0.703278
3742.000000	0.026319	0.025236	0.261725
3744.000000	0.032947	0.031302	0.813148
3746.000000	0.034958	0.034682	0.558288
3748.000000	0.047759	0.046811	1.204744
3750.000000	0.051588	0.050964	0.241803
3752.000000	0.065438	0.065600	0.657932
3754.000000	0.075097	0.079727	0.654282
3756.000000	0.059884	0.051186	0.361032
3758.000000	0.058285	0.056933	1.093973
3760.000000	0.090075	0.078610	1.255274
3762.000000	0.090040	0.083235	0.338656
3764.000000	0.079820	0.075148	0.515020
3766.000000	0.051615	0.055755	1.327740
3768.000000	0.072790	0.083814	0.638424
3770.000000	0.101429	0.096225	0.687656
3772.000000	0.086300	0.085225	0.424779
3774.000000	0.081993	0.083686	0.617710
3776.000000	0.086259	0.077643	2.236385
3778.000000	0.045611	0.042579	0.930505
3780.000000	0.044921	0.041340	1.153793
3782.000000	0.033320	0.032523	1.194210
3784.000000	0.032601	0.032083	0.825332
3786.000000	0.030937	0.031424	0.973384
3788.000000	0.034713	0.036827	1.211544
3790.000000	0.026106	0.023874	0.624414
3792.000000	0.029728	0.030374	0.947285
3794.000000	0.024823	0.026143	0.650770
3796.000000	0.024197	0.023008	0.405496
3798.000000	0.024733	0.021574	0.532616
3800.000000	0.039223	0.038158	0.595235
3802.000000	0.033379	0.031447	0.892701
3804.000000	0.031467	0.033580	1.016565
3806.000000	0.033637	0.030682	0.649604
3808.000000	0.035031	0.033395	0.582453
3810.000000	0.033603	0.034347	1.022205
3812.000000	0.034662	0.031983	0.781328
3814.000000	0.031421	0.025423	1.079788
3816.000000	0.029684	0.027717	0.902051
3818.000000	0.029290	0.025791	0.703176
3820.000000	0.028906	0.030595	0.819274
3822.000000	0.030762	0.029120	0.525492
3824.000000	0.028009	0.030345	0.941982
3826.000000	0.022471	0.023356	0.914888
3828.000000	0.024807	0.024479	1.381343
3830.000000	0.026129	0.025796	1.323927
3832.000000	0.025560	0.026912	1.240016
3834.000000	0.027982	0.025609	1.410239
3836.000000	0.027010	0.026333	1.068782
3838.000000	0.026314	0.026417	1.002861
3840.000000	0.026840	0.025765	1.531747
3842.000000	0.027561	0.023949	1.082440
3844.000000	0.033579	0.030649	0.417530
3846.000000	0.029153	0.028548	0.980829
3848.000000	0.032023	0.033525	1.727906
3850.000000	0.030684	0.029539	1.002791
3852.000000	0.034520	0.033416	1.231251
3854.000000	0.035487	0.035633	1.576020
3856.000000	0.040611	0.041235	1.601826
3858.000000	0.035884	0.033385	0.954597
3860.000000	0.040453	0.043462	2.006916
3862.000000	0.044932	0.044890	1.421236
3864.000000	0.047864	0.044092	1.160783
3866.000000	0.043360	0.041901	1.791516
3868.000000	0.045407	0.042717	1.345630
3870.000000	0.047018	0.043459	1.451402
3872.000000	0.051703	0.052357	3.056725
3874.000000	0.051598	0.047959	1.638821
3876.000000	0.056164	0.055536	1.405290
3878.000000	0.048200	0.053297	1.368260
3880.000000	0.047842	0.045221	1.658855
3882.000000	0.054527	0.050781	0.445368
3884.000000	0.041306	0.035794	0.910143
3886.000000	0.041779	0.042111	1.441495
3888.000000	0.050020	0.046577	1.400221
3890.000000	0.044450	0.046673	1.251858
3892.000000	0.041408	0.047395	2.408742
3894.000000	0.046652	0.044667	0.451047
3896.000000	0.044147	0.041887	0.898381
3898.000000	0.051284	0.052287	3.659370
3900.000000	0.044429	0.053369	2.256828
3902.000000	0.048986	0.050977	0.937026
3904.000000	0.046635	0.045375	2.861254
3906.000000	0.047871	0.047271	1.196869
3908.000000	0.048083	0.053525	1.990337
3910.000000	0.047409	0.049767	1.696952
3912.000000	0.051397	0.055512	0.685556
3914.000000	0.044247	0.040960	2.088126
3916.000000	0.049822	0.046082	0.398382
3918.000000	0.050957	0.047935	1.168825
3920.000000	0.057718	0.053273	0.683173
3922.000000	0.067209	0.066786	1.218381
3924.000000	0.075575	0.095248	2.131614
3926.000000	0.066222	0.066992	2.206604
3928.000000	0.066707	0.068798	1.154294
3930.000000	0.051001	0.053054	1.054933
3932.000000	0.057526	0.054919	2.823581
3934.000000	0.055515	0.053067	2.379284
3936.000000	0.049089	0.042964	2.413952
3938.000000	0.048831	0.044246	5.019741
3940.000000	0.043101	0.043501	2.552395
3942.000000	0.043658	0.045031	1.018314
3944.000000	0.037454	0.036709	0.785557
3946.000000	0.040632	0.042394	2.748048
3948.000000	0.044389	0.048055	1.658985
3950.000000	0.035076	0.031174	1.678665
3952.000000	0.038605	0.035681	1.748625
3954.000000	0.039995	0.040063	1.534908
3956.000000	0.038699	0.038745	2.111174
3958.000000	0.042129	0.040530	2.234614
3960.000000	0.046278	0.054460	2.023399
3962.000000	0.047437	0.043554	1.361975
3964.000000	0.039662	0.039530	2.193944
3966.000000	0.046447	0.048548	5.460572
3968.000000	0.040838	0.041382	1.733550
3970.000000	0.042569	0.055578	1.051412
3972.000000	0.043445	0.041153	1.707450
3974.000000	0.044968	0.040611	2.867967
3976.000000	0.042582	0.039925	1.322940
3978.000000	0.039707	0.037070	2.944778
3980.000000	0.045213	0.046562	2.369958
3982.000000	0.049033	0.048459	4.795969
3984.000000	0.042133	0.050180	1.230895
3986.000000	0.051683	0.044894	2.414934
3988.000000	0.047998	0.046687	6.951538
3990.000000	0.041850	0.040071	2.238942
3992.000000	0.050675	0.049368	4.222935
3994.000000	0.048327	0.046243	4.349729
3996.000000	0.049543	0.043952	2.335310
3998.000000	0.050936	0.049807	2.773238
4000.000000	0.049293	0.047043	0.353469
4002.000000	0.045275	0.048186	1.965203
4004.000000	0.051142	0.051427	0.768345
4006.000000	0.055931	0.059140	1.615804
4008.000000	0.047533	0.051098	1.482452
4010.000000	0.050489	0.051947	1.839753
4012.000000	0.052694	0.051434	1.991983
4014.000000	0.055582	0.052940	2.848458
4016.000000	0.052343	0.051951	0.856295
4018.000000	0.046593	0.042139	2.834311
4020.000000	0.050957	0.047656	2.495186
4022.000000	0.049309	0.045994	1.762971
4024.000000	0.059562	0.056762	2.579091
4026.000000	0.053400	0.050531	1.619522
4028.000000	0.050631	0.047861	3.534125
4030.000000	0.052544	0.048245	2.149482
4032.000000	0.058422	0.059481	2.755376
4034.000000	0.049669	0.051350	2.318946
4036.000000	0.057738	0.056825	4.309314
4038.000000	0.067335	0.065272	2.198917
4040.000000	0.069239	0.065119	1.736771
4042.000000	0.068915	0.071140	3.313121
4044.000000	0.081173	0.076249	3.650847
4046.000000	0.080537	0.075500	3.521613
4048.000000	0.075388	0.070544	3.549778
4050.000000	0.085611	0.083217	2.200391
4052.000000	0.078024	0.085412	2.292485
4054.000000	0.057722	0.065115	1.717803
4056.000000	0.061755	0.061987	1.992381
4058.000000	0.065800	0.066810	3.910202
4060.000000	0.103688	0.108015	5.040203
4062.000000	0.073319	0.072633	2.553293
4064.000000	0.117086	0.144163	2.549269
4066.000000	0.112034	0.112995	3.208987
4068.000000	0.151306	0.156964	2.569529
4070.000000	0.173789	0.158613	4.611981
4072.000000	0.176492	0.165986	3.970955
4074.000000	0.224875	0.226497	2.681945
4076.000000	0.177489	0.172158	2.621577
4078.000000	0.236918	0.224005	2.665388
4080.000000	0.279439	0.260336	2.614748
4082.000000	0.232079	0.225947	4.984353
4084.000000	0.226536	0.228872	4.261059
4086.000000	0.222120	0.198820	3.707308
4088.000000	0.214162	0.198287	3.330502
4090.000000	0.289734	0.271927	2.325370
4092.000000	0.266484	0.260599	2.921122
4094.000000	0.326139	0.303031	5.303521
4096.000000	0.366474	0.367541	3.959405
4098.000000	0.342162	0.330386	5.384861
4100.000000	0.394836	0.404065	3.249371
4102.000000	0.432782	0.409659	2.759094
4104.000000	0.414338	0.408755	1.691641
4106.000000	0.461289	0.441463	2.525949
4108.000000	0.361050	0.350508	2.629465
4110.000000	0.425534	0.425995	1.803703
4112.000000	0.323331	0.300155	2.159074
4114.000000	0.418194	0.447826	2.830659
4116.000000	0.508583	0.547491	4.247433
4118.000000	0.523065	0.511158	3.993314
4120.000000	0.390843	0.328546	2.948957
4122.000000	0.393375	0.444550	1.645813
4124.000000	0.328964	0.317173	4.260602
4126.000000	0.282424	0.321065	5.463439
4128.000000	0.262879	0.247743	3.033415
4130.000000	0.231719	0.217596	1.568243
4132.000000	0.208867	0.209953	7.590768
4134.000000	0.212018	0.205296	4.600457
4136.000000	0.158973	0.150936	3.316353
4138.000000	0.167722	0.183154	2.069142
4140.000000	0.153482	0.164024	3.480880
4142.000000	0.154873	0.149360	3.993323
4144.000000	0.129436	0.135145	5.628034
4146.000000	0.108026	0.105711	3.614164
4148.000000	0.119982	0.103987	3.582600
4150.000000	0.102583	0.088643	6.018267
4152.000000	0.084069	0.075022	2.389551
4154.000000	0.084812	0.092676	3.146906
4156.000000	0.078343	0.091866	2.459540
4158.000000	0.077816	0.073361	4.274636
4160.000000	0.080189	0.082567	7.475944
4162.000000	0.071618	0.073613	3.445497
4164.000000	0.073553	0.070836	2.635123
4166.000000	0.072633	0.076856	13.156753
4168.000000	0.065653	0.069482	2.558601
4170.000000	0.067891	0.065922	2.956114
4172.000000	0.063101	0.072915	5.234878
4174.000000	0.057260	0.058213	2.315203
4176.000000	0.058014	0.054246	0.730426
4178.000000	0.066319	0.068841	2.436087
4180.000000	0.069902	0.064247	3.356093
4182.000000	0.060619	0.058612	3.186544
4184.000000	0.062595	0.068831	4.424078
4186.000000	0.058775	0.057416	3.662390
4188.000000	0.063799	0.062694	11.698784
4190.000000	0.061404	0.062730	2.187684
4192.000000	0.062451	0.059285	4.511681
4194.000000	0.064252	0.068804	3.154606
4196.000000	0.052216	0.054343	3.546855
4198.000000	0.065119	0.061250	2.962792
4200.000000	0.062849	0.063028	7.777968
4202.000000	0.064187	0.064648	2.145671
4204.000000	0.063860	0.065510	5.454990
4206.000000	0.063752	0.055160	3.212619
4208.000000	0.059488	0.057192	3.626244
4210.000000	0.067138	0.066468	2.012785
4212.000000	0.075688	0.071334	3.598607
4214.000000	0.066633	0.060144	1.615571
4216.000000	0.067493	0.070449	0.483399
4218.000000	0.064084	0.069130	2.156358
4220.000000	0.067412	0.067638	6.888953
4222.000000	0.061911	0.063210	4.788411
4224.000000	0.067145	0.059361	2.617824
4226.000000	0.052170	0.046157	2.539269
4228.000000	0.061193	0.057774	2.637342
4230.000000	0.062234	0.067472	2.728212
4232.000000	0.067488	0.067817	1.117579
4234.000000	0.058691	0.054350	2.467770
4236.000000	0.064683	0.071064	3.093531
4238.000000	0.059710	0.058393	4.156875
4240.000000	0.055931	0.049099	2.416987
4242.000000	0.056581	0.065094	2.716445
4244.000000	0.057124	0.055457	4.298329
4246.000000	0.054672	0.051773	2.376370
4248.000000	0.057722	0.059627	2.615273
4250.000000	0.055180	0.054332	2.963774
4252.000000	0.054945	0.063676	1.764111
4254.000000	0.064480	0.066432	1.439153
4256.000000	0.062655	0.065302	3.093267
4258.000000	0.052989	0.056537	2.340677
4260.000000	0.061182	0.058770	1.995779
4262.000000	0.060132	0.061774	2.494062
4264.000000	0.064649	0.061880	2.392121
4266.000000	0.062434	0.067912	5.251125
4268.000000	0.063602	0.065586	2.204386
4270.000000	0.059169	0.058500	3.069138
4272.000000	0.071593	0.079360	1.540954
4274.000000	0.069497	0.077389	2.163531
4276.000000	0.066694	0.075453	2.948137
4278.000000	0.065461	0.064760	1.851172
4280.000000	0.056019	0.055458	2.398901
4282.000000	0.062504	0.076459	4.212863
4284.000000	0.060621	0.059634	2.310199
4286.000000	0.062376	0.060899	1.603366
4288.000000	0.062636	0.056436	1.865704
4290.000000	0.060098	0.062628	2.204269
4292.000000	0.059005	0.057492	1.796137
4294.000000	0.062048	0.056820	2.165134
4296.000000	0.070331	0.073198	1.871068
4298.000000	0.076721	0.074007	3.407751
4300.000000	0.063344	0.058934	3.773744
4302.000000	0.065199	0.070352	1.964006
4304.000000	0.059572	0.060959	2.959691
4306.000000	0.064602	0.068743	4.030797
4308.000000	0.072809	0.075720	2.484909
4310.000000	0.064991	0.061550	2.494163
4312.000000	0.061377	0.051175	2.682857
4314.000000	0.064333	0.059762	3.305869
4316.000000	0.085650	0.087493	2.355279
4318.000000	0.059852	0.062912	2.306479
4320.000000	0.066079	0.063397	1.795318
4322.000000	0.066967	0.067292	1.172244
4324.000000	0.071385	0.068252	2.700676
4326.000000	0.066992	0.064708	2.274365
4328.000000	0.078660	0.075939	2.137657
4330.000000	0.059231	0.056225	2.734852
4332.000000	0.063831	0.071754	1.219203
4334.000000	0.057291	0.051677	3.346707
4336.000000	0.060735	0.053257	2.506793
4338.000000	0.058807	0.061008	1.800939
4340.000000	0.054642	0.054078	3.125383
4342.000000	0.058615	0.051803	3.024813
4344.000000	0.058031	0.059074	2.944183
4346.000000	0.059992	0.063456	2.263323
4348.000000	0.054959	0.059684	1.659528
4350.000000	0.052634	0.059162	3.310384
4352.000000	0.050220	0.045797	1.618406
4354.000000	0.060924	0.059767	3.264671
4356.000000	0.053032	0.053419	2.954555
4358.000000	0.064641	0.067482	2.709531
4360.000000	0.054902	0.053531	2.392222
4362.000000	0.054839	0.052459	1.764821
4364.000000	0.059843	0.061719	2.825150
4366.000000	0.059543	0.054677	3.263628
4368.000000	0.058104	0.057444	1.748223
4370.000000	0.053482	0.048530	3.189410
4372.000000	0.052648	0.053401	1.293202
4374.000000	0.055361	0.058331	3.175807
4376.000000	0.061087	0.059763	4.731347
4378.000000	0.059321	0.057644	2.411345
4380.000000	0.052612	0.053757	3.456433
4382.000000	0.073843	0.079673	3.495515
4384.000000	0.063348	0.061256	3.564741
4386.000000	0.063291	0.070023	3.451041
4388.000000	0.069207	0.068507	2.821490
4390.000000	0.058620	0.054271	1.834089
4392.000000	0.062415	0.064644	3.329214
4394.000000	0.072786	0.062927	2.078135
4396.000000	0.064998	0.063814	1.986836
4398.000000	0.069160	0.071767	3.230728
4400.000000	0.062075	0.055988	3.113737
4402.000000	0.050341	0.054383	2.321641
4404.000000	0.050798	0.047311	1.858336
4406.000000	0.067418	0.070256	2.881843
4408.000000	0.062359	0.058211	3.372584
4410.000000	0.059999	0.052182	4.805370
4412.000000	0.060101	0.063152	3.099360
4414.000000	0.060037	0.058047	3.102463
4416.000000	0.059275	0.059811	1.497976
4418.000000	0.062793	0.064945	3.070230
4420.000000	0.058062	0.058386	4.419521
4422.000000	0.071233	0.065194	2.306115
4424.000000	0.067431	0.060498	2.939699
4426.000000	0.064918	0.066077	3.530698
4428.000000	0.084623	0.084520	2.950484
4430.000000	0.081629	0.077820	2.888151
4432.000000	0.076696	0.073738	4.758998
4434.000000	0.080644	0.078725	3.643772
4436.000000	0.102590	0.104283	2.596718
4438.000000	0.085282	0.095998	1.977404
4440.000000	0.061512	0.071607	3.727582
4442.000000	0.116226	0.126047	3.615071
4444.000000	0.119587	0.130355	0.926432
4446.000000	0.153414	0.159482	2.563597
4448.000000	0.076521	0.078527	5.365347
4450.000000	0.085167	0.088229	2.722517
4452.000000	0.149076	0.132460	2.576789
4454.000000	0.139413	0.133452	2.438422
4456.000000	0.165972	0.147312	3.574492
4458.000000	0.171695	0.154248	1.774793
4460.000000	0.199680	0.213170	2.488717
4462.000000	0.236258	0.201270	4.564610
4464.000000	0.234766	0.230539	2.861036
4466.000000	0.320468	0.293120	6.520409
4468.000000	0.355117	0.356445	5.617947
4470.000000	0.299090	0.288407	2.780951
4472.000000	0.323182	0.307793	4.346448
4474.000000	0.222899	0.234433	2.897940
4476.000000	0.302114	0.302362	4.158705
4478.000000	0.349473	0.350904	2.429325
4480.000000	0.309132	0.307332	3.114971
4482.000000	0.231462	0.231675	3.700729
4484.000000	0.300068	0.277797	4.069586
4486.000000	0.314154	0.296919	2.053268
4488.000000	0.362738	0.329428	3.068981
4490.000000	0.388411	0.365738	4.547725
4492.000000	0.222319	0.214094	2.364056
4494.000000	0.168328	0.172076	1.799314
4496.000000	0.153479	0.158693	2.917119
4498.000000	0.109362	0.098706	4.259840
4500.000000	0.096740	0.102143	2.272760
4502.000000	0.101202	0.095723	2.826319
4504.000000	0.088238	0.089315	2.020435
4506.000000	0.089349	0.085368	2.154443
4508.000000	0.085342	0.086567	3.060759
4510.000000	0.090940	0.089280	3.577511
4512.000000	0.082265	0.082126	3.641162
4514.000000	0.073593	0.070164	3.089296
4516.000000	0.066901	0.061981	2.495914
4518.000000	0.063936	0.058677	3.153577
4520.000000	0.061093	0.063246	3.836465
4522.000000	0.068832	0.063779	5.581738
4524.000000	0.053954	0.052359	3.119017
4526.000000	0.058440	0.054741	5.277141
4528.000000	0.057682	0.056005	3.694276
4530.000000	0.052651	0.053038	2.887164
4532.000000	0.051404	0.045539	1.547615
4534.000000	0.053488	0.059982	3.580146
4536.000000	0.053640	0.054284	3.082969
4538.000000	0.053770	0.057166	1.711330
4540.000000	0.054918	0.049425	4.773887
4542.000000	0.049795	0.049490	5.156533
4544.000000	0.054426	0.055057	4.748395
4546.000000	0.050330	0.054914	2.465235
4548.000000	0.050942	0.049421	3.898266
4550.000000	0.053389	0.052733	3.494063
4552.000000	0.046534	0.047269	3.257063
4554.000000	0.049645	0.046210	2.875068
4556.000000	0.048040	0.051312	4.355794
4558.000000	0.054563	0.056615	3.479514
4560.000000	0.051504	0.053185	3.317441
4562.000000	0.046996	0.054239	3.128360
4564.000000	0.046824	0.047291	2.276049
4566.000000	0.043709	0.040291	3.018095
4568.000000	0.047899	0.051328	3.344198
4570.000000	0.045354	0.045538	4.588256
4572.000000	0.049531	0.053897	3.032529
4574.000000	0.046502	0.056067	2.741248
4576.000000	0.045439	0.051216	4.432359
4578.000000	0.048243	0.049776	3.877174
4580.000000	0.045421	0.048846	3.104494
4582.000000	0.046180	0.044018	3.174327
4584.000000	0.047057	0.047811	4.095394
4586.000000	0.046613	0.044355	2.983742
4588.000000	0.050640	0.047742	4.667883
4590.000000	0.048042	0.044177	3.316885
4592.000000	0.047809	0.053302	4.181683
4594.000000	0.053474	0.057115	4.824535
4596.000000	0.045772	0.046709	3.599931
4598.000000	0.044588	0.044602	2.590878
4600.000000	0.046663	0.053820	3.695103
