

# Power to 16dBm, light off
# Scan parameters: power 16.000000 dBm, bandwidth 1.500000 Hz
# Frequency [MHz]	avg noise	std noise	peak value
3400.000000	0.001451	0.001491	0.255680
3402.000000	0.001430	0.001276	0.243684
3404.000000	0.001542	0.001402	0.208793
3406.000000	0.001302	0.001289	0.271293
3408.000000	0.001467	0.001516	0.268691
3410.000000	0.001395	0.001407	0.289736
3412.000000	0.001537	0.001550	0.279982
3414.000000	0.001208	0.001348	0.280613
3416.000000	0.001177	0.001198	0.286991
3418.000000	0.001326	0.001154	0.228844
3420.000000	0.001436	0.001535	0.252632
3422.000000	0.001432	0.001353	0.291455
3424.000000	0.001417	0.001344	0.291937
3426.000000	0.001487	0.001344	0.309952
3428.000000	0.001391	0.001384	0.258827
3430.000000	0.001273	0.001184	0.246707
3432.000000	0.001374	0.001320	0.272011
3434.000000	0.001700	0.001680	0.352320
3436.000000	0.001606	0.001737	0.298273
3438.000000	0.001427	0.001542	0.372720
3440.000000	0.001464	0.001477	0.233736
3442.000000	0.001411	0.001494	0.301006
3444.000000	0.001502	0.001522	0.311151
3446.000000	0.001547	0.001480	0.299570
3448.000000	0.001495	0.001428	0.322490
3450.000000	0.001765	0.001891	0.349650
3452.000000	0.001697	0.001779	0.277541
3454.000000	0.001572	0.001636	0.283233
3456.000000	0.001601	0.001467	0.261187
3458.000000	0.001571	0.001770	0.298127
3460.000000	0.001594	0.001369	0.321136
3462.000000	0.001380	0.001432	0.367268
3464.000000	0.001359	0.001449	0.332106
3466.000000	0.001627	0.001654	0.352480
3468.000000	0.001615	0.001526	0.315913
3470.000000	0.001527	0.001515	0.221371
3472.000000	0.001561	0.001558	0.258328
3474.000000	0.001478	0.001495	0.360289
3476.000000	0.001583	0.001747	0.301168
3478.000000	0.001687	0.001762	0.320462
3480.000000	0.001497	0.001585	0.275492
3482.000000	0.001403	0.001374	0.259865
3484.000000	0.001281	0.001357	0.298872
3486.000000	0.001583	0.001490	0.294460
3488.000000	0.001469	0.001366	0.317628
3490.000000	0.001502	0.001453	0.296560
3492.000000	0.001435	0.001458	0.324626
3494.000000	0.001547	0.001351	0.300761
3496.000000	0.001590	0.001549	0.272359
3498.000000	0.001350	0.001306	0.291340
3500.000000	0.001649	0.001744	0.257692
3502.000000	0.001655	0.001708	0.317260
3504.000000	0.001610	0.001653	0.273206
3506.000000	0.001493	0.001604	0.340680
3508.000000	0.001564	0.001421	0.306828
3510.000000	0.001607	0.001670	0.263242
3512.000000	0.001288	0.001589	0.326898
3514.000000	0.001552	0.001555	0.290156
3516.000000	0.001543	0.001682	0.342037
3518.000000	0.001566	0.001569	0.323242
3520.000000	0.001526	0.001671	0.264133
3522.000000	0.001352	0.001348	0.322230
3524.000000	0.001355	0.001352	0.244988
3526.000000	0.001569	0.001677	0.312822
3528.000000	0.001402	0.001502	0.303535
3530.000000	0.001399	0.001427	0.340227
3532.000000	0.001752	0.001824	0.257593
3534.000000	0.001400	0.001564	0.278674
3536.000000	0.001503	0.001711	0.309816
3538.000000	0.001628	0.001588	0.247497
3540.000000	0.001363	0.001554	0.284779
3542.000000	0.001541	0.001690	0.372353
3544.000000	0.001768	0.001711	0.305361
3546.000000	0.001471	0.001715	0.287216
3548.000000	0.001656	0.001659	0.298543
3550.000000	0.001452	0.001339	0.351661
3552.000000	0.001474	0.001632	0.288433
3554.000000	0.001604	0.001448	0.358028
3556.000000	0.001544	0.001625	0.353668
3558.000000	0.001620	0.001576	0.299367
3560.000000	0.001553	0.001512	0.246687
3562.000000	0.001469	0.001333	0.279906
3564.000000	0.001392	0.001417	0.296888
3566.000000	0.001356	0.001342	0.374857
3568.000000	0.001676	0.001756	0.318125
3570.000000	0.001842	0.001927	0.384821
3572.000000	0.001737	0.001835	0.309968
3574.000000	0.001683	0.001843	0.330465
3576.000000	0.001664	0.001558	0.304929
3578.000000	0.001489	0.001495	0.325326
3580.000000	0.001630	0.001605	0.341283
3582.000000	0.001638	0.001453	0.412960
3584.000000	0.001697	0.001772	0.300764
3586.000000	0.001596	0.001694	0.344936
3588.000000	0.001604	0.001524	0.326643
3590.000000	0.001545	0.001657	0.278362
3592.000000	0.001770	0.001758	0.416832
3594.000000	0.001580	0.001582	0.392939
3596.000000	0.001449	0.001323	0.339771
3598.000000	0.001650	0.001677	0.357732
3600.000000	0.001680	0.001876	0.305354
3602.000000	0.001660	0.001707	0.402381
3604.000000	0.001663	0.001745	0.315262
3606.000000	0.001776	0.001783	0.358287
3608.000000	0.001709	0.001825	0.396648
3610.000000	0.001691	0.001585	0.361348
3612.000000	0.001706	0.001677	0.357488
3614.000000	0.001649	0.001575	0.406832
3616.000000	0.001728	0.001977	0.385180
3618.000000	0.001651	0.001625	0.340356
3620.000000	0.001582	0.001432	0.315631
3622.000000	0.001757	0.001688	0.388408
3624.000000	0.001346	0.001316	0.381059
3626.000000	0.001837	0.001812	0.399361
3628.000000	0.001593	0.001627	0.386696
3630.000000	0.001879	0.001918	0.330211
3632.000000	0.001850	0.001722	0.316798
3634.000000	0.001673	0.001763	0.344157
3636.000000	0.002180	0.002207	0.381909
3638.000000	0.001741	0.001842	0.375309
3640.000000	0.001881	0.001808	0.453206
3642.000000	0.002192	0.002070	0.434710
3644.000000	0.002244	0.002505	0.348836
3646.000000	0.002313	0.002446	0.520929
3648.000000	0.002470	0.002360	0.502271
3650.000000	0.002318	0.002186	0.538351
3652.000000	0.002178	0.002067	0.455383
3654.000000	0.002605	0.002915	0.491994
3656.000000	0.002925	0.002997	0.471031
3658.000000	0.002855	0.002774	0.384366
3660.000000	0.002943	0.002964	0.576356
3662.000000	0.002592	0.002983	0.506207
3664.000000	0.002991	0.002721	0.465074
3666.000000	0.002913	0.003128	0.524926
3668.000000	0.003316	0.003140	0.506460
3670.000000	0.002773	0.002833	0.507695
3672.000000	0.003108	0.002932	0.505465
3674.000000	0.002844	0.002612	0.523595
3676.000000	0.003316	0.003101	0.545303
3678.000000	0.003545	0.003843	0.550321
3680.000000	0.003160	0.002821	0.548237
3682.000000	0.003733	0.003671	0.383823
3684.000000	0.003557	0.003777	0.536343
3686.000000	0.003955	0.003968	0.525809
3688.000000	0.003355	0.003045	0.509062
3690.000000	0.003494	0.002850	0.578402
3692.000000	0.003917	0.003926	0.633883
3694.000000	0.004428	0.004443	0.492116
3696.000000	0.004112	0.004327	0.433605
3698.000000	0.003921	0.003675	0.512393
3700.000000	0.003751	0.004375	0.620895
3702.000000	0.003809	0.004067	0.607233
3704.000000	0.003279	0.003113	0.431685
3706.000000	0.003420	0.003374	0.403811
3708.000000	0.003376	0.003017	0.460663
3710.000000	0.003238	0.003654	0.406588
3712.000000	0.003270	0.003439	0.513489
3714.000000	0.003562	0.003699	0.540243
3716.000000	0.003150	0.003483	0.644092
3718.000000	0.003233	0.003614	0.580371
3720.000000	0.003363	0.002879	0.559049
3722.000000	0.003177	0.003395	0.526196
3724.000000	0.003397	0.003853	0.436455
3726.000000	0.003860	0.004111	0.475730
3728.000000	0.003307	0.003213	0.592212
3730.000000	0.003126	0.003577	0.582603
3732.000000	0.003306	0.003008	0.427943
3734.000000	0.003433	0.003169	0.422460
3736.000000	0.003368	0.003200	0.486363
3738.000000	0.003000	0.003142	0.344254
3740.000000	0.003429	0.003466	0.618724
3742.000000	0.003087	0.003079	0.582518
3744.000000	0.003227	0.003210	0.758464
3746.000000	0.003005	0.002914	0.496072
3748.000000	0.003799	0.003851	0.424286
3750.000000	0.004200	0.004304	0.540189
3752.000000	0.004073	0.004205	0.646698
3754.000000	0.005037	0.005175	0.346113
3756.000000	0.004489	0.004348	0.687727
3758.000000	0.004109	0.004046	0.556884
3760.000000	0.005512	0.005771	0.712475
3762.000000	0.005040	0.005070	0.561693
3764.000000	0.004732	0.004522	0.503770
3766.000000	0.005366	0.005439	0.496090
3768.000000	0.004708	0.004340	0.760891
3770.000000	0.004850	0.004773	0.819629
3772.000000	0.005922	0.006341	0.970483
3774.000000	0.005484	0.006130	0.627115
3776.000000	0.005923	0.006070	0.679615
3778.000000	0.005411	0.005159	0.589758
3780.000000	0.006019	0.005981	0.508363
3782.000000	0.005272	0.005091	0.732753
3784.000000	0.007175	0.006614	0.542733
3786.000000	0.006106	0.006055	0.710638
3788.000000	0.006198	0.006064	0.631529
3790.000000	0.007293	0.006970	0.742212
3792.000000	0.006682	0.006214	0.923857
3794.000000	0.008050	0.008602	0.883117
3796.000000	0.007450	0.007348	0.906585
3798.000000	0.007152	0.007825	1.062060
3800.000000	0.008591	0.009423	0.963208
3802.000000	0.009250	0.008521	0.662372
3804.000000	0.009552	0.009285	0.661750
3806.000000	0.008902	0.008793	0.697884
3808.000000	0.009652	0.010449	0.967244
3810.000000	0.010713	0.010725	0.855653
3812.000000	0.010908	0.011811	0.857391
3814.000000	0.011674	0.011063	1.033540
3816.000000	0.011381	0.011436	1.111639
3818.000000	0.013654	0.011022	1.080174
3820.000000	0.015053	0.016712	0.962394
3822.000000	0.014380	0.014108	1.251047
3824.000000	0.014716	0.014027	1.128252
3826.000000	0.013304	0.013053	0.981101
3828.000000	0.014580	0.013614	1.103649
3830.000000	0.015511	0.015850	1.046863
3832.000000	0.016254	0.016198	1.012974
3834.000000	0.016241	0.015240	0.762887
3836.000000	0.016705	0.014410	1.233605
3838.000000	0.018555	0.017212	1.266081
3840.000000	0.018625	0.018029	1.060810
3842.000000	0.018844	0.017623	1.267249
3844.000000	0.018544	0.020040	0.944258
3846.000000	0.019888	0.019935	1.029129
3848.000000	0.020539	0.021605	1.503720
3850.000000	0.022548	0.019688	1.115105
3852.000000	0.019842	0.020537	0.824970
3854.000000	0.021594	0.020580	1.736600
3856.000000	0.020842	0.022060	1.438240
3858.000000	0.022535	0.021355	0.904638
3860.000000	0.021352	0.023632	2.207206
3862.000000	0.020836	0.020016	0.880060
3864.000000	0.023099	0.021323	1.387517
3866.000000	0.022278	0.020391	1.391068
3868.000000	0.022003	0.024788	1.052987
3870.000000	0.024731	0.027016	1.009450
3872.000000	0.026197	0.025678	1.266066
3874.000000	0.021824	0.020493	1.178390
3876.000000	0.023374	0.023346	1.781335
3878.000000	0.022217	0.019439	1.275881
3880.000000	0.022436	0.023206	1.719285
3882.000000	0.024202	0.024792	1.248936
3884.000000	0.021852	0.020641	1.205318
3886.000000	0.022480	0.022869	1.513384
3888.000000	0.021937	0.020583	1.784725
3890.000000	0.020068	0.018505	1.948913
3892.000000	0.021476	0.020502	1.756289
3894.000000	0.022793	0.024037	1.538859
3896.000000	0.022000	0.023329	1.234302
3898.000000	0.020306	0.020202	0.954327
3900.000000	0.020914	0.018158	0.845177
3902.000000	0.021105	0.021554	1.406242
3904.000000	0.022225	0.024585	0.889678
3906.000000	0.021572	0.021645	1.297561
3908.000000	0.022280	0.021916	1.995021
3910.000000	0.021026	0.021527	4.059486
3912.000000	0.020794	0.019714	1.686519
3914.000000	0.023414	0.022112	1.614805
3916.000000	0.021506	0.024263	0.437188
3918.000000	0.023592	0.021396	1.523256
3920.000000	0.022913	0.024145	1.092102
3922.000000	0.024266	0.024464	5.622667
3924.000000	0.022039	0.024452	1.891892
3926.000000	0.019558	0.017838	0.465820
3928.000000	0.024409	0.023702	1.944581
3930.000000	0.021686	0.021739	1.543751
3932.000000	0.027501	0.028057	4.035569
3934.000000	0.025071	0.025871	0.860161
3936.000000	0.023942	0.022103	1.471750
3938.000000	0.023363	0.024636	1.137797
3940.000000	0.023152	0.022280	1.352578
3942.000000	0.028850	0.029837	2.353423
3944.000000	0.032376	0.033505	2.942108
3946.000000	0.034839	0.033597	1.835703
3948.000000	0.031127	0.035640	2.155614
3950.000000	0.029072	0.027509	1.669564
3952.000000	0.026638	0.024326	1.480806
3954.000000	0.025566	0.027074	1.962218
3956.000000	0.028284	0.032958	1.525374
3958.000000	0.026820	0.025986	1.432659
3960.000000	0.029141	0.026961	2.394720
3962.000000	0.029477	0.030091	1.853701
3964.000000	0.030166	0.035550	1.828444
3966.000000	0.026379	0.024776	2.570259
3968.000000	0.031069	0.029343	3.110495
3970.000000	0.032733	0.030729	1.759322
3972.000000	0.030789	0.033240	4.470929
3974.000000	0.028740	0.028620	1.973560
3976.000000	0.029257	0.028958	2.996854
3978.000000	0.031225	0.032018	2.524917
3980.000000	0.035653	0.036524	2.811616
3982.000000	0.031321	0.031217	4.766393
3984.000000	0.027846	0.030349	2.571787
3986.000000	0.034227	0.036094	2.972993
3988.000000	0.030439	0.029786	2.182473
3990.000000	0.029866	0.031605	2.088755
3992.000000	0.031988	0.036038	1.899298
3994.000000	0.025706	0.024452	1.506331
3996.000000	0.028551	0.026718	2.031281
3998.000000	0.032763	0.034751	1.174072
4000.000000	0.033604	0.034251	1.252029
4002.000000	0.030565	0.030617	2.799000
4004.000000	0.032434	0.037074	0.962137
4006.000000	0.036223	0.046204	2.158107
4008.000000	0.036031	0.039629	2.244100
4010.000000	0.032248	0.029846	3.230514
4012.000000	0.031617	0.033408	2.643520
4014.000000	0.034812	0.034774	2.828535
4016.000000	0.034050	0.034497	2.468842
4018.000000	0.032918	0.034572	2.485499
4020.000000	0.034483	0.038933	1.945724
4022.000000	0.029642	0.032961	2.046011
4024.000000	0.034740	0.034209	2.243755
4026.000000	0.035540	0.033292	2.374234
4028.000000	0.034433	0.032220	2.017373
4030.000000	0.034050	0.032137	1.939991
4032.000000	0.038023	0.035604	3.154010
4034.000000	0.043071	0.046009	2.604789
4036.000000	0.036119	0.038249	2.941953
4038.000000	0.030703	0.030845	2.719313
4040.000000	0.033696	0.038564	2.726886
4042.000000	0.032454	0.034294	2.249179
4044.000000	0.039355	0.039285	2.389405
4046.000000	0.034086	0.034347	1.880977
4048.000000	0.036990	0.037903	3.607845
4050.000000	0.036899	0.042995	2.586845
4052.000000	0.034520	0.039485	1.970240
4054.000000	0.039945	0.041033	2.973668
4056.000000	0.036886	0.038290	2.270544
4058.000000	0.039696	0.040706	2.879107
4060.000000	0.043731	0.040276	2.348221
4062.000000	0.035008	0.030067	2.634235
4064.000000	0.043470	0.044395	3.105445
4066.000000	0.035433	0.033195	3.538281
4068.000000	0.041350	0.048440	2.241081
4070.000000	0.039045	0.038835	2.243833
4072.000000	0.040856	0.039121	3.158975
4074.000000	0.038951	0.037284	3.549964
4076.000000	0.037056	0.039463	3.112962
4078.000000	0.043356	0.040932	2.525514
4080.000000	0.038936	0.040356	3.071049
4082.000000	0.044603	0.048989	4.988705
4084.000000	0.041268	0.043278	4.410238
4086.000000	0.044251	0.044526	3.419294
4088.000000	0.039087	0.042725	3.337157
4090.000000	0.043896	0.042106	3.385456
4092.000000	0.039379	0.039876	3.549653
4094.000000	0.042569	0.037753	2.042124
4096.000000	0.042434	0.044836	3.013663
4098.000000	0.045287	0.043847	3.301750
4100.000000	0.042344	0.040585	3.457261
4102.000000	0.038223	0.042335	3.149312
4104.000000	0.040383	0.041405	4.094756
4106.000000	0.045106	0.044923	3.229931
4108.000000	0.041830	0.041849	2.983131
4110.000000	0.046058	0.048724	2.340182
4112.000000	0.040138	0.040314	2.428758
4114.000000	0.046239	0.047530	3.849597
4116.000000	0.046878	0.047265	3.156537
4118.000000	0.044858	0.048174	2.981503
4120.000000	0.039208	0.040425	2.986071
4122.000000	0.039509	0.040155	3.299460
4124.000000	0.045023	0.043515	3.889611
4126.000000	0.042251	0.045489	3.944936
4128.000000	0.039858	0.039275	2.714951
4130.000000	0.043287	0.043510	3.205596
4132.000000	0.041712	0.045495	3.633299
4134.000000	0.043661	0.046200	2.549758
4136.000000	0.039426	0.039275	2.785263
4138.000000	0.039969	0.039935	5.041241
4140.000000	0.042431	0.038803	3.374051
4142.000000	0.045958	0.045302	3.354773
4144.000000	0.047230	0.046237	2.206474
4146.000000	0.042705	0.043638	3.153711
4148.000000	0.044763	0.040299	5.103269
4150.000000	0.036882	0.039278	4.499223
4152.000000	0.038237	0.040389	2.895295
4154.000000	0.044664	0.045726	5.409819
4156.000000	0.037453	0.037528	3.155580
4158.000000	0.044928	0.050153	2.170424
4160.000000	0.037999	0.042433	4.801336
4162.000000	0.043295	0.054913	2.350432
4164.000000	0.048906	0.049444	1.885193
4166.000000	0.041511	0.044220	1.182022
4168.000000	0.043333	0.044612	2.524514
4170.000000	0.040696	0.037733	4.327250
4172.000000	0.046674	0.048741	1.297003
4174.000000	0.043148	0.049315	3.254900
4176.000000	0.044868	0.050952	2.764003
4178.000000	0.046370	0.050847	3.118651
4180.000000	0.039481	0.040541	3.424670
4182.000000	0.045540	0.047528	3.988145
4184.000000	0.042451	0.042554	2.975373
4186.000000	0.046048	0.055512	3.547664
4188.000000	0.048330	0.050803	6.632165
4190.000000	0.041195	0.044896	1.645242
4192.000000	0.043123	0.056868	3.298028
4194.000000	0.039560	0.037750	1.467611
4196.000000	0.041560	0.041585	2.832049
4198.000000	0.040835	0.039028	6.261516
4200.000000	0.041298	0.046610	2.420033
4202.000000	0.043720	0.043603	2.999559
4204.000000	0.038180	0.035780	1.988169
4206.000000	0.047181	0.048081	2.368280
4208.000000	0.043911	0.044657	2.651545
4210.000000	0.043908	0.040663	3.986232
4212.000000	0.045861	0.047452	3.389687
4214.000000	0.049930	0.050754	2.855802
4216.000000	0.043228	0.044549	4.301273
4218.000000	0.046192	0.040322	2.135285
4220.000000	0.048112	0.047106	1.575364
4222.000000	0.048681	0.049216	6.395292
4224.000000	0.046120	0.045732	2.992721
4226.000000	0.045456	0.047481	0.816141
4228.000000	0.049360	0.050150	1.762621
4230.000000	0.043320	0.043198	3.197468
4232.000000	0.043969	0.044261	1.880335
4234.000000	0.039842	0.039626	3.866396
4236.000000	0.050434	0.053516	2.248707
4238.000000	0.046317	0.046322	2.689305
4240.000000	0.043852	0.050958	3.289868
4242.000000	0.047063	0.044235	3.582904
4244.000000	0.045397	0.050888	3.243407
4246.000000	0.048434	0.046631	2.648968
4248.000000	0.043286	0.040613	2.641494
4250.000000	0.057288	0.058773	1.436037
4252.000000	0.053489	0.052236	3.080627
4254.000000	0.048873	0.051923	2.026688
4256.000000	0.047772	0.053945	2.168337
4258.000000	0.045403	0.044249	2.706624
4260.000000	0.050837	0.048789	3.555902
4262.000000	0.047691	0.048316	2.759104
4264.000000	0.049167	0.048058	2.992829
4266.000000	0.049038	0.047713	1.344648
4268.000000	0.047416	0.050515	2.177257
4270.000000	0.045082	0.041511	2.798452
4272.000000	0.045507	0.048364	4.000912
4274.000000	0.052127	0.052785	1.939175
4276.000000	0.051651	0.051103	3.457857
4278.000000	0.058507	0.059061	2.566995
4280.000000	0.060631	0.061858	2.569512
4282.000000	0.066095	0.060846	1.454964
4284.000000	0.064132	0.056373	1.658934
4286.000000	0.057873	0.062566	2.497008
4288.000000	0.051471	0.052147	2.631325
4290.000000	0.057736	0.052804	2.027742
4292.000000	0.055391	0.062248	2.364286
4294.000000	0.048099	0.051928	3.100069
4296.000000	0.045315	0.046271	2.152988
4298.000000	0.050282	0.050824	2.677659
4300.000000	0.047861	0.040958	2.022641
4302.000000	0.040104	0.033945	2.443561
4304.000000	0.041000	0.040696	2.878292
4306.000000	0.047754	0.049484	2.446371
4308.000000	0.042333	0.041733	2.252254
4310.000000	0.042600	0.042036	2.741953
4312.000000	0.042135	0.043988	1.763229
4314.000000	0.043036	0.043301	2.452390
4316.000000	0.044874	0.040592	2.947910
4318.000000	0.045029	0.040362	2.329188
4320.000000	0.042985	0.039522	4.362429
4322.000000	0.046962	0.044206	2.278126
4324.000000	0.039742	0.042237	3.133569
4326.000000	0.046952	0.042690	2.953804
4328.000000	0.042295	0.051155	2.252809
4330.000000	0.045816	0.044907	2.352940
4332.000000	0.047711	0.043015	3.053264
4334.000000	0.045298	0.046195	3.073178
4336.000000	0.043043	0.048203	2.170507
4338.000000	0.049332	0.051780	2.587031
4340.000000	0.045969	0.042550	3.023875
4342.000000	0.045201	0.046442	2.155186
4344.000000	0.041473	0.036967	2.284326
4346.000000	0.047225	0.048723	2.762888
4348.000000	0.038310	0.037036	3.043442
4350.000000	0.043055	0.038132	2.864406
4352.000000	0.042313	0.040888	3.228381
4354.000000	0.039972	0.036921	2.214715
4356.000000	0.038284	0.040237	2.830842
4358.000000	0.041416	0.045737	3.114830
4360.000000	0.044570	0.043324	2.423828
4362.000000	0.046247	0.045639	2.746160
4364.000000	0.040734	0.038724	2.411652
4366.000000	0.036095	0.034129	3.018599
4368.000000	0.044180	0.047746	2.040705
4370.000000	0.039960	0.039978	3.398346
4372.000000	0.044121	0.039632	4.238010
4374.000000	0.046695	0.047202	3.053684
4376.000000	0.046119	0.049090	4.190385
4378.000000	0.047124	0.048093	2.458112
4380.000000	0.042743	0.040638	2.399070
4382.000000	0.046760	0.044191	3.393051
4384.000000	0.043325	0.043898	1.873513
4386.000000	0.042923	0.043203	3.325780
4388.000000	0.037033	0.037788	2.852428
4390.000000	0.053747	0.053909	1.869121
4392.000000	0.038024	0.035296	2.744424
4394.000000	0.042124	0.040103	4.734238
4396.000000	0.048413	0.051131	2.643425
4398.000000	0.046381	0.046537	4.850427
4400.000000	0.045827	0.043428	2.754307
4402.000000	0.043711	0.045125	1.870972
4404.000000	0.040215	0.041702	4.699374
4406.000000	0.040021	0.040236	2.617376
4408.000000	0.038897	0.039734	2.375998
4410.000000	0.040799	0.043383	0.520785
4412.000000	0.043101	0.044862	3.424480
4414.000000	0.043069	0.039586	3.788709
4416.000000	0.039292	0.041605	2.798696
4418.000000	0.047825	0.047417	3.077217
4420.000000	0.042066	0.043005	4.040587
4422.000000	0.045616	0.057130	2.733145
4424.000000	0.041959	0.038219	3.751391
4426.000000	0.039243	0.041020	2.543856
4428.000000	0.042559	0.042005	1.899113
4430.000000	0.043231	0.044668	3.605451
4432.000000	0.040349	0.036925	3.629156
4434.000000	0.041480	0.045778	2.798753
4436.000000	0.043807	0.048276	2.935922
4438.000000	0.036669	0.036146	4.139482
