


# Actually not on dot, but next to it
5.0	0.789009171496	9996.094	39.7816384013	9531.738	4.45889146872	10486.82	4.15016824195
5.001	0.596919962744	9994.629	11.7501030322	9506.836	3.28926253854	10466.31	4.304443462
5.002	0.763104125405	10000.49	12.3291771112	9514.16	5.01144361802	10530.76	6.55208348295
5.003	0.755822122824	9999.023	32.2738218198	9512.695	3.87320446116	10539.55	5.36412171841
5.004	0.468939164505	9994.629	2.96893538832	9487.793	3.30433223851	10497.07	2.36134484529
5.005	0.793963980757	9997.559	15.9431250453	9515.625	3.84262760207	10546.88	4.19280418116
5.006	0.522902983067	10035.64	4.222445505	9492.188	3.81550421261	10479.49	4.23366679392
5.007	0.694949582093	9994.629	12.2645361272	9522.949	5.68693459749	10546.88	4.81407548144
5.008	0.642446864078	10000.49	12.6052341	9544.922	3.52977440286	10460.45	3.61607963414
5.009	0.532252897774	10000.49	4.50686252968	9505.371	3.26086673596	10501.46	4.030674125
5.01	0.517002902535	9999.023	5.88582212551	9474.609	3.54605991955	10464.84	2.65815863805
5.011	0.709418268905	9997.559	17.0162105973	9492.188	4.82967979341	10511.72	5.76391678823
5.012	0.866681619981	9996.094	10.3694437833	9543.457	4.76929267181	10511.72	5.39121035751
5.013	0.6723365856	9994.629	14.9152143092	9486.328	6.31807712239	10508.79	4.90087401458
5.014	0.65774169632	9993.164	2.4581760159	9515.625	2.53098464317	10524.9	2.07228749372
5.015	0.74915898177	9999.023	13.9685258907	9467.285	3.73203324992	10513.18	5.05534414498
5.016	0.604771264923	9996.094	8.04657258985	9549.316	2.55087671204	10543.95	4.69985695343
5.017	0.622615290249	9997.559	10.1510934701	9505.371	4.83248099296	10542.48	4.21937127185
5.018	0.72262969711	9994.629	10.6676551035	9537.598	7.16364146659	10466.31	4.21029867041
5.019	0.681090088182	9996.094	25.1969326234	9503.906	3.09226958625	10480.96	3.90040113424
5.02	0.580368291808	9993.164	11.2780434223	9518.555	2.97474041257	10466.31	3.29607479358
5.021	0.546259746593	9999.023	7.23627306721	9543.457	5.05092150546	10472.17	4.65281518347
5.022	0.424860563642	9996.094	4.24755371749	9549.316	2.91597127177	10472.17	5.12884669285
5.023	0.498179150867	9996.094	2.64861418203	9539.062	3.9861185813	10520.51	4.84037495544
5.024	0.625763497754	9996.094	4.04719257141	9496.582	4.19346888114	10548.34	3.10557825188
5.025	0.534835995746	9974.121	3.72138605827	9536.133	3.46756306468	10467.77	2.73301663903
5.026	0.509550252631	9979.98	1.95385941549	9518.555	2.45054927169	10497.07	3.07480122527
5.027	0.603736667522	10037.11	2.32036888833	9499.512	5.20901862271	10527.83	6.36641578623
5.028	0.479067182141	9981.445	2.07001607881	9549.316	2.0654601476	10521.97	3.32540664568
5.029	0.733215058363	9997.559	7.34194419846	9506.836	4.83996814836	10483.89	8.05227535151
5.03	0.450320784888	9999.023	4.75164629984	9541.992	3.9471590915	10453.12	2.58229515182
5.031	0.748065303692	9996.094	18.1961751864	9531.738	3.16398162002	10530.76	2.86663904786
5.032	0.639722109917	9994.629	9.12886119294	9541.992	3.98571415999	10498.54	3.38614130439
5.033	0.444788185251	9999.023	4.24711516634	9480.469	4.03603352341	10530.76	2.84206155668
5.034	0.484298947505	9999.023	4.25536857114	9484.863	2.38188283476	10543.95	2.25399361058
5.035	0.564505435953	9997.559	8.37461066809	9500.977	2.98336836018	10473.63	3.23442883129
5.036	0.642690564883	9999.023	10.0975474962	9459.961	4.45891301094	10513.18	5.25988406285
5.037	0.707680878155	9994.629	11.9878323068	9528.809	4.78089341664	10533.69	2.32465900428
5.038	0.800056240146	9993.164	7.49430929477	9530.273	4.97047881522	10476.56	4.51359479171
5.039	0.57297506058	9991.699	7.62914539083	9515.625	5.19974525384	10529.3	2.28153945055
5.04	0.599376541661	9997.559	18.2112288193	9539.062	3.75432907523	10545.41	2.59472172775
5.041	0.744228677884	9999.023	10.1434258319	9505.371	2.7196736674	10460.45	3.44641245903
5.042	0.661695367576	9997.559	14.6061111742	9496.582	5.84965138814	10491.21	3.43093639491
5.043	0.784239091233	9996.094	18.8546745797	9543.457	3.91664382331	10472.17	7.37319033513
5.044	0.699222904702	9996.094	30.8139610114	9465.82	3.68901138889	10511.72	4.95492052793
5.045	0.313485053766	10026.86	3.41509997565	9452.637	1.57372446841	10451.66	1.36628775398
5.046	0.505955743279	9997.559	25.1701907082	9483.398	3.47273472941	10450.2	2.66206431879
5.047	0.572057281874	10000.49	28.4138538826	9543.457	4.773674509	10454.59	4.64421519612
5.048	0.419646866065	9996.094	8.57626936716	9540.527	3.44469774586	10543.95	2.02173468128
5.049	0.615988724096	9997.559	31.4096700868	9539.062	3.06254196522	10501.46	3.06987286376
5.05	0.419950680085	9993.164	6.36819827439	9483.398	3.43336963002	10473.63	1.63289029755
5.051	0.669168052934	9994.629	12.753600412	9544.922	4.07670009262	10450.2	4.1247349466
5.052	0.647551757641	10001.95	3.12308840621	9534.668	4.48518361813	10529.3	3.57044787731
5.053	0.588737940677	9999.023	15.9074427553	9544.922	4.21161165847	10542.48	4.41526782518
5.054	0.652500098235	9996.094	6.44050589709	9524.414	2.75420799486	10542.48	3.93052860314
5.055	0.487610180084	9994.629	4.39572291596	9505.371	1.98050693923	10510.25	4.12989324307
5.056	0.622553855141	9996.094	26.4461059744	9544.922	2.80632216393	10476.56	5.80544535447
5.057	0.554390045614	9993.164	4.34449313842	9486.328	3.15379348541	10472.17	1.83593960407
5.058	0.522447883338	9997.559	6.73740310708	9480.469	3.95789814121	10489.75	2.94385385126
5.059	0.552125454146	9997.559	8.73617415057	9506.836	4.58169542267	10502.93	4.50266853175
5.06	0.410695182918	9996.094	7.47451646569	9468.75	3.63989219126	10472.17	3.69331692501
5.061	0.789056177365	9997.559	18.6599379968	9522.949	4.98118328974	10456.05	5.87328436161
5.062	0.652760913684	9997.559	12.2588519595	9508.301	3.65520246076	10469.24	5.58185703494
5.063	0.606780593576	9994.629	17.09934389	9451.172	4.9280879849	10526.37	2.96012398891
5.064	0.655062675968	9996.094	17.2282788884	9492.188	4.8550885054	10516.11	3.5665442274
5.065	0.58093931931	9997.559	7.99035113103	9534.668	3.42130929408	10502.93	4.34140319228
5.066	0.73347717134	10000.49	9.93392507403	9476.074	3.78090552117	10513.18	4.04272475318
5.067	0.511989619893	9996.094	7.48171726007	9505.371	4.59726907801	10532.23	3.63778900203
5.068	0.732990697838	9996.094	18.1537745165	9481.934	5.15230438778	10505.86	4.75601582503
5.069	0.541370030277	9996.094	7.22556892164	9531.738	6.21859755655	10494.14	4.11893410003
5.07	0.691663818383	9994.629	22.3873944604	9484.863	5.01116117906	10511.72	8.89534375601
5.071	0.504654309753	9999.023	3.99929234037	9461.426	2.11904977402	10489.75	2.11340061082
5.072	0.647286716005	9999.023	3.31761969484	9476.074	2.70450453781	10546.88	2.56359660204
5.073	0.349681499593	9994.629	2.09673711695	9457.031	1.73994591607	10497.07	2.07318058292
5.074	0.405292028031	9950.684	2.34107895453	9490.723	2.25504078581	10538.09	2.2923822098
5.075	0.600926150795	9996.094	11.9945974983	9470.215	6.15774474166	10451.66	2.79677853029
5.076	0.628810486605	9994.629	19.8449443747	9464.355	2.90549813413	10526.37	5.92274064154
5.077	0.606828948447	9999.023	12.1832980997	9506.836	5.16190995994	10516.11	4.93310361992
5.078	0.435721298704	9996.094	6.1494447051	9541.992	2.21261857413	10536.62	1.72631473904
5.079	0.439165772545	9996.094	6.46269849915	9534.668	3.047468431	10514.65	2.63336723193
5.08	0.70330659386	9996.094	17.4153915645	9481.934	2.61508330178	10470.7	3.65428650091
5.081	0.586778349008	9996.094	11.886777029	9546.387	2.98108228444	10527.83	2.41200357899
5.082	0.497887671086	9994.629	11.4776306889	9508.301	2.94069013649	10510.25	4.47545772814
5.083	0.388471726496	9997.559	3.48208685513	9527.344	2.93701517029	10467.77	2.57891302582
5.084	0.420407090974	9999.023	5.86979314967	9476.074	3.76649549618	10523.44	3.34771870198
5.085	0.566134842226	9996.094	4.86919836375	9546.387	5.98981274396	10489.75	3.02666171244
5.086	0.427602044665	9994.629	10.6457632211	9534.668	3.87867059891	10502.93	3.13563940084
5.087	0.71008015353	9996.094	13.3038262018	9506.836	3.63897096427	10463.38	4.47552638004
5.088	0.406178203818	9991.699	5.45019748623	9461.426	3.11249366985	10533.69	1.84360254681
5.089	0.520661580544	9993.164	4.8847398229	9539.062	5.02064436102	10475.1	3.27635025354
5.09	0.703229517521	9999.023	17.5864644925	9455.566	3.64297193334	10526.37	4.52802171759
5.091	0.741435670972	9997.559	17.4601686757	9489.258	4.13880403492	10470.7	4.89162130139
5.092	0.751805518498	9996.094	40.3455263042	9502.441	8.97119084069	10485.35	3.66013813239
5.093	0.571326848401	9991.699	7.70438157362	9476.074	3.47545979928	10482.42	5.12581307577
5.094	0.60880018562	9993.164	9.1473908307	9459.961	2.6715607367	10507.32	4.77452496609
5.095	0.458761355469	9991.699	12.2784931755	9530.273	3.72427125207	10495.61	2.57768408008
5.096	0.360464254943	9997.559	14.5559363064	9490.723	4.13867710254	10546.88	3.03059857973
5.097	0.633544119231	9999.023	12.2184050866	9524.414	3.41611105145	10511.72	4.71312695615
5.098	0.734462647904	9996.094	25.0912843257	9470.215	3.1138313636	10517.58	3.82651697588
5.099	0.601650639014	9996.094	22.9822963375	9541.992	3.52909780821	10467.77	2.93643477736
5.1	0.632962971769	9993.164	30.6442206066	9487.793	4.37112552493	10479.49	3.82936263952
5.101	0.527640778659	9994.629	15.4370339424	9477.539	5.20330121189	10538.09	3.18912146547
5.102	0.617306273453	9999.023	29.329302556	9484.863	5.3316585063	10451.66	3.31792962134
5.103	0.396047414924	9997.559	5.58650149009	9473.145	5.92545437064	10535.16	2.76239408588
5.104	0.680439843385	9996.094	12.8532182534	9520.02	2.55878207849	10450.2	5.3483231498
5.105	0.665189210816	9997.559	12.3651530763	9457.031	2.99951843154	10495.61	3.11920370187
5.106	0.551150275305	9996.094	11.1984063393	9484.863	3.5181967454	10548.34	4.7113691934
5.107	0.622928369478	9993.164	28.0935919053	9465.82	3.29990231385	10473.63	5.4078215555
5.108	0.595024496934	9999.023	14.9501451686	9477.539	2.68984912855	10507.32	2.68443363548
5.109	0.460246328318	9997.559	18.807431212	9503.906	3.54520039486	10533.69	5.22947931582
5.11	0.624861557016	9999.023	42.7031596825	9521.484	8.60048911103	10461.91	4.38411238582
5.111	0.63302466982	9997.559	20.1072843976	9493.652	5.07877898104	10504.39	3.22130706982
5.112	0.864930285598	9994.629	24.5285952542	9540.527	4.4073194596	10494.14	5.0855372738
5.113	0.577304934087	9993.164	8.53728195486	9493.652	5.4580933381	10504.39	4.97744027829
5.114	0.465046884731	9991.699	12.3643974586	9544.922	2.38887419576	10489.75	4.10415718157
5.115	0.645595643623	9997.559	10.4908533408	9465.82	4.72032583203	10504.39	3.58427766755
5.116	0.55991611975	9996.094	5.3036636632	9481.934	2.42151982808	10513.18	1.95248766487
5.117	0.387904502533	9994.629	4.75843874554	9543.457	2.44016197588	10450.2	3.31827184229
5.118	0.506011731464	9996.094	3.52714737247	9487.793	2.93651974215	10466.31	5.0038696836
5.119	0.507978788608	9993.164	3.19982175696	9515.625	3.30804882165	10532.23	2.53899112245
5.12	0.703250626645	9994.629	10.8680630182	9486.328	5.82738134036	10488.28	5.86973150624
5.121	0.80020345928	9999.023	9.15867497487	9477.539	3.9874019635	10546.88	4.35534255114
5.122	0.781570975009	9999.023	13.069993143	9518.555	2.10244956859	10497.07	4.92852914277
5.123	0.635148842106	9997.559	4.05241662868	9511.23	2.88022072688	10470.7	2.92868606826
5.124	0.497344206587	9994.629	4.28494543554	9534.668	2.92879724185	10532.23	2.63098828201
5.125	0.412717192546	9993.164	5.8623384573	9486.328	2.42891189973	10491.21	2.94135469847
5.126	0.562899253582	9993.164	10.7416902069	9458.496	2.38693639538	10454.59	4.84432978032
5.127	0.537137954351	10006.35	2.53485552338	9540.527	1.89269641656	10524.9	5.93749612454
5.128	0.544546284742	10037.11	2.18371421432	9502.441	3.66080885581	10539.55	2.64801073806
5.129	0.740669152705	9999.023	10.1513531641	9468.75	4.22337588835	10453.12	3.57320668171
5.13	0.447463488838	9959.473	3.26694675319	9546.387	3.81892893374	10533.69	1.92669893563
5.131	0.69255412168	9996.094	5.9080764358	9455.566	4.95207269473	10508.79	3.66265862013
5.132	0.567355673628	10026.86	3.76968481313	9452.637	3.98253469411	10510.25	2.7711872756
5.133	0.599973920242	10007.81	4.09697569497	9490.723	4.74143081312	10505.86	3.04936670796
5.134	0.688218822492	9999.023	4.68022247115	9520.02	4.54623750357	10548.34	3.83678453052
5.135	0.810089131416	9997.559	8.40789151931	9481.934	3.81956382308	10456.05	9.61469282911
5.136	0.568476268082	9999.023	3.64154023053	9537.598	4.06604238193	10508.79	5.09614055506
5.137	0.432291636113	10032.71	2.78529325146	9517.09	3.88544227542	10529.3	3.90346561253
5.138	0.521923586476	10016.6	3.52610262456	9537.598	3.19343978272	10467.77	5.37232935815
5.139	0.674015703586	9993.164	4.09254553046	9512.695	4.09620506241	10482.42	4.96027707966
5.14	0.606862731241	10001.95	6.72925971383	9459.961	5.1466002691	10543.95	3.15232492527
5.141	0.579882597933	9977.051	3.40486198446	9484.863	3.62680238492	10485.35	3.76248498035
5.142	0.463510609329	9994.629	5.22938682778	9525.879	2.40828707303	10497.07	3.85060180466
5.143	0.602364580209	9997.559	6.09821993414	9452.637	3.71929234068	10480.96	3.19971857519
5.144	0.80491380999	9994.629	10.0959538842	9536.133	3.83299281733	10461.91	8.36831241974
5.145	0.72725527112	9994.629	6.41422176639	9461.426	4.04833351567	10520.51	5.25255605857
5.146	0.667275678369	9999.023	10.3129013583	9477.539	7.14436377558	10548.34	6.09288436891
5.147	0.604138310771	9999.023	13.0153023431	9454.102	4.20534405355	10497.07	7.75384218014
5.148	0.661006661549	9997.559	7.95988931449	9487.793	4.51121974208	10532.23	4.73844234592
5.149	0.77056497879	9987.305	4.30503311982	9490.723	5.00047611625	10542.48	2.87107297143
5.15	0.674151078926	9993.164	6.50446416923	9486.328	3.4612606687	10527.83	4.59386861592
5.151	0.7674616596	9994.629	6.81593013671	9486.328	4.58035026499	10472.17	5.93240774386
5.152	0.506139511003	9997.559	4.05215596829	9481.934	2.83627314717	10502.93	2.82235191016
5.153	0.849403656704	9997.559	6.66266655585	9537.598	8.32278662028	10480.96	6.64634406688
5.154	0.550451799434	10006.35	4.06233636313	9476.074	4.56668331348	10456.05	4.45198623453
5.155	0.674837055612	9999.023	3.3437337971	9547.852	5.20700684954	10476.56	8.66834464539
5.156	0.563328403223	9994.629	6.81834436493	9462.891	2.38887764549	10511.72	2.09697355859
5.157	0.857128889154	9971.191	5.67952796072	9452.637	5.45412483319	10475.1	7.82110628684
5.158	0.851087869941	9999.023	5.66141730109	9517.09	4.87642697067	10510.25	6.08431034769
5.159	0.840799572568	9999.023	14.3202391446	9541.992	5.34599218515	10505.86	5.00004542358
5.16	0.526318833434	9996.094	8.89782796809	9459.961	3.73519151891	10454.59	2.40870674892
5.161	0.75593016585	9994.629	9.11373326322	9543.457	7.09243118972	10500.0	3.69533717594
5.162	0.694712969682	9996.094	6.26512113896	9539.062	3.88730362084	10478.03	4.43333181889
5.163	0.944488163317	9996.094	12.8827269471	9540.527	7.04750343714	10510.25	7.1657469986
5.164	0.802390161455	9991.699	5.58344833747	9536.133	3.93651596134	10516.11	4.27385308394
5.165	0.916703944692	9999.023	14.8602225862	9536.133	9.61877847561	10539.55	5.4747419759
5.166	0.742249157795	9996.094	7.80500239316	9457.031	4.4680956	10526.37	3.55028093148
5.167	0.691469491216	9997.559	10.720464176	9540.527	5.89466942762	10482.42	3.50555580822
5.168	0.712475255548	9994.629	6.16464114427	9517.09	8.06795573078	10457.52	7.48142165527
5.169	0.782456848406	9996.094	9.961755935	9521.484	5.2521230482	10492.68	5.10357224227
5.17	1.10553481204	9994.629	34.8890384176	9477.539	5.12652525276	10508.79	3.95874344743
5.171	0.651608585788	9999.023	15.1497490408	9537.598	5.3223171152	10545.41	4.59595599526
5.172	0.988831104161	10000.49	16.5172965207	9536.133	4.78410653765	10513.18	5.86761568253
5.173	0.813051911671	9997.559	29.132041954	9536.133	6.446823634	10510.25	6.95901797791
5.174	0.671263613927	9997.559	11.1876530095	9544.922	2.5737250935	10463.38	7.34627708658
5.175	0.779414446213	9996.094	4.14201242429	9531.738	5.60944693039	10505.86	3.5625405659
5.176	0.920222711091	9994.629	22.0208994665	9483.398	3.30181557235	10475.1	5.83016042457
5.177	0.693452817455	9999.023	6.40479637859	9467.285	3.39301144154	10492.68	4.63607466635
5.178	0.81512045238	9997.559	8.42901440713	9457.031	6.97031200101	10519.04	6.53500125542
5.179	0.829567225602	9997.559	22.1090043712	9480.469	7.39466475573	10517.58	5.60725810449
5.18	0.857025183585	9999.023	6.53193860369	9492.188	5.80264424052	10454.59	10.0699107928
5.181	0.782459521927	9993.164	4.94793519061	9544.922	5.61622788221	10529.3	5.45994090759
5.182	1.01298575687	9994.629	9.05357903052	9483.398	8.08484488331	10480.96	6.13311759933
5.183	0.834494873243	10034.18	4.31118788184	9496.582	4.6395650559	10507.32	4.54674823925
5.184	0.785102663815	9997.559	7.0596091456	9470.215	9.32725390306	10450.2	7.79016912523
5.185	0.835209516441	9997.559	4.58753009269	9517.09	5.64508166681	10456.05	6.48345654009
5.186	1.09168238157	9997.559	16.4798292263	9506.836	5.70826833793	10476.56	6.81483334085
5.187	0.756081154994	10037.11	2.77361504439	9490.723	7.95870883762	10504.39	3.98191687027
5.188	0.920292694604	9958.008	4.19401935271	9522.949	3.24347003579	10523.44	5.21203306846
5.189	1.00719492746	9994.629	9.99743481228	9486.328	7.49166266836	10523.44	5.13194670709
5.19	1.06494477739	9999.023	6.56671266491	9454.102	9.71174604667	10502.93	4.64948842706
5.191	0.817065530992	9999.023	6.14498161754	9468.75	8.06920073326	10514.65	7.82879824538
5.192	0.991159730423	9999.023	7.25928469575	9455.566	7.27660150435	10510.25	6.64712024903
5.193	1.12665428646	9997.559	11.0843638001	9522.949	8.61836877064	10467.77	6.88363432919
5.194	0.997860971524	9996.094	8.67088339317	9509.766	8.78265691998	10456.05	5.82335906105
5.195	0.951937747285	9994.629	11.0968170365	9541.992	4.42348038596	10473.63	7.68218755978
5.196	0.759242462133	9997.559	8.95557247219	9534.668	5.84492481039	10464.84	4.24262158972
5.197	0.975104318083	9996.094	7.01759441857	9521.484	5.35182137472	10476.56	7.50250066638
5.198	0.962031885187	9997.559	16.7326215102	9498.047	6.17741491999	10536.62	4.8237573227
5.199	0.657969306166	10029.79	5.75038029373	9546.387	3.88821809197	10500.0	4.89014497469
5.2	1.13341278967	9996.094	22.8755899263	9543.457	6.45869207603	10542.48	7.23495214408
5.201	0.89812424277	9994.629	5.41175898151	9524.414	2.30979569097	10546.88	11.0780628608
5.202	0.841184105429	10000.49	6.33161464075	9454.102	7.19896391971	10488.28	4.92786088761
5.203	0.701697347633	9997.559	11.5376999378	9531.738	6.05975485081	10488.28	9.64781894856
5.204	0.717003879634	9996.094	4.07113417669	9473.145	2.91639177886	10542.48	5.75744141413
5.205	0.775940300209	9994.629	9.43196724504	9528.809	3.535487834	10529.3	5.75209358116
5.206	1.01509399251	9993.164	8.96433194714	9525.879	5.83588877335	10498.54	6.94313305651
5.207	1.10635586867	9996.094	10.0424600067	9536.133	10.7791015341	10542.48	8.10139290481
5.208	1.03519825199	10000.49	14.834943217	9528.809	3.97467929889	10492.68	7.91227215596
5.209	0.556427140134	10040.04	6.94402192334	9500.977	3.73763317133	10535.16	3.14398298166
5.21	0.832274226219	9996.094	8.40544545543	9521.484	4.25145425754	10486.82	5.20307698041
5.211	1.13965375172	9999.023	6.02531089146	9547.852	8.93584529127	10543.95	7.61241036175
5.212	0.579640858518	10010.74	3.80256903404	9547.852	3.19782944412	10457.52	7.49593295534
5.213	1.04480991857	9978.516	7.08013507349	9502.441	10.4919757198	10456.05	8.67929468078
5.214	0.755772757096	9990.234	3.96165045522	9539.062	4.20546456166	10541.02	6.24584608175
5.215	0.95986688012	10044.43	4.77430759589	9537.598	8.20117699172	10521.97	7.6030020299
5.216	1.06785048719	9999.023	15.9288134507	9499.512	6.49597837616	10543.95	8.80573717917
5.217	1.16469010006	9997.559	13.1588255893	9521.484	5.74562007135	10549.8	7.01974590401
5.218	0.675728093449	10034.18	6.2144863619	9496.582	5.91802110816	10535.16	6.63637672841
5.219	0.844837265342	9966.797	4.25029904186	9452.637	7.73628270433	10502.93	7.12746109416
5.22	0.995678236593	10031.25	6.39156196345	9525.879	5.93836102093	10527.83	4.28050780236
5.221	1.007999425	9997.559	6.97282169285	9524.414	7.8019617635	10508.79	4.67410848305
5.222	0.744962760504	10001.95	5.56175548834	9462.891	3.24907702966	10501.46	4.00768368552
5.223	1.03875573046	9997.559	24.8171081776	9454.102	9.03207179284	10494.14	6.13592240115
5.224	0.801223796972	9994.629	4.3675884645	9465.82	3.56404673455	10498.54	4.47907963618
5.225	1.03598628969	9994.629	7.47721123981	9547.852	7.80318374353	10456.05	4.23934930448
5.226	0.969464357758	9997.559	9.19837718809	9493.652	5.05745457657	10543.95	5.5163964041
5.227	0.993724101593	9999.023	8.83312040158	9531.738	7.14522581764	10492.68	12.2828723938
5.228	0.776129983997	10037.11	3.6248911541	9454.102	3.60357615161	10533.69	6.45131982254
5.229	1.19708028782	9997.559	13.5310527311	9524.414	7.73432016942	10521.97	6.84743605333
5.23	1.05298899434	9994.629	4.86628970148	9487.793	5.44930015167	10489.75	7.70186306545
5.231	1.10403270121	10029.79	4.17246769607	9490.723	8.77087969544	10489.75	10.4276747369
5.232	0.535524903681	9984.375	3.05449616507	9498.047	5.02147672328	10541.02	4.76502447426
5.233	0.770022478404	9959.473	3.6105010508	9528.809	10.5202858372	10473.63	5.45208435857
5.234	1.20925363475	10000.49	10.4973605956	9455.566	8.8418268754	10491.21	8.86536767564
5.235	1.08843431189	10038.57	6.03712623547	9476.074	6.54046696119	10491.21	5.22386939911
5.236	1.11261892345	9999.023	4.00986829621	9462.891	4.9343741379	10458.98	7.36580546905
5.237	0.856714146974	10035.64	9.62459164435	9498.047	4.46887390047	10541.02	5.05197653427
5.238	0.758903168577	9996.094	7.14430822987	9530.273	8.76918650867	10543.95	6.36410915856
5.239	1.03354894737	9991.699	18.4506561652	9543.457	4.89109436002	10523.44	5.30520663975
5.24	0.97203048819	9997.559	13.8298764611	9489.258	9.82308194303	10479.49	6.71052799006
5.241	1.30446805573	9999.023	18.51489671	9467.285	9.65443556794	10464.84	11.6776567895
5.242	0.772132218174	9994.629	23.9920362817	9464.355	6.00739643802	10511.72	4.62152902915
5.243	1.22966626279	9994.629	6.67753133109	9506.836	8.49967123549	10460.45	5.43213914128
5.244	1.01206222309	9994.629	7.20155152286	9467.285	6.97877645849	10463.38	6.36540415005
5.245	1.32691758907	9994.629	6.55985729447	9481.934	9.24492145965	10548.34	17.6011039997
5.246	0.76930630138	10012.21	4.49788304628	9531.738	3.8596016215	10545.41	5.17612965613
5.247	1.21808671348	10042.97	4.50696936676	9481.934	5.9124699906	10538.09	5.97897228966
5.248	0.849815278247	9997.559	15.1489094713	9541.992	3.38598635943	10541.02	6.92130442265
5.249	1.20777389806	10047.36	5.0415712779	9474.609	5.62560399252	10523.44	7.60150900943
5.25	0.876804086208	10025.39	5.26146094606	9546.387	5.91289183046	10466.31	3.44037243159
5.251	1.23642160638	10041.5	4.23837936886	9543.457	9.73033585927	10548.34	6.03641289552
5.252	1.1357721686	9984.375	3.23800641283	9527.344	6.39939835254	10517.58	13.1100005801
5.253	1.08971296136	9952.148	5.50028817364	9505.371	8.28185099607	10542.48	11.3203722029
5.254	1.1637427001	9985.84	6.47861220121	9512.695	6.54551074507	10495.61	7.99679863994
5.255	1.09538246892	10013.67	6.95789353443	9495.117	10.6443691511	10473.63	7.69849532449
5.256	0.955900176393	9953.613	4.03509817088	9524.414	8.16387032176	10519.04	6.09234199286
5.257	1.3474329815	9982.91	5.14563098505	9517.09	8.0883617457	10454.59	7.58186199299
5.258	0.782199858974	10035.64	6.26165863434	9540.527	4.02695519816	10458.98	3.137802572
5.259	0.793990866818	10026.86	3.82325331851	9499.512	3.71431951028	10461.91	6.30491138138
5.26	1.03385908082	9962.402	5.49824710215	9455.566	9.47612629986	10460.45	7.25713491959
5.261	0.874726382441	10037.11	3.2639093248	9515.625	5.20665633992	10543.95	6.07154498392
5.262	0.922911929331	9952.148	7.86137774696	9473.145	8.20814319164	10485.35	4.72854116231
5.263	1.40824470537	9952.148	5.87834119571	9495.117	11.742115534	10523.44	5.52917974569
5.264	0.675509027482	10035.64	5.2114710287	9531.738	4.07325049032	10485.35	4.74266907514
5.265	1.05272755894	10016.6	5.19641954172	9515.625	8.17082617222	10456.05	7.91166991103
5.266	1.23795768212	9999.023	4.70900510052	9473.145	6.00332132968	10542.48	8.8839703024
5.267	1.20091645751	9997.559	10.0956334163	9479.004	4.72059648999	10451.66	10.0006701751
5.268	1.09698055478	9972.656	6.01216692038	9530.273	3.71615830087	10524.9	7.81067878285
5.269	1.18312020114	9955.078	7.68272067173	9534.668	11.7817829575	10495.61	12.2573932841
5.27	0.771845999823	9991.699	3.27889737155	9546.387	13.6183144758	10479.49	4.78574539264
5.271	1.30102290393	9999.023	8.96269064343	9541.992	6.62199039214	10505.86	7.05560190893
5.272	0.99908927934	9999.023	11.021815119	9541.992	8.0088369631	10533.69	8.6526578174
5.273	1.33061851911	9996.094	7.3988597474	9481.934	5.31458549344	10456.05	4.75273786286
5.274	0.883282317074	9978.516	7.14171561303	9500.977	9.02257302742	10519.04	4.70539611473
5.275	1.4857064012	9996.094	14.0941587149	9534.668	9.04855412369	10526.37	13.324572225
5.276	1.64107916691	9952.148	5.84908723532	9517.09	6.07453811481	10463.38	9.35975735322
5.277	1.45013851038	10038.57	5.5123817878	9521.484	9.52354673913	10548.34	8.19054059466
5.278	1.45133602574	9982.91	9.71884014423	9483.398	10.658400959	10451.66	9.28442645538
5.279	1.50324152673	9996.094	4.96913158757	9459.961	5.92344839745	10521.97	11.4102903404
5.28	1.83328361705	9994.629	6.35443459033	9486.328	8.91324094856	10486.82	9.80013999265
5.281	2.15887972291	9972.656	7.74538699514	9511.23	15.7788606115	10486.82	8.59909245141
5.282	2.17618800534	10029.79	14.4912403169	9527.344	14.8873619676	10507.32	16.4003608138
5.283	2.37245934312	9981.445	20.4996140443	9473.145	16.121680517	10548.34	7.56243348352
5.284	3.78776552599	9982.91	21.3866479046	9518.555	22.8689378114	10535.16	20.9137534192
5.285	1.76315127371	9996.094	9.63623182095	9496.582	10.4681841021	10476.56	8.59110020427
5.286	1.45315697488	9996.094	6.82408298376	9518.555	10.1096033769	10539.55	8.75463186755
5.287	1.13355538727	10006.35	4.76248386075	9525.879	6.02361122172	10536.62	6.48652475236
5.288	1.13905909986	10001.95	6.39983121248	9500.977	4.41648733002	10546.88	5.86068950843
5.289	1.26398162547	10040.04	8.18188714739	9470.215	8.29607721409	10479.49	7.04019296368
5.29	1.14221868626	9997.559	13.4822786688	9543.457	7.42837555847	10472.17	7.51225638859
5.291	1.1954393189	9991.699	5.82128189055	9454.102	7.98780609487	10532.23	11.1295774486
5.292	0.586735600235	9994.629	7.47330850771	9476.074	5.39872383222	10456.05	4.84461906129
5.293	1.53142512982	9996.094	14.7581393557	9537.598	6.28788035784	10530.76	6.49749794107
5.294	1.22656988556	9994.629	8.73552334259	9467.285	8.17821969864	10543.95	6.0927508594
5.295	1.11535101958	9994.629	19.4525572397	9508.301	5.49423095652	10530.76	7.87745141976
5.296	1.12238610273	9963.867	3.65067680851	9498.047	7.63432255691	10451.66	7.82241125049
5.297	0.655357632282	10006.35	4.80965553413	9539.062	6.12194715631	10482.42	3.28165620827
5.298	0.970025095681	9968.262	7.15542597802	9495.117	9.05814558645	10461.91	5.68670621619
5.299	1.09913541653	9956.543	5.36392963762	9511.23	8.99806958123	10529.3	4.4781038249
5.3	1.08137330016	9996.094	11.5538204537	9498.047	5.82753903769	10510.25	6.21054982589
5.301	0.806299107587	10023.93	5.09954234665	9496.582	2.99316897266	10536.62	9.46958776302
5.302	0.796993615281	9997.559	10.0362293168	9540.527	2.76004404532	10535.16	6.89286061915
5.303	0.930094989974	9997.559	6.95294522905	9457.031	8.86718948115	10476.56	4.44564810937
5.304	1.06834363329	10034.18	6.09747523336	9500.977	6.40171180444	10489.75	5.72116034405
5.305	0.757521045565	9994.629	3.5657428669	9473.145	5.40667415687	10479.49	4.24580054389
5.306	1.05626922197	10037.11	8.87846841448	9512.695	9.00339262374	10535.16	5.38032350993
5.307	1.42471838094	9994.629	23.7574108882	9486.328	9.89906705667	10470.7	8.75783721346
5.308	0.776172928694	10037.11	7.91534852641	9458.496	6.07823014819	10472.17	3.80951320767
5.309	0.917670397917	9997.559	9.71513700897	9518.555	8.61911536283	10523.44	3.76909523743
5.31	0.97685764007	9996.094	12.9452879828	9459.961	8.74974378577	10500.0	5.81649462231
5.311	0.713828730753	9994.629	17.646040255	9522.949	5.42558151105	10473.63	8.08399298808
5.312	1.17215545862	9996.094	18.8926489504	9483.398	11.102704776	10483.89	7.73139812016
5.313	0.867693730645	10023.93	5.30978515731	9536.133	3.77945127845	10504.39	5.55260547917
5.314	1.30311004564	9994.629	18.6066681026	9457.031	11.579086376	10489.75	6.71019990421
5.315	1.30445853943	9999.023	8.94725348016	9506.836	11.1329453327	10472.17	8.88004089082
5.316	1.39031026966	9997.559	13.7738651196	9505.371	8.3481397944	10480.96	8.44667324485
5.317	1.18618626412	9999.023	8.7979351849	9511.23	7.98960146025	10458.98	6.60933789558
5.318	1.15513526421	9994.629	11.2873475117	9506.836	10.9376428365	10513.18	7.17751516158
5.319	0.892479124031	9993.164	16.7554873139	9514.16	4.41806454346	10476.56	5.6342417431
5.32	1.16389981415	9993.164	17.2627632147	9541.992	4.97631322645	10523.44	7.76270795321
5.321	1.54259839436	10000.49	47.7882740475	9531.738	10.238040925	10489.75	9.08689692502
5.322	1.60923649015	9999.023	17.0736874278	9511.23	11.8869622907	10491.21	8.59249923753
5.323	1.76708905442	9997.559	46.4090904399	9499.512	8.05044745343	10514.65	11.2545303661
5.324	1.32784364023	9994.629	31.4776325412	9515.625	5.85876344157	10454.59	7.69855641771
5.325	1.74435895043	9996.094	47.6023340555	9468.75	5.50700349741	10492.68	12.5306819543
5.326	1.26874095626	9994.629	21.4255297543	9508.301	8.50496184704	10475.1	13.6099827972
5.327	1.54784854004	10000.49	109.717818901	9457.031	8.69984373687	10546.88	14.1862086759
5.328	0.898327872338	9996.094	27.595040604	9511.23	6.12123374322	10492.68	7.95032096954
5.329	1.14056779624	9996.094	29.076924049	9467.285	3.47314515981	10530.76	7.2685476398
5.33	1.48415564356	9996.094	83.448642691	9534.668	13.0860100471	10523.44	14.3403816944
5.331	1.15758212386	9996.094	26.3613720849	9489.258	6.58879463615	10456.05	8.24671720046
5.332	1.42266899781	9994.629	60.6834888576	9534.668	9.84868207558	10479.49	6.62458653751
5.333	1.53516939564	9999.023	58.7144946781	9543.457	12.5439865321	10549.8	6.89657173349
5.334	1.73541641422	9999.023	51.4540583275	9512.695	10.6430086431	10475.1	12.2856301093
5.335	2.14022349088	9999.023	18.1243778806	9458.496	8.72080571069	10510.25	12.177098243
5.336	1.62520525237	9997.559	79.4322436903	9549.316	8.04624660607	10545.41	11.1298782373
5.337	1.31303422168	9997.559	83.441874797	9502.441	6.62062785997	10543.95	8.97822113859
5.338	0.915972861814	9993.164	19.4280627995	9455.566	10.8976646018	10492.68	7.01486657368
5.339	1.21388376562	9994.629	33.4640078361	9471.68	6.53517328258	10469.24	8.30343170246
5.34	1.4906655294	9999.023	62.9061520002	9500.977	11.4467826929	10469.24	13.2725266053
5.341	0.966758099544	9997.559	16.3986091169	9465.82	7.2013338982	10533.69	5.19725526389
5.342	0.727537085941	9994.629	7.23344873083	9493.652	6.2208805136	10527.83	4.38192303921
5.343	1.19547649932	9993.164	8.47176447372	9495.117	7.25649804491	10467.77	5.76566349399
5.344	1.35248291287	9993.164	15.3556131519	9493.652	8.48361750033	10482.42	4.98454718461
5.345	0.934851417042	9991.699	5.93869013414	9462.891	7.06035189892	10501.46	11.6417000573
5.346	1.35840220933	9999.023	25.299195513	9477.539	13.3670546915	10491.21	10.0605145737
5.347	1.42688854274	9999.023	13.6550182536	9543.457	12.5402197536	10469.24	8.73573064985
5.348	1.35393678135	9999.023	22.8046202566	9514.16	11.9129075928	10453.12	6.7659953803
5.349	1.40200800679	9997.559	15.3518137062	9517.09	9.6390641713	10501.46	11.2410641062
5.35	1.4885315971	9996.094	7.82504908609	9489.258	10.0917617503	10461.91	7.98802589724
5.351	1.45280262377	9994.629	9.23804117541	9528.809	5.52130415913	10473.63	7.45126411757
5.352	1.13558750635	10000.49	21.8578711657	9496.582	6.87645213626	10491.21	8.65966754305
5.353	0.593984449053	9999.023	3.69123056876	9537.598	4.52917054227	10524.9	4.67546816821
5.354	1.28907000846	9997.559	33.6398168822	9528.809	6.67055837561	10541.02	5.39358289771
5.355	0.838022181517	9997.559	8.11033104164	9486.328	5.44887488409	10511.72	8.64490162924
5.356	1.07680133086	9996.094	15.7739865757	9452.637	4.71870505208	10533.69	6.13020575964
5.357	0.895862478248	9994.629	2.49268002446	9483.398	5.31375584293	10514.65	6.69839579177
5.358	0.810197402336	10019.53	3.18044575498	9479.004	6.85796732162	10508.79	5.95408816847
5.359	0.942447061118	10000.49	4.5260798281	9451.172	7.41854703094	10470.7	5.63993493651
5.36	0.74526214708	10048.83	5.57700717653	9496.582	2.97774401376	10524.9	6.50861426147
5.361	0.712180085367	9994.629	3.10472281522	9499.512	7.82362093035	10510.25	5.93065299114
5.362	0.887117117426	9996.094	6.97121209386	9457.031	7.61993938076	10521.97	5.17714980501
5.363	0.550744165083	10032.71	2.0052507714	9537.598	2.49024215289	10489.75	2.59320655802
5.364	1.02164992116	10000.49	3.93545326729	9474.609	4.81716121098	10527.83	8.06909930206
5.365	0.759887073733	10000.49	8.66261651012	9503.906	2.97224106882	10450.2	6.20694768494
5.366	0.911123742096	9996.094	8.08874100032	9514.16	4.78851121763	10517.58	8.04074209155
5.367	0.662522032994	9997.559	3.78505748906	9539.062	4.94501250664	10542.48	4.02896596628
5.368	0.714341756971	9994.629	8.66609353135	9505.371	5.2118003916	10467.77	6.30238040321
5.369	0.656675279905	9993.164	2.660700716	9470.215	3.50660072334	10498.54	6.11189724179
5.37	0.608225205962	9994.629	6.00557287991	9540.527	6.81783976881	10532.23	3.13161031007
5.371	0.806376350669	10000.49	16.2861404897	9533.203	3.68067982509	10514.65	4.06505222162
5.372	0.936703554926	10000.49	6.51182465488	9487.793	4.78326827991	10494.14	4.06232499237
5.373	0.750102266439	9997.559	8.5529056066	9495.117	6.89320208029	10470.7	5.96053612435
5.374	0.839813099088	9996.094	14.6540294609	9543.457	3.77560950917	10469.24	7.04115375015
5.375	0.525384790194	10006.35	3.70323461503	9539.062	4.59874698808	10469.24	6.0188427997
5.376	0.624710846953	10029.79	2.24041534272	9465.82	3.09929003023	10516.11	3.97377570559
5.377	0.75101808575	10000.49	10.8120322786	9511.23	4.78613328672	10460.45	4.66510552287
5.378	0.806322995506	9999.023	2.94029907436	9487.793	4.06610579359	10546.88	3.90550877267
5.379	0.767615031579	9997.559	9.66631367387	9530.273	3.46739141236	10473.63	3.83396297708
5.38	0.534990445626	9975.586	3.34452491702	9468.75	3.33529610179	10489.75	5.22323622653
5.381	0.647232360984	10006.35	3.5653406886	9474.609	5.35459740108	10454.59	5.58717427912
5.382	0.737038866715	9990.234	4.14766601407	9451.172	3.43667219837	10532.23	4.07829025146
5.383	0.596432592923	10003.42	3.83766159271	9517.09	3.29426338313	10475.1	4.26866698269
5.384	0.787320581903	9999.023	5.96451293631	9454.102	5.47200127754	10489.75	6.30198994813
5.385	0.698635059877	9997.559	11.959518643	9492.188	8.70347605317	10476.56	3.74134803171
5.386	0.581335669412	9999.023	5.55611790054	9530.273	3.96800472754	10470.7	3.10185212678
5.387	0.670796245065	9996.094	5.65582968269	9493.652	3.12108439098	10479.49	3.63145736588
5.388	0.520702516762	9958.008	1.94661295992	9525.879	5.27318960357	10480.96	5.2103847539
5.389	0.589755378421	9955.078	2.32181713453	9495.117	3.07406514881	10513.18	3.56494665099
5.39	1.00539693824	9977.051	4.13147103022	9524.414	7.8821351176	10482.42	9.62396917361
5.391	0.698600340545	9999.023	5.204036913	9543.457	6.3206326243	10472.17	3.94947296878
5.392	0.48731957565	9994.629	2.57745078921	9540.527	2.52513390709	10464.84	2.06146632175
5.393	0.907539492706	9996.094	29.4966146016	9503.906	3.95947420702	10510.25	6.16499186516
5.394	0.752092827501	9996.094	11.6567654751	9515.625	6.15964740503	10473.63	3.92307837838
5.395	0.517238665526	9978.516	2.03763076482	9527.344	4.9299472307	10469.24	2.57060042393
5.396	0.556448080924	10001.95	2.81663463611	9498.047	4.07824993153	10485.35	4.35356599484
5.397	0.518822059489	9997.559	4.32685681095	9477.539	4.02431583418	10451.66	2.66759634496
5.398	0.577884260763	9997.559	5.9533750748	9543.457	1.90288118414	10532.23	4.79344572733
5.399	0.481321685391	9997.559	3.6322174164	9473.145	6.16788811118	10516.11	2.64318809781
5.4	0.646630251699	9994.629	17.6295998381	9499.512	4.24672378786	10520.51	3.04367864609
5.401	0.406415868103	9991.699	3.86287511246	9505.371	2.92567700602	10451.66	2.29803824209
5.402	0.685959263958	10000.49	6.84537232258	9499.512	6.80575044215	10469.24	4.27155308136
5.403	0.632372986055	9999.023	6.15838994861	9484.863	3.26815382653	10527.83	3.57771376143
5.404	0.518103218648	9982.91	2.68724640876	9490.723	4.30139178325	10463.38	2.96396776149
5.405	0.472721580953	9994.629	4.37854610511	9483.398	2.27391066036	10450.2	3.79676235213
5.406	0.702155154019	9996.094	14.0059600391	9537.598	4.89710850119	10517.58	4.52245531147
5.407	0.460488367871	9994.629	8.91235066805	9465.82	3.09180360038	10454.59	4.00616407497
5.408	0.389956468622	10001.95	4.9991397782	9457.031	2.55659524522	10476.56	1.49950210718
5.409	0.601884258487	9999.023	8.52108460271	9498.047	3.54939105177	10546.88	4.38175954151
5.41	0.604186206655	9997.559	3.26740306533	9509.766	4.91566415801	10470.7	5.2734592282
5.411	0.621659308175	9996.094	2.72555381651	9549.316	2.73694577031	10501.46	3.33961391211
5.412	0.544524185806	9996.094	3.60173805024	9522.949	4.21611956181	10513.18	2.57090691993
5.413	0.526703725458	9993.164	2.06181322714	9493.652	3.74637208462	10530.76	1.8876454585
5.414	0.615806628841	9994.629	6.0753543668	9541.992	3.87378235036	10514.65	3.88255577453
5.415	0.48958606669	9997.559	13.2976101973	9493.652	2.96561566828	10510.25	3.45628500397
5.416	0.448250576797	9999.023	6.34466072185	9455.566	2.67410550516	10545.41	2.83889599538
5.417	0.449194677632	9997.559	8.57481021153	9465.82	3.33582334212	10486.82	3.95493787173
5.418	0.589350457811	9996.094	19.7137852564	9528.809	5.03108365694	10488.28	3.79841841837
5.419	0.454103768611	9993.164	11.6749977429	9528.809	3.04213074961	10520.51	1.51782539964
5.42	0.569847535046	9994.629	51.4624762807	9544.922	3.09505656546	10541.02	3.76260453266
5.421	0.612175714608	10000.49	44.2292669703	9549.316	2.22190425083	10542.48	4.04161482375
5.422	0.411271673315	9997.559	6.8784055657	9473.145	2.43739718299	10541.02	1.91111363972
5.423	0.60053473703	9996.094	36.0459009962	9509.766	4.38781504991	10453.12	4.03140067484
5.424	0.355953816459	9994.629	17.8572272749	9546.387	2.68568014463	10546.88	2.64182991832
5.425	0.484978234574	9996.094	13.4926798823	9476.074	1.71790132625	10453.12	1.88150374513
5.426	0.564933343506	9994.629	43.9538213002	9462.891	3.88303547951	10464.84	4.5443089843
5.427	0.515058654042	9999.023	49.1114275904	9536.133	1.96719015311	10504.39	4.98843826471
5.428	0.469294878448	9997.559	47.8443764754	9500.977	3.54968019483	10519.04	4.03953761188
5.429	0.50539128809	9996.094	40.01727316	9465.82	3.3377602094	10543.95	3.26005000706
5.43	0.395952506628	9994.629	38.5828070465	9498.047	2.41439228898	10511.72	2.79810117658
5.431	0.356968614246	9996.094	73.4180897958	9474.609	4.19130546231	10533.69	3.50602276952
5.432	0.440402298569	9996.094	38.0833154907	9476.074	2.92158210832	10521.97	3.99397027115
5.433	0.398266356659	10000.49	42.7796249076	9514.16	3.23578795019	10527.83	4.42344611063
5.434	0.501271508372	9999.023	60.665859832	9503.906	3.28247839085	10451.66	4.26579581214
5.435	0.476213656999	9999.023	31.7552430871	9489.258	3.04442912225	10469.24	2.64145485609
5.436	0.471604014047	9996.094	40.6564417731	9454.102	2.70066041699	10470.7	2.6591028815
5.437	0.5349327847	9997.559	32.8755374663	9470.215	2.86284578411	10548.34	1.97064143031
5.438	0.50261879577	9996.094	40.2096294395	9540.527	3.12526603763	10451.66	5.35512697839
5.439	0.48691745637	9993.164	39.2939525043	9473.145	1.60586805447	10498.54	2.50949948978
5.44	0.422672279767	9997.559	24.0290213098	9531.738	2.69149392381	10505.86	2.43216577744
5.441	0.616009652858	9999.023	86.6785580423	9493.652	4.3552891268	10527.83	2.58354951378
5.442	0.399233192938	9996.094	37.32695443	9525.879	2.06849537506	10482.42	2.40114568454
5.443	0.462939592745	9997.559	48.7633191377	9514.16	3.86892055992	10469.24	4.06072051403
5.444	0.424535209499	9993.164	34.4424361049	9521.484	2.01390507137	10510.25	2.19431216805
5.445	0.279921028606	9991.699	20.0987490663	9454.102	1.7380694339	10520.51	1.32219943024
5.446	0.486761150003	9999.023	78.4843446217	9505.371	3.35177498659	10498.54	3.10206173532
5.447	0.462142280349	9997.559	65.0090355677	9455.566	3.43295516944	10523.44	2.04875121369
5.448	0.293203779987	9997.559	23.40800207	9473.145	1.38696706912	10548.34	2.59334255608
5.449	0.666623203793	9996.094	86.2976435593	9473.145	3.45742956083	10548.34	4.57679033823
5.45	0.466187105891	9994.629	77.9499742947	9474.609	3.71046465393	10510.25	3.25090180385
5.451	0.389337111298	9994.629	7.28463159087	9468.75	2.33449844244	10513.18	2.87543728127
5.452	0.490417906058	9999.023	45.5316197251	9498.047	3.26188321673	10502.93	2.49401008131
5.453	0.344446575427	9999.023	28.6372291396	9464.355	2.05065367119	10542.48	2.45612374356
5.454	0.338986985305	9996.094	16.9371037836	9525.879	3.14787395492	10463.38	1.59970310518
5.455	0.54340807954	9997.559	41.1917831272	9500.977	2.96165041215	10464.84	3.99749059962
5.456	0.421250621554	9996.094	26.4603432063	9452.637	2.72840270391	10533.69	2.64425622615
5.457	0.396799710594	9994.629	7.69341419502	9546.387	2.15234290832	10502.93	2.45045890801
5.458	0.296205563931	9997.559	6.71268916929	9483.398	1.79235055262	10486.82	1.83951774993
5.459	0.355849911936	9999.023	10.4749747785	9490.723	1.93791817312	10543.95	2.36458555746
5.46	0.45645053889	9999.023	27.7351626976	9524.414	2.02385258644	10526.37	2.05171298549
5.461	0.417004255571	9994.629	16.4370409234	9495.117	2.57601183143	10538.09	1.99647561811
5.462	0.401096797449	9996.094	22.4108551295	9547.852	3.1785604759	10521.97	3.14698006264
5.463	0.263061251755	9991.699	6.85798595832	9500.977	0.909555175098	10542.48	1.80818244539
5.464	0.271713106111	9991.699	14.1342036656	9480.469	1.98469068706	10469.24	2.98267079934
5.465	0.384124283416	9997.559	15.7117880429	9541.992	2.78440252599	10492.68	1.89785045166
5.466	0.40118933321	9999.023	35.0489249537	9537.598	2.58347083665	10539.55	4.6643156622
5.467	0.279060721243	9994.629	9.12517915894	9530.273	1.99832983692	10524.9	1.34747259084
5.468	0.445299577588	9996.094	32.6482832734	9492.188	2.06461114962	10488.28	3.05017441538
5.469	0.238334917963	10032.71	3.70899714603	9517.09	1.82088898953	10488.28	1.32350231323
5.47	0.250121234975	9991.699	11.3334186303	9541.992	1.98595717176	10488.28	1.99986436369
5.471	0.330226781408	9997.559	20.2182666418	9486.328	2.06641504359	10457.52	2.44553893966
5.472	0.362451922126	9999.023	39.8807141224	9522.949	3.83454654894	10498.54	2.70125667812
5.473	0.421524078514	9997.559	44.4123666193	9549.316	2.70381017581	10489.75	3.78213790701
5.474	0.455580642495	9997.559	34.282639188	9500.977	2.67505396582	10491.21	2.53063549856
5.475	0.299986401994	9993.164	23.1932693405	9481.934	2.21573144381	10467.77	4.19460004503
5.476	0.414332717131	9994.629	35.3198167684	9511.23	1.94337444684	10458.98	2.06838143727
5.477	0.412365302777	9999.023	66.6953480063	9451.172	2.23820567269	10545.41	3.90344401782
5.478	0.481345005753	9997.559	51.0182604753	9487.793	3.21056839912	10460.45	2.28875381543
5.479	0.314156130008	9994.629	9.87713504744	9480.469	2.17921234704	10472.17	1.45077653294
5.48	0.38959118974	9997.559	57.9887434001	9484.863	2.69640666139	10524.9	2.72693413741
5.481	0.311302540648	9996.094	32.3858403164	9537.598	2.0173191564	10521.97	2.36406246655
5.482	0.334786762551	9996.094	21.7176851144	9506.836	4.25316860083	10520.51	2.67609585932
5.483	0.406672211396	10000.49	36.5964133705	9498.047	1.45135242536	10497.07	1.8686357837
5.484	0.492507713389	9999.023	46.0688581594	9454.102	2.63033419981	10495.61	2.21417120042
5.485	0.322179074363	9996.094	11.827787556	9457.031	2.34386984646	10538.09	2.38200043126
5.486	0.443546745675	9997.559	27.1524738758	9486.328	2.15223682518	10545.41	3.56809448954
5.487	0.411820278251	9996.094	10.0889344095	9522.949	3.58867778521	10539.55	1.69979570352
5.488	0.267613818281	9991.699	3.92803309502	9454.102	2.88706315338	10536.62	2.62096658236
5.489	0.405864187726	9994.629	18.6465841153	9480.469	3.73465324457	10548.34	2.22665638078
5.49	0.309833659635	9997.559	9.75221892758	9452.637	2.00607139755	10476.56	1.50180194258
5.491	0.360168239335	9999.023	18.7883172171	9483.398	2.02677796273	10476.56	2.10514211723
5.492	0.344731121609	9997.559	6.08259805522	9496.582	1.11298408924	10470.7	3.13066901523
5.493	0.393565822183	9996.094	7.38179769982	9484.863	3.00506365074	10543.95	2.9448183508
5.494	0.250321589938	9993.164	3.00672624688	9500.977	1.91259964043	10524.9	1.76072516653
5.495	0.453280119368	9994.629	12.9144661969	9492.188	1.89571425494	10492.68	2.99470253868
5.496	0.209963699206	9997.559	3.98157462477	9477.539	1.86430513002	10467.77	1.93309263565
5.497	0.302296624539	9996.094	4.78513631449	9484.863	2.29126797413	10486.82	1.96010627514
5.498	0.285516673782	9997.559	3.93633014329	9468.75	3.00184947023	10450.2	1.10659788615
5.499	0.323160391748	9996.094	7.03726193798	9461.426	2.33658222754	10454.59	1.1956187637
5.5	0.312679807865	9994.629	7.49836079495	9474.609	2.14998182454	10542.48	1.20167269355
5.501	0.281900209617	9991.699	6.44698924501	9452.637	1.89683482862	10480.96	1.37567625995
5.502	0.32157855372	10000.49	9.81045267623	9493.652	2.23248693244	10548.34	1.78077788282
5.503	0.310217215861	9997.559	4.3300728743	9536.133	1.77199071067	10549.8	1.99399942874
5.504	0.281064898747	9997.559	7.56349889896	9547.852	1.8626840676	10453.12	2.61841931883
5.505	0.385082053709	9994.629	9.26714795329	9464.355	2.94525199062	10476.56	2.0849192448
5.506	0.388145164688	9996.094	11.7238492262	9476.074	3.7988135379	10517.58	1.93614434118
5.507	0.344123222597	9993.164	6.9215018506	9486.328	1.46929623037	10464.84	2.51469135955
5.508	0.382315590718	9999.023	5.82826869898	9530.273	2.63924156582	10485.35	2.51632795816
5.509	0.457832225791	9997.559	6.10787282346	9468.75	3.06655079712	10454.59	1.76999383169
5.51	0.3320581959	9999.023	3.56411041081	9477.539	1.23834068546	10526.37	2.12389329115
5.511	0.359841370332	9999.023	3.09935454282	9533.203	2.81721351035	10497.07	2.64288129778
5.512	0.315357324014	9994.629	4.28530818689	9502.441	1.34547439545	10460.45	1.70535957363
5.513	0.230670407596	10032.71	4.45574357038	9524.414	0.972416676228	10450.2	0.734638128795
5.514	0.435843027292	9994.629	12.4260511487	9525.879	2.78877995058	10500.0	2.36489824712
5.515	0.401907791229	9999.023	24.1159427677	9480.469	2.5362030537	10453.12	2.16024552423
5.516	0.355670633093	9999.023	4.62990375646	9464.355	2.54293291279	10505.86	2.43662899756
5.517	0.303375975323	9996.094	14.2917127429	9457.031	1.91450750751	10457.52	4.31581069875
5.518	0.344652867995	9996.094	4.60713878106	9527.344	1.87578091126	10464.84	2.88655081615
5.519	0.342941181515	9993.164	4.67073844738	9528.809	2.06889002385	10524.9	3.48261156245
5.52	0.260714141306	9997.559	2.73799760695	9531.738	1.62552767477	10536.62	1.16146845422
5.521	0.32695032002	9999.023	6.88352369773	9544.922	2.16749965026	10507.32	1.65021692797
5.522	0.293323922965	9996.094	3.15410154231	9464.355	1.88327335833	10530.76	1.16786916235
5.523	0.28837124053	9997.559	2.51852475295	9511.23	1.64447233065	10497.07	1.43781289764
5.524	0.349890356682	9994.629	3.96843528955	9514.16	1.59712928757	10539.55	2.39501888435
5.525	0.349026813299	9996.094	3.86028231765	9518.555	2.76381022444	10532.23	2.75394717846
5.526	0.2403912423	10034.18	1.83267275061	9480.469	2.09737074439	10498.54	1.66842458324
5.527	0.215338567514	10021.0	1.09814732395	9481.934	1.3139651337	10492.68	1.72751069824
5.528	0.341401916356	10037.11	1.23882206851	9484.863	2.41669779557	10482.42	1.84551472385
5.529	0.368017149966	10035.64	2.03297364991	9503.906	2.01213071398	10476.56	3.71306432971
5.53	0.410582112284	9974.121	1.47761530103	9458.496	2.78414957929	10513.18	2.53081850859
5.531	0.373838871995	9996.094	6.37011186559	9493.652	2.98859286685	10500.0	1.99358844653
5.532	0.280841091253	9991.699	1.88515792354	9481.934	0.917520428618	10486.82	1.76592751472
5.533	0.415426199564	10000.49	3.1725635955	9454.102	2.64579421867	10497.07	3.18792562267
5.534	0.25669253197	9996.094	1.25150544652	9518.555	2.058797541	10532.23	1.68497082655
5.535	0.337339044632	10015.14	1.13984212323	9471.68	1.14938196394	10519.04	1.42979973431
5.536	0.459988688074	9996.094	3.65527353695	9534.668	2.15878853813	10488.28	2.45168410888
5.537	0.28638599113	9993.164	0.910724328084	9458.496	1.98234328762	10470.7	1.32604760371
5.538	0.328918755797	9997.559	1.93680894218	9499.512	1.99029299325	10467.77	1.71774804443
5.539	0.420630535032	10029.79	2.86383775391	9533.203	3.12968464443	10541.02	1.9665090733
5.54	0.481943699789	9965.332	1.96537546914	9479.004	2.15208745888	10464.84	2.93617989161
5.541	0.317088667169	9996.094	2.71076215149	9486.328	2.62776202531	10527.83	2.71814651368
5.542	0.4976248269	9959.473	1.57120664251	9451.172	2.88826767537	10480.96	3.01840594048
5.543	0.269640152624	9994.629	1.38786542574	9458.496	2.0750051164	10517.58	1.86792587095
5.544	0.339740617565	9999.023	1.57090849067	9544.922	1.85405631295	10501.46	2.26721813643
5.545	0.285614032756	10044.43	0.779767625106	9487.793	1.63918070324	10495.61	1.21901466454
5.546	0.320574629884	9972.656	1.38872393317	9533.203	3.1507077011	10545.41	1.23222841394
5.547	0.30824425839	10041.5	1.81268894305	9509.766	2.98752140507	10526.37	2.34133101105
5.548	0.333352619728	10025.39	1.94955624808	9528.809	2.54259895971	10505.86	2.87731083368
5.549	0.332640884968	9953.613	1.64764380465	9549.316	1.28434884628	10483.89	2.20746226184
5.55	0.269778798302	10040.04	1.47526934622	9459.961	1.49287847847	10479.49	3.42770289854
5.551	0.224384990747	9974.121	1.95565978641	9540.527	1.68880697558	10517.58	1.10536496801
5.552	0.4525631469	10032.71	1.64771368714	9503.906	2.74625654411	10456.05	4.58851614846
5.553	0.431103953923	9999.023	4.15901978877	9490.723	4.78627015205	10485.35	3.58025755329
5.554	0.415848846835	9997.559	2.23062881799	9476.074	2.32730112728	10543.95	2.81055226499
5.555	0.2928719517	9987.305	1.63061966266	9454.102	1.85952753837	10472.17	2.41601494589
5.556	0.429145697932	10000.49	3.3063957188	9518.555	3.97109999827	10489.75	2.92564745743
5.557	0.306158870812	9950.684	1.4130773262	9518.555	1.92381883409	10470.7	2.10730004724
5.558	0.366887819122	10010.74	1.29246990427	9451.172	2.60093646515	10489.75	3.20088644359
5.559	0.445172708868	9984.375	1.62324623639	9509.766	3.14440187294	10520.51	2.39090948015
5.56	0.420057559043	9999.023	6.03797973337	9499.512	2.6925248333	10545.41	3.60887278542
5.561	0.462675912055	9997.559	2.5360991893	9506.836	2.20780888328	10536.62	1.79664951685
5.562	0.398164142966	9996.094	3.44311489414	9537.598	2.84551852252	10526.37	1.70040419067
5.563	0.336147837299	9994.629	2.0693501264	9539.062	2.71625366259	10520.51	2.32528960032
5.564	0.350468137228	9994.629	4.59501995405	9544.922	1.89026177458	10507.32	2.23709158054
5.565	0.382557835413	9999.023	5.43448121818	9467.285	3.46329952572	10491.21	2.59971232464
5.566	0.361880008128	9999.023	4.98780606542	9487.793	2.53518738017	10535.16	2.12998498298
5.567	0.310857578715	9993.164	3.0085499814	9515.625	2.13821711962	10479.49	3.58214578063
5.568	0.500596549637	9996.094	11.0524375859	9537.598	1.64778975093	10473.63	2.74217999947
5.569	0.52046476375	9993.164	4.80141794935	9459.961	3.23717273885	10478.03	2.76158532097
5.57	0.605180902111	9996.094	13.6244928419	9546.387	3.97078773224	10491.21	3.85712300025
5.571	0.45053390646	9997.559	10.3547822983	9522.949	3.68353151354	10479.49	2.44917414151
5.572	0.457134576287	9997.559	9.04573029958	9500.977	2.64595598507	10546.88	2.89770130768
5.573	0.265608016508	9994.629	5.15508372905	9518.555	1.56500816323	10495.61	1.98197276348
5.574	0.293682217892	9994.629	5.68853859757	9470.215	0.806184720983	10451.66	1.06289604129
5.575	0.206862485387	9993.164	1.78916572653	9468.75	1.57405320443	10450.2	2.47700914826
5.576	0.37983005794	9994.629	4.56776016764	9457.031	3.87165621744	10492.68	2.87317028756
5.577	0.382075766933	9997.559	2.20011965415	9525.879	1.7167083493	10524.9	1.95014022345
5.578	0.380480037832	10013.67	3.04290020463	9505.371	1.4187792813	10469.24	3.19621064372
5.579	0.403577457934	9997.559	6.28712315988	9451.172	4.01162883537	10497.07	4.5454794649
5.58	0.481995597777	9997.559	6.30017491313	9471.68	3.68284556343	10505.86	2.4633679723
5.581	0.382360959873	9993.164	3.91896811323	9486.328	1.94520220637	10469.24	2.69527505263
5.582	0.407431858002	9996.094	2.07403748154	9534.668	2.54143393102	10535.16	2.72241166542
5.583	0.259148720666	9997.559	1.55723625482	9543.457	1.60556333862	10530.76	1.34019853438
5.584	0.542853443946	9999.023	17.177723841	9451.172	3.40367071057	10521.97	2.40543106554
5.585	0.616391097976	9999.023	14.639132451	9508.301	3.02243403016	10489.75	4.05017834611
5.586	0.405651186319	9994.629	6.14383314463	9503.906	2.56959086083	10519.04	2.53318110766
5.587	0.348595532523	9994.629	5.47274818939	9477.539	4.10609618249	10500.0	1.82511023856
5.588	0.427868879313	9993.164	7.35965236692	9465.82	2.52465634717	10491.21	1.76593558855
5.589	0.309961558494	9991.699	3.58378041777	9505.371	2.57856703822	10463.38	2.37058008242
5.59	0.436806621623	9999.023	6.72785709299	9506.836	2.7810514071	10514.65	2.3827034721
5.591	0.438522647832	9999.023	5.00532233532	9500.977	2.33670677008	10501.46	4.01016817657
5.592	0.44017848778	9996.094	5.17537156218	9531.738	4.90228919205	10516.11	6.34201060719
5.593	0.544207374395	9996.094	10.7639680887	9534.668	3.59653311691	10470.7	5.93375795303
5.594	0.382704739211	9955.078	1.28054192383	9490.723	3.76940667317	10511.72	2.37712569612
5.595	0.404990586413	10034.18	2.49990255118	9543.457	1.34845159536	10524.9	1.58769610654
5.596	0.35695357623	9997.559	2.0615405805	9518.555	2.15761263992	10520.51	2.89882433029
5.597	0.400037555072	9999.023	2.6819481073	9533.203	3.8861233582	10489.75	2.8019124824
5.598	0.510950094979	9997.559	4.97435049009	9467.285	2.55080058099	10517.58	2.80231906453
5.599	0.430903957015	9994.629	3.08947844018	9492.188	1.88224213517	10501.46	2.80921199019
5.6	0.416888848923	9966.797	2.04180577662	9471.68	4.17463393589	10548.34	4.39740776624
5.601	0.467665025052	9991.699	3.44936450775	9473.145	3.40317042592	10548.34	3.07218650604
5.602	0.349835007746	9997.559	3.41206969478	9454.102	2.27646289461	10461.91	2.88787916648
5.603	0.265742622957	9996.094	1.70573481911	9539.062	1.9300005462	10458.98	2.28787314922
5.604	0.327754276758	10006.35	2.17268242746	9508.301	1.15268645413	10454.59	1.33969364942
5.605	0.412494083725	9996.094	2.88251478257	9489.258	3.42587461685	10546.88	2.52594955435
5.606	0.33613390873	9993.164	1.7204367604	9544.922	2.33952603495	10480.96	1.29138414135
5.607	0.305078551499	9990.234	1.33391373365	9479.004	2.83430948923	10501.46	2.02870420546
5.608	0.419297738213	10000.49	3.62058062648	9533.203	1.9622415388	10536.62	3.60078510935
5.609	0.472738999161	9997.559	2.75147291377	9479.004	3.12057572669	10545.41	2.78948504704
5.61	0.447062350412	9997.559	5.24488092121	9506.836	3.34804089695	10458.98	2.64006672056
5.611	0.345764133001	9996.094	3.45280929169	9495.117	2.28832996851	10510.25	3.26076523242
5.612	0.52476837104	9996.094	8.37324588407	9509.766	3.56611459063	10482.42	5.04329136665
5.613	0.52179403179	9996.094	10.0795580789	9547.852	2.65330968838	10466.31	3.68768158406
5.614	0.425698063893	9991.699	2.54395459023	9473.145	3.96847800258	10498.54	2.48264567749
5.615	0.364027297777	10000.49	2.79602777332	9473.145	1.99590939399	10545.41	1.90908405132
5.616	0.487507279872	9997.559	2.22502829512	9522.949	1.62969159749	10479.49	3.26656046879
5.617	0.393123464865	9956.543	1.91304633692	9498.047	2.54732141584	10523.44	3.76211717468
5.618	0.280364786746	9993.164	1.18297201398	9505.371	1.89050928528	10456.05	1.45760181637
5.619	0.290551869581	9993.164	2.92728366391	9459.961	2.98361359052	10514.65	2.95132659439
5.62	0.450362385646	9959.473	4.09041963175	9511.23	3.59292955049	10504.39	1.82375385166
5.621	0.35608244157	9997.559	3.21486314804	9539.062	2.56314586929	10485.35	1.95156015516
5.622	0.319461377313	9996.094	1.41626343365	9458.496	1.6038921238	10516.11	2.90517254887
5.623	0.362254559416	9994.629	2.16645707558	9493.652	2.22771889033	10491.21	3.29653683059
5.624	0.516692591848	10025.39	2.43966740029	9468.75	2.91741605421	10507.32	2.60094603102
5.625	0.422481450347	10025.39	2.61798684534	9473.145	2.50564151954	10460.45	2.5708509286
5.626	0.490058616792	10028.32	2.57282733848	9464.355	2.18858319477	10456.05	1.7937554594
5.627	0.338178329479	10025.39	1.42580336019	9509.766	2.12782338769	10473.63	2.57211108086
5.628	0.407717053677	10040.04	2.07551740842	9549.316	1.63975144693	10470.7	2.3441515787
5.629	0.345616752779	9958.008	1.91126133542	9528.809	2.21751228481	10464.84	2.9951246484
5.63	0.410385908777	10041.5	1.67593257295	9462.891	3.39884955524	10502.93	3.07563565613
5.631	0.4795486153	10031.25	2.19976910951	9489.258	2.99296069633	10488.28	2.64658597968
5.632	0.322687979979	9994.629	1.32002267102	9452.637	2.62095413119	10485.35	1.82794598714
5.633	0.429818262527	10000.49	5.86898817013	9455.566	2.37694419328	10492.68	2.64692674933
5.634	0.332003366998	10034.18	2.99546984168	9498.047	2.05427158275	10548.34	1.77768516625
5.635	0.546495598454	10015.14	4.65804474215	9492.188	4.74249454495	10510.25	4.50004392499
5.636	0.427234239118	9997.559	3.63627837027	9489.258	4.31281234868	10457.52	2.46191784941
5.637	0.30019297972	9994.629	2.81522693154	9464.355	2.83664997677	10502.93	3.13522299795
5.638	0.416212844478	9996.094	2.94955432375	9476.074	2.96719010501	10467.77	2.40062119592
5.639	0.353657626716	9991.699	3.13131841261	9547.852	2.60175678137	10514.65	1.74680764114
5.64	0.318496602756	9997.559	1.05707089806	9549.316	1.2790616793	10483.89	1.74927365804
5.641	0.446938179038	9996.094	4.27111824378	9544.922	1.81948519502	10501.46	2.91966697449
5.642	0.450957649917	9997.559	6.84446132007	9495.117	3.51457537431	10539.55	3.03255490109
5.643	0.382709354777	10015.14	1.12834380537	9451.172	1.81378786193	10453.12	1.63940167321
5.644	0.459601160416	9966.797	2.0707466373	9522.949	2.49022691693	10519.04	3.97702895453
5.645	0.445135188133	9972.656	2.47301705211	9476.074	3.12343004936	10526.37	1.80525420515
5.646	0.489056844154	10040.04	3.76672976564	9459.961	5.04853632067	10501.46	2.90866117494
5.647	0.453441901807	9979.98	2.09053283722	9467.285	3.61777024515	10478.03	4.94091002977
5.648	0.426442983975	10004.88	3.20861052743	9536.133	1.55263619631	10536.62	3.619424007
5.649	0.349799397975	10031.25	1.27955995422	9470.215	1.82948752064	10485.35	1.67115058455
5.65	0.415762293005	9996.094	2.8245963538	9454.102	1.44866501875	10488.28	2.46128165927
5.651	0.372826287777	9996.094	2.00670817668	9461.426	3.5176071349	10451.66	1.8258785067
5.652	0.306012104871	10037.11	2.03580536432	9490.723	3.18640309985	10530.76	1.65298627373
5.653	0.29499699258	10007.81	1.99357702715	9512.695	2.06244254123	10526.37	2.18539183487
5.654	0.538965642214	9994.629	2.27718692668	9462.891	2.62759756407	10510.25	4.15041047505
5.655	0.27900920646	9968.262	1.86457648145	9496.582	1.09572899089	10464.84	1.48513409064
5.656	0.432051124932	9996.094	3.85075030207	9536.133	3.77516357343	10542.48	4.5993323066
5.657	0.360320492816	9993.164	2.77824929294	9525.879	2.51031757536	10476.56	3.55599117914
5.658	0.50041484556	9994.629	2.84184965622	9473.145	2.87575104163	10501.46	2.00124140044
5.659	0.422269302077	9999.023	3.40110339425	9465.82	2.04606480427	10483.89	2.45610386911
5.66	0.289045739507	9952.148	1.60036949572	9465.82	1.47372625981	10548.34	1.40654403526
5.661	0.318751558681	9994.629	2.28575207448	9483.398	2.25899804941	10546.88	1.44436399962
5.662	0.505538389566	9997.559	4.40226649014	9531.738	2.62275723524	10542.48	2.47320172627
5.663	0.397293221529	9994.629	4.5016254613	9476.074	1.6808749867	10545.41	2.70683735577
5.664	0.430367004943	9999.023	2.69418076019	9540.527	3.01784862581	10536.62	2.53916530478
5.665	0.413081299796	9999.023	2.46650365163	9490.723	2.60466751983	10461.91	4.77064646679
5.666	0.450160237167	9958.008	3.34898312864	9524.414	3.55858711516	10461.91	3.18629734315
5.667	0.435022216201	10001.95	2.08861730908	9512.695	1.83637916718	10466.31	1.63783070416
5.668	0.352695440216	9996.094	2.90067027202	9499.512	2.28022266915	10450.2	1.75359330036
5.669	0.34057834615	10007.81	2.56145528943	9499.512	1.98026379698	10505.86	2.60944162575
5.67	0.398761508105	10032.71	1.85659282141	9543.457	1.82695335202	10494.14	2.44386656681
5.671	0.352530797302	9971.191	1.00338774798	9461.426	2.20377607662	10458.98	1.71473214323
5.672	0.378931253957	10032.71	1.9679412594	9533.203	2.5039478381	10480.96	1.90933587838
5.673	0.430264852785	9997.559	2.67940390648	9514.16	2.33813783923	10489.75	3.72600426949
5.674	0.513382579376	9997.559	3.48890683845	9508.301	2.61486961306	10514.65	2.5284113411
5.675	0.314584788056	9996.094	4.48073903318	9480.469	1.61570176356	10538.09	1.6722507492
5.676	0.317770899405	9996.094	2.10285337509	9458.496	2.08717010285	10491.21	3.24203130965
5.677	0.252601353573	9985.84	0.894616852921	9524.414	1.7247410806	10536.62	2.39004860819
5.678	0.344769691761	9999.023	5.32424647452	9547.852	1.8531786944	10482.42	4.04671125102
5.679	0.266197407748	9996.094	2.21105740069	9462.891	1.32556359146	10457.52	2.24845146645
5.68	0.334462004054	9997.559	3.27658155226	9528.809	1.70030229958	10497.07	2.64706390505
5.681	0.241169843977	9993.164	1.49370777036	9505.371	1.1325719943	10498.54	1.64889499149
5.682	0.494741048247	9994.629	7.16201096717	9459.961	3.27820320742	10520.51	2.77996164533
5.683	0.310787797729	9999.023	2.09970587329	9484.863	1.90046273636	10527.83	2.37632358482
5.684	0.390384961877	9956.543	2.07532490833	9511.23	1.55164259604	10532.23	2.88279055935
5.685	0.27594169457	9996.094	5.69768087415	9543.457	1.1236031903	10533.69	1.34322960608
5.686	0.339822463259	9996.094	2.97521334717	9477.539	2.02826308893	10542.48	2.81657263571
5.687	0.273619344797	9994.629	3.24415636262	9492.188	1.52078196856	10529.3	1.70784433342
5.688	0.413084183896	9996.094	6.08659079707	9518.555	2.16558005251	10549.8	2.1206373667
5.689	0.314764201375	9994.629	1.61380209602	9543.457	2.50237400211	10495.61	3.50507870419
5.69	0.307262479637	9999.023	2.6074390372	9528.809	2.58673472739	10511.72	2.23305766043
5.691	0.323731098643	9996.094	2.42334832026	9461.426	1.75143153577	10527.83	3.01926275554
5.692	0.334650994929	9997.559	4.04931671549	9459.961	3.12622590078	10513.18	2.5066328816
5.693	0.273543865674	10034.18	1.88600273683	9514.16	1.27670191772	10483.89	1.7268712582
5.694	0.241445337262	10023.93	1.44570685086	9543.457	0.899474666372	10549.8	0.688930860044
5.695	0.289263895073	9996.094	1.54603743656	9468.75	2.05477099433	10529.3	1.73070492912
5.696	0.268121976449	9955.078	0.931846575028	9495.117	1.50920821087	10527.83	1.17370704786
5.697	0.283895936443	9963.867	2.19067438975	9546.387	2.94146563467	10527.83	2.61521205636
5.698	0.338255623025	9972.656	1.73276499704	9527.344	2.10268449156	10461.91	1.52780534214
5.699	0.292675918122	10044.43	1.25820693569	9543.457	2.17699770354	10533.69	1.88754309819
