


# Looking at the smaller dot
5.0	0.473454607684	9994.629	74.0931268505	9452.637	2.56768064386	10453.12	2.53672664207
5.001	0.60797302345	9994.629	147.517426909	9520.02	4.16190609075	10526.37	4.15170463895
5.002	0.659131477077	9997.559	80.5373765221	9517.09	4.72776218922	10511.72	2.54013629746
5.003	0.660315370506	10000.49	95.8543097253	9503.906	6.32493421816	10466.31	3.29610346395
5.004	0.421393772394	9996.094	21.5265225597	9537.598	2.50136156301	10541.02	2.39124148123
5.005	0.536312577666	9996.094	104.643992556	9473.145	3.77133519924	10507.32	3.32710850907
5.006	0.596889489497	9996.094	93.2572382389	9480.469	3.62333989043	10480.96	4.94358279585
5.007	0.756982282829	9994.629	117.355058756	9470.215	4.81673018637	10486.82	3.81101177331
5.008	0.443534471447	9997.559	35.9135960959	9541.992	4.10528163184	10495.61	3.01905468074
5.009	0.632165043448	9997.559	132.234121073	9536.133	2.65780707439	10500.0	5.2921755759
5.01	0.692434938496	9996.094	89.2167372138	9454.102	3.84728299515	10548.34	4.52540610252
5.011	0.4935491564	9994.629	35.8373157988	9481.934	4.4172737169	10521.97	2.47960747532
5.012	0.617712658446	9997.559	128.515512704	9479.004	4.63463606737	10457.52	5.85889009256
5.013	0.551662394865	9994.629	99.7978873274	9477.539	3.79016771848	10500.0	3.59964480949
5.014	0.728823201833	9994.629	138.290756444	9452.637	4.40732664144	10498.54	5.75243593596
5.015	0.649694212184	9997.559	103.050776842	9461.426	3.70285641504	10461.91	4.17847390165
5.016	0.520527746541	9996.094	69.1931798404	9459.961	3.09600671455	10514.65	4.85301149212
5.017	0.474577105205	9996.094	63.2585549634	9452.637	5.0593566644	10529.3	3.33007693622
5.018	0.699381619606	9996.094	72.1648603647	9536.133	4.25361349016	10494.14	1.80098549604
5.019	0.628367821318	9994.629	79.2200820243	9467.285	2.67727820332	10461.91	5.68802465596
5.02	0.52890169295	9991.699	61.2138704569	9486.328	3.76699868616	10472.17	3.69877593654
5.021	0.635457351438	9997.559	51.2162579462	9493.652	2.89897666527	10517.58	2.28947814396
5.022	0.569002170706	9996.094	38.2106987511	9506.836	2.51258709945	10494.14	3.22082861874
5.023	0.757799333942	9999.023	110.577025364	9479.004	3.91422972643	10507.32	3.80628921056
5.024	0.750050136949	9997.559	99.2671177747	9544.922	3.67300325013	10519.04	3.97647672505
5.025	0.523811084119	9993.164	26.6994344532	9543.457	2.28460871786	10464.84	2.84910484854
5.026	0.557471226859	9993.164	49.142440273	9458.496	3.96090219489	10472.17	3.62455524996
5.027	0.392100850925	9997.559	40.3601926719	9452.637	3.3172340175	10473.63	2.43856273371
5.028	0.621501687754	9997.559	105.623642433	9520.02	3.91103952237	10510.25	3.7668083802
5.029	0.58936440045	9996.094	112.978870006	9490.723	4.24381235056	10507.32	5.37952015867
5.03	0.661566501645	9994.629	83.9503759256	9547.852	5.80801286024	10495.61	5.89113729508
5.031	0.656266006303	9996.094	170.909376336	9462.891	4.29811725592	10470.7	4.39177894213
5.032	0.386932034967	9991.699	30.1168889971	9518.555	2.28198531937	10542.48	1.57936284649
5.033	0.656573409493	10000.49	161.186593288	9541.992	3.26215109067	10535.16	3.84148544083
5.034	0.579881658578	9997.559	103.983051293	9467.285	2.27373211742	10526.37	3.04675984993
5.035	0.639150670311	9997.559	116.264417006	9512.695	4.76547256711	10497.07	6.26142950661
5.036	0.795895901295	9996.094	133.234478819	9489.258	3.17080155863	10517.58	3.08494171197
5.037	0.731791091924	9996.094	185.378066589	9480.469	3.94758866944	10482.42	3.98400382598
5.038	0.68488927091	9994.629	145.423942707	9530.273	1.94037569119	10498.54	4.58156769597
5.039	0.596539157166	9991.699	81.931703379	9486.328	3.10452675999	10464.84	3.12868395605
5.04	0.534079109809	9997.559	85.6778577811	9458.496	3.95783216404	10494.14	5.28307180739
5.041	0.483623171239	9996.094	59.4703786124	9455.566	3.81052349869	10541.02	3.6015304848
5.042	0.533109309099	9994.629	58.1804854149	9473.145	4.05431484004	10457.52	3.19180844976
5.043	0.368584164704	9993.164	31.0829274068	9473.145	4.42734637163	10513.18	1.9281276248
5.044	0.575269569124	9994.629	93.4895678327	9454.102	2.08178149428	10536.62	3.64536291398
5.045	0.717374734504	9994.629	185.138540154	9530.273	5.70086688259	10501.46	3.42373496711
5.046	0.571976828288	9997.559	96.7711186726	9527.344	4.65235962338	10507.32	4.36230792835
5.047	0.444424329253	9996.094	51.5089674587	9477.539	4.63767997519	10483.89	3.54883712714
5.048	0.530702556354	9997.559	105.032427178	9521.484	5.26735704697	10467.77	2.77096100356
5.049	0.731598451785	9996.094	199.377043313	9506.836	7.70677740967	10523.44	7.86518915554
5.05	0.600337069688	9993.164	64.9416214528	9541.992	5.35210234945	10457.52	5.05821691242
5.051	0.800241825125	9996.094	137.601596594	9455.566	4.8396038809	10548.34	3.86079143787
5.052	0.493155210449	9997.559	57.6411836389	9495.117	3.15087057004	10541.02	4.42223638751
5.053	0.591818941473	9997.559	70.9117245011	9500.977	3.04504674874	10460.45	5.74358934921
5.054	0.46527541959	9997.559	81.7669783689	9474.609	5.78356043058	10511.72	2.75089303422
5.055	0.739521443763	9997.559	189.380882861	9477.539	3.5194986529	10546.88	6.00649525836
5.056	0.736815902331	9996.094	184.383151458	9525.879	3.50327355909	10536.62	6.86857158298
5.057	0.677645156364	9996.094	159.970202683	9515.625	3.68231528223	10454.59	3.98731159325
5.058	0.534501380033	10000.49	107.464761256	9479.004	2.7225522918	10502.93	4.81453819196
5.059	0.642890561029	9999.023	100.203730557	9454.102	2.92111658211	10473.63	4.12811496746
5.06	0.627491786522	9996.094	123.319399028	9462.891	4.51389528578	10460.45	3.66242020614
5.061	0.698430016602	9997.559	174.991059679	9503.906	6.42868103093	10539.55	3.5902978966
5.062	0.602145137828	9994.629	137.288252437	9451.172	4.45687092424	10450.2	4.20863644067
5.063	0.581028982924	9996.094	124.113658686	9509.766	4.43818413652	10479.49	2.93358267842
5.064	0.725452073556	9991.699	90.4673659635	9473.145	3.49431023085	10450.2	4.18828666265
5.065	0.367019456929	9997.559	53.9176555234	9471.68	3.5137028923	10542.48	3.31632001813
5.066	0.553593356104	9996.094	106.432139904	9468.75	3.39331022691	10485.35	1.55878794143
5.067	0.698785805712	9997.559	120.936784089	9536.133	4.46901783516	10480.96	4.09481677382
5.068	0.621031081457	9996.094	167.923010476	9537.598	3.52478768688	10469.24	2.77329837372
5.069	0.640735989753	9993.164	67.8657328397	9483.398	1.95306366875	10507.32	7.40602541077
5.07	0.532328564063	9991.699	94.6973509367	9524.414	5.10826013501	10502.93	3.81365727457
5.071	0.627406106965	9997.559	139.18361549	9541.992	3.76389968135	10450.2	3.66986441842
5.072	0.627462974044	9996.094	82.3816037084	9480.469	2.57683428093	10454.59	3.17743259234
5.073	0.472854482262	9994.629	45.926584706	9467.285	6.01615169543	10516.11	3.39643250505
5.074	0.589139397083	9994.629	96.9375251823	9506.836	5.07019720814	10513.18	3.47757640147
5.075	0.425430713179	9993.164	48.8613815903	9530.273	3.55454151975	10467.77	2.40662548678
5.076	0.520944113654	9993.164	69.4096433907	9533.203	3.8694448432	10476.56	3.19185145496
5.077	0.611747485768	9997.559	95.2280135559	9479.004	3.84374321581	10450.2	4.43764319401
5.078	0.633050707117	9999.023	207.283257291	9522.949	4.95638220289	10500.0	6.3462819366
5.079	0.55076039806	9997.559	163.053974741	9493.652	2.11860840593	10451.66	3.88516263444
5.08	0.625249283903	9999.023	121.068805808	9451.172	4.55902018566	10510.25	3.46880181526
5.081	0.585311490351	9996.094	154.700983334	9508.301	3.78925904505	10523.44	2.61059117157
5.082	0.418304568267	9991.699	37.9640568028	9505.371	3.47411972656	10539.55	3.54976708922
5.083	0.507834521564	9999.023	93.3023972154	9493.652	2.32670246048	10519.04	3.38560593786
5.084	0.661654340618	9999.023	235.925693983	9455.566	4.07746058974	10529.3	3.8212673449
5.085	0.500153592596	9996.094	59.1286440373	9511.23	3.13061394284	10473.63	2.77686619852
5.086	0.44949735481	9994.629	54.9763289965	9454.102	1.84823503777	10501.46	2.58401894979
5.087	0.537031412508	9996.094	150.229756613	9492.188	3.80655014208	10473.63	3.45495955253
5.088	0.535298209371	9993.164	168.727742321	9462.891	2.91584205308	10545.41	5.34561557524
5.089	0.620867940169	9994.629	180.547711294	9495.117	2.78112496797	10483.89	5.41268059658
5.09	0.603004888953	9997.559	144.80478943	9480.469	3.11144703172	10498.54	3.22416496739
5.091	0.695447684653	9999.023	147.359997071	9495.117	5.43979971559	10546.88	4.46460237991
5.092	0.394762626251	9994.629	54.7692860291	9490.723	2.32864913093	10529.3	1.80379863172
5.093	0.676488007295	9994.629	138.19160092	9457.031	4.35145864579	10473.63	3.727898242
5.094	0.813686636357	9996.094	240.326086392	9483.398	4.21408280685	10502.93	6.28746609187
5.095	0.60740014225	9994.629	163.623149731	9518.555	5.27879836031	10485.35	3.2285179093
5.096	0.648533311009	9999.023	244.495948226	9479.004	4.59956893204	10488.28	3.2863593399
5.097	0.799656807315	9999.023	224.427143752	9515.625	6.47524305454	10495.61	5.09820891045
5.098	0.776363434228	9997.559	176.097582788	9506.836	6.76677549531	10482.42	3.21683992039
5.099	0.496074343704	9994.629	71.9836379338	9498.047	3.18335002083	10467.77	1.81634834915
5.1	0.539169702893	9997.559	115.168582751	9470.215	4.90924272434	10524.9	4.56803248853
5.101	0.637996912976	9997.559	116.304003992	9483.398	3.26705472546	10546.88	3.49804371038
5.102	0.544855142973	9997.559	88.6551718595	9506.836	5.96105657947	10548.34	2.89606959316
5.103	0.467732569346	9996.094	88.4229394567	9527.344	3.31985142277	10488.28	3.21788850305
5.104	0.676765555631	9996.094	154.738601395	9455.566	4.97684529774	10532.23	3.66560741171
5.105	0.595015984721	9999.023	90.8703452367	9520.02	3.75169821249	10492.68	2.21719309032
5.106	0.611016553638	9994.629	205.62292148	9522.949	3.08820656029	10483.89	4.45771300434
5.107	0.493176701779	9991.699	66.5992299001	9539.062	3.21006081816	10508.79	2.74563734708
5.108	0.54969802577	9999.023	160.417287574	9458.496	2.65430356084	10480.96	3.29286051995
5.109	0.550402613326	9999.023	245.598277925	9486.328	6.9872741468	10549.8	2.9476478272
5.11	0.590574099159	9996.094	165.265436779	9455.566	3.91677088953	10532.23	3.30351159693
5.111	0.845291068188	9996.094	241.405183981	9495.117	4.69737002516	10536.62	4.02395337738
5.112	0.829701959567	9996.094	217.815499284	9459.961	4.0478602063	10478.03	4.30395979212
5.113	0.628366735668	9993.164	197.845589781	9500.977	6.88794010846	10464.84	3.69232090798
5.114	0.700512246117	9996.094	157.091815191	9490.723	2.97704322792	10466.31	5.59740180754
5.115	0.466247012279	9997.559	131.417198471	9541.992	2.66815751784	10501.46	3.82511795908
5.116	0.646538163483	9996.094	240.460537695	9457.031	5.90047548582	10457.52	5.74038455848
5.117	0.447784720447	9994.629	109.25405165	9483.398	2.40494772935	10502.93	3.63098623537
5.118	0.490580448117	9994.629	102.75857664	9495.117	2.72310502239	10539.55	2.25112801464
5.119	0.693225590318	9993.164	219.727493426	9499.512	4.0961410773	10505.86	2.58245148262
5.12	0.630247100076	9993.164	261.508605067	9522.949	2.73632505652	10488.28	4.58011490279
5.121	0.703346627114	10000.49	274.295062252	9455.566	4.80873892379	10549.8	2.98817863089
5.122	0.764315001426	9999.023	287.256296451	9467.285	5.90094264469	10464.84	5.40486594226
5.123	0.705312339956	9997.559	319.577708482	9487.793	2.40485521956	10543.95	3.79187498936
5.124	0.570882449716	9994.629	225.793570334	9461.426	3.79863390744	10473.63	2.67470967808
5.125	0.620925109084	9993.164	133.322150838	9534.668	2.52421971894	10516.11	2.05384363304
5.126	0.547362683277	9991.699	112.126336621	9520.02	3.14117369595	10451.66	3.7932775886
5.127	0.720748013375	9997.559	171.14168274	9468.75	3.49233156783	10539.55	2.80036468698
5.128	0.546218353854	9996.094	146.173439016	9470.215	3.90448202599	10545.41	4.89233012198
5.129	0.700710119314	9996.094	337.205767565	9521.484	5.83221492034	10521.97	3.95849425096
5.13	0.660965332271	9997.559	413.094649519	9547.852	4.49501389173	10548.34	5.22931114769
5.131	0.84629747018	9996.094	396.014558476	9549.316	3.37261085547	10514.65	4.26323231401
5.132	0.583560836004	9994.629	266.170118387	9531.738	2.22216301293	10527.83	4.55421013715
5.133	0.828067337333	9999.023	284.127112083	9525.879	3.64337128944	10492.68	5.29409433989
5.134	0.750114595994	9999.023	416.214508318	9468.75	3.79213622403	10514.65	3.9727551559
5.135	0.740645535161	9997.559	280.094328374	9509.766	4.17502480702	10483.89	3.76588589852
5.136	0.633185589392	9994.629	121.696496116	9508.301	2.69101855765	10530.76	2.02647796671
5.137	0.515828608872	9993.164	87.8702042079	9498.047	3.14932864444	10526.37	4.5740050562
5.138	0.549205132508	9993.164	111.672137758	9496.582	2.79694098565	10523.44	4.3007862822
5.139	0.6519948126	9993.164	272.556538872	9465.82	6.05736882668	10535.16	2.92906517486
5.14	0.579475840413	9999.023	201.624794661	9512.695	4.8527528856	10500.0	4.00263745362
5.141	0.484939234452	9996.094	74.7618155791	9461.426	1.67097039103	10538.09	2.34829259207
5.142	0.694040922859	9997.559	301.951876917	9540.527	4.91625435457	10548.34	4.71350909018
5.143	0.791736053082	9997.559	287.362145025	9503.906	3.06593229071	10460.45	4.67201482396
5.144	0.743325655831	9996.094	292.511333244	9461.426	3.80802830126	10521.97	4.17244276342
5.145	0.528296809614	9991.699	103.503615405	9459.961	4.57837964643	10520.51	4.33857269701
5.146	0.942962094943	9999.023	397.165794251	9506.836	4.56820703579	10548.34	2.98064722854
5.147	0.59499873558	9996.094	121.27873589	9479.004	2.79399597084	10542.48	4.56761540988
5.148	0.747349275491	9999.023	397.360203535	9461.426	5.9000749803	10549.8	3.64907404418
5.149	0.736509117288	9994.629	172.910708134	9502.441	2.69361184739	10494.14	5.34588393128
5.15	0.791045555101	9996.094	366.091609138	9483.398	4.76391893684	10536.62	4.48162145829
5.151	0.829458732225	9994.629	153.573856049	9508.301	6.00814850199	10549.8	2.28239163894
5.152	0.686374125666	9999.023	201.059506645	9506.836	2.88355158873	10519.04	4.47150119365
5.153	0.9621876649	9999.023	352.100819622	9495.117	4.01097574391	10507.32	7.27039384436
5.154	0.881206913167	9997.559	328.644391663	9492.188	5.1461249563	10483.89	4.83720715079
5.155	0.801565842784	9997.559	257.202548184	9462.891	5.66752721105	10513.18	5.19716241024
5.156	0.693463246385	9994.629	232.451493806	9508.301	2.97908145991	10470.7	5.20440029409
5.157	0.672698447158	9993.164	258.804149502	9498.047	4.30522008544	10454.59	5.28225390191
5.158	0.883436179872	10000.49	388.717163288	9541.992	4.32087833456	10542.48	4.72188681627
5.159	0.576214014021	9999.023	166.276480071	9544.922	3.73699947318	10521.97	2.50144465855
5.16	0.585379186131	9996.094	123.205300192	9483.398	4.33561063539	10486.82	5.35324850851
5.161	0.817402707033	9994.629	171.681022012	9477.539	4.69032926322	10507.32	3.85454561162
5.162	0.772790718104	9994.629	210.081746963	9511.23	8.4066676998	10482.42	7.60597658308
5.163	0.909994612278	9994.629	246.78586691	9520.02	5.03630121558	10461.91	4.95828038434
5.164	0.662932640565	9991.699	132.767915021	9543.457	2.29384274993	10502.93	3.17465303996
5.165	1.09136033236	10000.49	344.957839153	9522.949	10.20700512	10488.28	6.77297598396
5.166	0.692130293606	9999.023	274.541139975	9524.414	5.03932271513	10478.03	4.22848936416
5.167	0.763325928436	9996.094	283.227209952	9520.02	4.93624891271	10472.17	3.33060588003
5.168	1.08722200553	9997.559	402.360230771	9547.852	6.93307288921	10456.05	7.8825313209
5.169	0.824183627422	9993.164	277.140990989	9508.301	4.45620523946	10517.58	3.43744952366
5.17	0.560845334792	9991.699	76.4473494035	9483.398	2.85708310553	10548.34	2.54475691704
5.171	1.01143320035	9999.023	473.835685676	9524.414	4.41363018504	10495.61	3.93065818468
5.172	0.578768292761	9996.094	155.45385562	9537.598	4.1911997415	10486.82	4.55956086824
5.173	0.981146302616	9996.094	538.662324621	9484.863	7.43774137024	10505.86	6.53181242299
5.174	0.674863696783	9994.629	148.905780157	9489.258	3.12509870959	10458.98	3.22034761455
5.175	0.850923632227	9997.559	304.223445479	9473.145	4.93239092506	10469.24	3.15701877331
5.176	0.619855807193	9991.699	212.08417178	9451.172	4.47505945171	10463.38	4.04841058222
5.177	0.829719659448	10001.95	258.673277264	9471.68	4.68189859971	10520.51	4.27136828122
5.178	0.638882667127	9999.023	299.330615324	9470.215	3.76706385202	10463.38	4.19877860355
5.179	0.881451273022	9999.023	495.805397928	9490.723	5.42704116551	10460.45	4.85495007684
5.18	0.826246182089	9994.629	205.442574705	9511.23	5.72732770234	10486.82	6.14804036447
5.181	0.844350531358	9996.094	415.809899547	9543.457	3.61456753396	10529.3	5.88370135511
5.182	1.01220063996	9994.629	457.172336646	9517.09	5.88849121412	10456.05	6.31782435263
5.183	0.760159502219	9999.023	306.048569564	9503.906	4.92986475961	10536.62	6.91924403129
5.184	0.87155825135	9999.023	482.783387015	9503.906	7.90520159118	10466.31	6.05051844229
5.185	1.20997531812	9997.559	574.583561332	9541.992	3.89866064565	10456.05	6.82970317288
5.186	0.779290556366	9997.559	281.794716877	9473.145	3.57982717807	10469.24	6.55300409656
5.187	1.04855442207	9996.094	516.195147528	9520.02	8.5830406594	10451.66	5.24833137895
5.188	1.21668950297	9994.629	650.611552919	9468.75	9.08511283293	10479.49	6.67696890391
5.189	0.969190466845	9994.629	447.159798619	9522.949	6.1838518242	10539.55	7.19665011186
5.19	0.723548628991	9997.559	269.560785149	9502.441	7.07457736161	10483.89	8.75949072534
5.191	1.1144655656	9999.023	589.175289081	9489.258	5.26699190752	10536.62	4.99559993631
5.192	0.584723196715	9994.629	225.511357946	9470.215	5.28083506861	10470.7	3.49705098846
5.193	0.837613381306	9993.164	221.350950029	9483.398	4.93390533332	10516.11	5.26833822825
5.194	0.829569104432	9996.094	354.071355849	9539.062	7.93746509374	10467.77	4.05800512588
5.195	1.054634364	9994.629	388.63597726	9477.539	4.4713966073	10519.04	5.29934685065
5.196	0.760573371234	9997.559	218.168538413	9499.512	3.49918872699	10480.96	2.94396151847
5.197	0.866491788799	9997.559	312.15557368	9520.02	4.95035485483	10485.35	5.61961146049
5.198	0.9803665738	9996.094	470.797487216	9457.031	5.65025400696	10480.96	5.94829653821
5.199	0.932490560834	9997.559	459.947272854	9470.215	8.04524249432	10476.56	4.23947214673
5.2	1.17259315594	9996.094	603.372126095	9530.273	6.85416038585	10454.59	5.34687385715
5.201	1.24146895436	9994.629	800.355156804	9500.977	7.3793269026	10466.31	7.1984138229
5.202	0.653385643092	9997.559	211.93691862	9512.695	3.77874950847	10529.3	2.99873357261
5.203	0.948437951861	9997.559	501.910508357	9479.004	9.35227849574	10510.25	7.91891522381
5.204	1.18706823925	9997.559	716.902093443	9534.668	8.18131799697	10514.65	5.12152461114
5.205	1.1699788124	9996.094	643.828442365	9451.172	9.27355503092	10510.25	5.16499088819
5.206	1.10378497172	9994.629	483.978741864	9539.062	7.45678155262	10508.79	7.46707915935
5.207	0.701635915914	9991.699	207.761808056	9502.441	3.70531761183	10476.56	3.66023745368
5.208	1.26735454036	10000.49	784.97595006	9498.047	9.78528112529	10539.55	5.82279596175
5.209	1.05634463765	9999.023	795.106336815	9467.285	6.91173253823	10476.56	4.68149713163
5.21	1.00403098564	9999.023	389.755740593	9498.047	8.54656051104	10497.07	4.83736977053
5.211	1.11607818321	9996.094	754.737671847	9486.328	7.29504727999	10548.34	6.75282388653
5.212	0.641753669017	9993.164	171.953484025	9549.316	2.69470570298	10519.04	2.45042675975
5.213	1.23197140228	9993.164	482.068796405	9454.102	4.42520019276	10546.88	4.434835852
5.214	1.38799551937	9994.629	789.241819341	9458.496	8.12368505268	10536.62	7.84642327494
5.215	1.21694606894	9999.023	860.67295937	9480.469	7.40819504903	10451.66	6.75668312992
5.216	0.986390173974	9999.023	523.05584779	9536.133	5.91411311895	10529.3	4.42825076889
5.217	0.846108879925	9994.629	376.442910351	9539.062	4.81668794073	10508.79	4.64432136234
5.218	1.00155759294	9996.094	546.775978791	9506.836	6.21727730913	10472.17	8.187418146
5.219	0.976776041139	9994.629	477.906543682	9489.258	6.79713074796	10501.46	6.63719927194
5.22	0.864545925682	9994.629	391.344232514	9490.723	9.09417452396	10523.44	6.69620612279
5.221	0.880155899578	9999.023	475.552465178	9539.062	4.81061230172	10532.23	5.14934112844
5.222	1.00962233931	9999.023	440.29446996	9471.68	6.33858668858	10488.28	6.8716629167
5.223	0.935553860924	9996.094	536.833995146	9473.145	8.94168362193	10461.91	9.38722625269
5.224	1.06303071716	9997.559	408.100002345	9514.16	6.78231617933	10467.77	6.58280545356
5.225	0.705511112848	9993.164	230.873331485	9492.188	4.48191758829	10541.02	2.79618386347
5.226	0.781411392397	9994.629	264.897710505	9467.285	4.23901360253	10485.35	13.1718253769
5.227	0.817973267963	9999.023	468.59124264	9461.426	8.25486259414	10472.17	7.28647843694
5.228	1.0193898131	9996.094	341.012904763	9539.062	7.17470632567	10523.44	5.98821966547
5.229	1.16653591548	10000.49	348.203593747	9483.398	14.965446118	10480.96	11.0468312162
5.23	1.1569266961	9996.094	466.301813864	9471.68	5.74121454065	10508.79	7.78628475584
5.231	1.05558586463	9996.094	399.354575193	9506.836	5.70375202313	10508.79	5.91956884743
5.232	1.16975608965	9996.094	456.817035614	9464.355	5.18122900725	10529.3	6.62444094241
5.233	1.10261139735	10000.49	379.622142755	9537.598	5.78751756507	10507.32	7.53404474941
5.234	0.905544418554	10000.49	210.650344955	9517.09	6.06434286597	10548.34	6.72549584737
5.235	1.03319861511	9997.559	408.950631247	9476.074	8.20789798818	10480.96	8.3705125705
5.236	1.08513609338	9996.094	449.716580199	9471.68	4.02723406885	10539.55	8.0936722756
5.237	0.96238093167	9993.164	154.017563909	9455.566	4.88188056094	10516.11	7.11689222563
5.238	1.12155106928	9996.094	475.285232969	9515.625	8.39989124526	10450.2	6.30605589146
5.239	0.87620667218	9994.629	301.895064564	9455.566	4.2192507542	10533.69	6.53191972569
5.24	0.946494189845	9997.559	205.939133474	9467.285	3.81937212248	10533.69	6.74246775248
5.241	1.18389214544	9999.023	392.857931743	9544.922	8.43569845216	10510.25	8.5154715468
5.242	0.79804208913	9996.094	163.070930198	9499.512	3.21484521745	10535.16	3.58170275944
5.243	0.869172903747	9997.559	327.40901662	9531.738	6.22505803661	10545.41	4.51348070528
5.244	1.00196962379	9996.094	256.973396919	9514.16	4.529211342	10470.7	5.1116821333
5.245	0.953772189439	9994.629	265.951955426	9500.977	4.68740534076	10541.02	6.77246541926
5.246	1.38597907149	9999.023	449.70784858	9547.852	11.689205592	10549.8	5.76675138248
5.247	1.07947630098	9999.023	290.948894726	9503.906	9.81325674489	10450.2	6.64983318938
5.248	1.20664476461	9997.559	293.842129069	9461.426	7.78125104055	10461.91	7.22205827102
5.249	1.18300052841	9996.094	322.712290277	9509.766	7.88874399347	10504.39	8.48503331162
5.25	0.696040439693	9993.164	87.0878391323	9518.555	6.16839025226	10454.59	3.40947193621
5.251	1.15524499386	9994.629	340.922484289	9502.441	5.04905580604	10480.96	7.65069957774
5.252	1.00531596139	10000.49	295.645926228	9505.371	9.3624005855	10483.89	5.19827649927
5.253	0.965627510946	9997.559	202.268849444	9499.512	6.34444261402	10548.34	4.25231581536
5.254	1.24828456062	9997.559	425.922863051	9474.609	9.16928437995	10514.65	9.89715281532
5.255	0.88930689969	9994.629	123.662432371	9455.566	7.09843126758	10453.12	8.78510960866
5.256	1.01119659319	9994.629	262.801397472	9457.031	6.57461302377	10454.59	4.88602314115
5.257	0.880002090696	9993.164	106.220257862	9481.934	7.39339313506	10463.38	5.04933065926
5.258	0.790680401366	9997.559	145.690498006	9486.328	4.02231608578	10467.77	3.52196213191
5.259	0.706628655288	9997.559	74.5845733277	9464.355	3.25359249719	10504.39	5.03140961531
5.26	0.833538503563	9996.094	187.726434344	9540.527	3.71388580122	10461.91	5.50340322312
5.261	1.07076174013	9996.094	333.463055325	9539.062	6.16716706074	10501.46	6.24614984958
5.262	1.09064262529	9997.559	336.071351577	9489.258	6.0490855449	10516.11	3.81334842888
5.263	1.06882405116	9996.094	314.482333489	9451.172	7.49943970852	10514.65	5.96290341663
5.264	1.05260736995	9996.094	299.809370717	9464.355	8.66404657153	10450.2	8.45424091582
5.265	1.24852940954	9999.023	473.828020188	9520.02	6.80400053911	10524.9	6.79403132585
5.266	0.705454211466	9996.094	112.299724122	9474.609	5.09362536029	10472.17	5.81673223893
5.267	1.40495101087	9997.559	458.861543772	9457.031	8.41020944643	10546.88	5.54963508219
5.268	0.969592448147	9996.094	295.671616424	9541.992	10.3398695928	10548.34	10.0130889892
5.269	1.29625759056	9996.094	403.438003617	9459.961	8.03451953721	10549.8	4.95886870101
5.27	0.950892191004	9994.629	216.359252623	9464.355	4.46547343155	10533.69	5.78863881973
5.271	1.01495215166	10000.49	480.891535951	9509.766	6.39299741449	10532.23	12.7889818805
5.272	1.0319286982	9996.094	196.968696067	9464.355	3.09956796431	10467.77	7.34690010732
5.273	1.36886572458	9996.094	465.707342005	9484.863	13.4685446066	10473.63	7.06373123993
5.274	1.28140590028	9996.094	290.559009431	9506.836	11.3361646049	10536.62	5.62013860767
5.275	1.2109771183	9994.629	312.82247355	9524.414	4.81391400817	10535.16	8.45789104321
5.276	1.15438589128	9993.164	225.829985006	9483.398	9.01233284652	10507.32	8.48815977751
5.277	1.39647115159	10000.49	325.391022363	9484.863	8.54312092033	10510.25	8.39106890471
5.278	1.69395492337	9997.559	317.28961519	9515.625	9.03906649903	10454.59	6.94737549574
5.279	1.3394846232	9996.094	265.056510981	9509.766	8.78385967816	10513.18	10.4075249184
5.28	1.92402805012	9994.629	112.873835733	9489.258	14.9962506045	10549.8	7.49694642728
5.281	2.36065680487	9996.094	357.865906044	9534.668	10.3993867662	10549.8	10.6296273543
5.282	1.80998248678	9996.094	337.228459074	9458.496	12.0128252655	10529.3	10.0869174796
5.283	1.77917014307	9999.023	448.691503308	9486.328	12.3124472165	10527.83	7.88766570757
5.284	1.64032755557	9997.559	225.579638519	9467.285	6.35844262118	10536.62	10.4226664128
5.285	1.97566606363	9996.094	174.833200851	9528.809	9.17170960916	10533.69	10.7416960069
5.286	1.87481803006	9997.559	449.161501147	9484.863	8.9694268524	10500.0	14.1105156662
5.287	1.57632440412	9996.094	321.142773556	9525.879	4.04172126206	10460.45	8.21513634847
5.288	1.34168127382	9994.629	421.39483273	9541.992	9.14241097922	10457.52	9.51889357447
5.289	1.18498134268	9994.629	403.947538577	9451.172	6.87179716562	10500.0	7.88476856267
5.29	0.817915120225	9997.559	232.916505374	9536.133	5.96472698849	10456.05	8.62329335943
5.291	1.23044608179	9999.023	315.915937438	9479.004	9.12464286788	10488.28	5.92950703832
5.292	0.904040420529	9994.629	181.198345531	9495.117	7.52860955191	10541.02	4.59421423163
5.293	1.23334071815	9996.094	400.082411156	9547.852	10.1951909686	10539.55	10.0761751606
5.294	0.913276104459	9993.164	244.035589796	9525.879	5.08952488198	10505.86	6.22182226961
5.295	1.19497080938	9994.629	459.751411606	9464.355	7.06847944845	10516.11	7.95992693441
5.296	0.730065390935	9997.559	89.1630077903	9524.414	4.99964804457	10536.62	3.28664317058
5.297	0.941073654964	9999.023	293.08601304	9527.344	7.02259203606	10478.03	5.25473168318
5.298	0.715522399891	9994.629	60.7048841421	9468.75	3.91558306845	10461.91	2.78753610808
5.299	1.06224351408	9996.094	308.983283593	9464.355	10.8199834004	10485.35	7.4714783209
5.3	1.43161601493	9994.629	382.366314233	9480.469	14.8160569556	10521.97	5.65064835822
5.301	1.01836160549	9993.164	183.777720292	9547.852	6.20351303633	10479.49	4.55368299176
5.302	1.10536256518	10000.49	270.126007316	9544.922	6.30814401636	10545.41	7.12864247448
5.303	1.09634597409	9999.023	311.276419783	9476.074	6.85014004823	10507.32	4.9087480415
5.304	1.19249006759	9997.559	344.910331564	9522.949	5.59886865649	10467.77	7.80017013467
5.305	0.917273640824	9996.094	324.977623635	9522.949	9.14509529797	10516.11	6.20293660532
5.306	1.11694613613	9996.094	400.915125543	9503.906	7.42181093637	10492.68	5.7300346921
5.307	0.848878692379	9993.164	237.341373806	9454.102	8.75828650576	10501.46	6.76168430648
5.308	1.19490047642	10000.49	453.686264603	9467.285	5.28745298246	10479.49	8.7807628628
5.309	1.21187893594	9997.559	498.896269065	9487.793	9.26801179213	10521.97	9.48003233287
5.31	0.908460362858	9996.094	125.734074187	9540.527	4.41163170777	10472.17	4.19492269162
5.311	1.15729666462	9996.094	448.859456863	9512.695	4.94814204179	10479.49	10.3188169353
5.312	1.09931404761	9996.094	304.735183562	9537.598	5.22916867753	10491.21	4.91824449483
5.313	1.12081176899	9994.629	394.611105184	9534.668	7.09413983503	10492.68	8.20939542598
5.314	1.30316022165	9994.629	363.058059498	9492.188	13.4593750272	10470.7	3.8606747859
5.315	1.41026252768	9999.023	521.551780197	9540.527	9.03352830859	10461.91	8.99235672401
5.316	1.21064048244	9997.559	423.789630767	9512.695	7.00109998698	10505.86	8.37950693689
5.317	1.44280465853	9996.094	450.335898641	9474.609	14.6652309985	10486.82	5.9751645399
5.318	0.861118140176	9993.164	64.3823414395	9520.02	6.34857949005	10483.89	5.60358503404
5.319	1.71855155148	9996.094	465.374780141	9508.301	12.5224289338	10457.52	8.2390853462
5.32	1.31330166484	9994.629	321.715142684	9496.582	10.5306723515	10494.14	10.0311436669
5.321	1.21075938791	10000.49	350.769157152	9530.273	7.70147518011	10489.75	7.28453556784
5.322	1.13831405051	9996.094	166.611782145	9505.371	7.11033429317	10491.21	9.52007415549
5.323	0.859096429496	9994.629	143.53089711	9537.598	7.04970463471	10517.58	7.29240536891
5.324	1.31224037515	9994.629	247.953717123	9473.145	10.6676609384	10456.05	5.00642415192
5.325	1.50183602808	9996.094	293.40415393	9451.172	8.45806501626	10453.12	5.92587582221
5.326	1.33112062782	9996.094	271.312822637	9502.441	9.53928632214	10469.24	9.03336475788
5.327	1.41051413267	9999.023	236.218137688	9457.031	7.82999040002	10511.72	8.56234242341
5.328	1.3170402755	9997.559	226.19073613	9520.02	8.73618813486	10524.9	6.35299764203
5.329	1.42461164088	9996.094	270.101595441	9486.328	5.41837497064	10539.55	17.658529516
5.33	1.32444125976	9997.559	128.737301305	9477.539	7.25061719745	10542.48	8.96585311837
5.331	1.07616019673	9996.094	142.112014781	9471.68	8.23853017746	10460.45	6.90805831935
5.332	1.42840839669	9994.629	184.913640034	9544.922	10.3280642147	10513.18	8.75207206385
5.333	1.55243617817	9997.559	100.924184949	9471.68	7.49595687454	10523.44	7.51717888952
5.334	1.81398458616	9997.559	50.1229197122	9536.133	5.90140947845	10539.55	9.7968243724
5.335	3.54457402975	9997.559	155.551356211	9541.992	20.5871950761	10456.05	22.8325739896
5.336	1.1956864877	9994.629	90.215975377	9451.172	5.91391366178	10467.77	6.98254165843
5.337	1.54876042936	9996.094	193.771831293	9465.82	9.54398310097	10524.9	7.61398516149
5.338	1.40739962458	9994.629	265.80395733	9498.047	7.32108409661	10475.1	10.426192778
5.339	1.0355792768	9994.629	199.33608275	9517.09	13.4498145958	10501.46	4.65124054708
5.34	1.07622180203	9997.559	180.645411626	9464.355	6.59754276713	10526.37	7.28355891233
5.341	1.4782851831	9999.023	300.534112327	9530.273	18.0316743934	10497.07	11.6460729981
5.342	0.942626136331	9997.559	198.37945699	9527.344	3.69556892767	10495.61	7.3282880393
5.343	1.39131105712	9996.094	281.263516891	9520.02	8.67132567567	10520.51	7.50179934784
5.344	1.14088590409	9994.629	231.955573285	9528.809	7.61283866436	10549.8	9.25214257838
5.345	0.832307764514	9991.699	59.6019497363	9464.355	5.86726870025	10513.18	5.78222937771
5.346	1.17522986935	9999.023	185.197820137	9547.852	6.07767161596	10483.89	5.54500839296
5.347	1.42522325906	9999.023	308.205795787	9527.344	8.38147736482	10482.42	9.37309030922
5.348	1.03539166208	9994.629	126.020305814	9541.992	7.08182917038	10546.88	9.20569450354
5.349	1.01512616622	9994.629	186.152362087	9522.949	7.44633395295	10502.93	5.62358616303
5.35	1.25376588039	9996.094	353.682414118	9528.809	9.35962895705	10456.05	13.2362682135
5.351	1.17357449779	9994.629	246.52348744	9546.387	8.97924243311	10498.54	8.39040481602
5.352	0.844531498715	9997.559	114.002415154	9537.598	7.33792898595	10488.28	5.58869518325
5.353	0.986008382138	9997.559	288.282242759	9473.145	5.14697689057	10514.65	6.37290736508
5.354	0.914780461945	9997.559	304.555516536	9530.273	4.26566685864	10495.61	4.7936824396
5.355	0.767005057197	9997.559	223.394390691	9476.074	3.84322429683	10502.93	6.87314466322
5.356	0.834836072068	9996.094	261.236160347	9524.414	7.5870389205	10510.25	5.05231803191
5.357	0.605740962987	9993.164	128.259974886	9515.625	7.29212580754	10520.51	5.13466596161
5.358	0.831133650982	9999.023	249.03527997	9459.961	3.6358113295	10543.95	4.33227073261
5.359	0.624748922558	9997.559	153.374779257	9479.004	4.06379024328	10520.51	4.62831960683
5.36	0.855205951149	9996.094	224.135440942	9461.426	5.63922544077	10535.16	6.65492532777
5.361	0.500676788632	9994.629	104.908095165	9541.992	3.98592401357	10536.62	4.07993985333
5.362	0.928143444018	9996.094	380.015348654	9483.398	9.75821283928	10458.98	5.5506144356
5.363	0.684393666823	9993.164	235.839359605	9484.863	4.42014844222	10524.9	3.94938435358
5.364	0.586018455268	9991.699	161.213577403	9549.316	4.75611933645	10482.42	3.22998025817
5.365	0.605709016428	9997.559	147.79108459	9459.961	3.71260627645	10488.28	3.2576668261
5.366	0.803963092949	9999.023	338.15891232	9503.906	6.12169536633	10504.39	4.20820972736
5.367	0.859316692265	9997.559	382.7345255	9496.582	6.80853208787	10450.2	5.27387167797
5.368	0.876104667653	9996.094	256.196448084	9481.934	4.3572437177	10546.88	7.13828291119
5.369	0.724626702081	9996.094	398.972748799	9543.457	7.94760341574	10458.98	6.26571343321
5.37	0.792025679893	9993.164	351.956168566	9489.258	7.53940505619	10511.72	4.18252014797
5.371	0.961781987992	10000.49	381.489481062	9505.371	3.3638355449	10476.56	4.74018538591
5.372	0.770090876166	9999.023	265.36912753	9527.344	4.63621394626	10485.35	3.78482455349
5.373	0.681295079429	9997.559	254.237853691	9547.852	4.2842097722	10470.7	5.13171926822
5.374	0.534454561055	9994.629	125.277741292	9511.23	2.99848098301	10501.46	2.9806386376
5.375	0.680282776466	9994.629	324.807851652	9525.879	3.59435103682	10500.0	3.61189491383
5.376	0.744705596646	9994.629	285.480397261	9480.469	4.32388644807	10458.98	2.34262513394
5.377	0.618806483246	9999.023	241.268212114	9493.652	3.18763531614	10505.86	2.38763314229
5.378	0.652846309668	9997.559	342.431691019	9521.484	3.96475241082	10520.51	6.42023219983
5.379	0.765102558926	9997.559	371.469634963	9506.836	6.1115000308	10492.68	5.01113249911
5.38	0.527560175625	9994.629	124.03108374	9451.172	2.00032497243	10548.34	2.4255432749
5.381	0.604117301514	9996.094	245.713402281	9461.426	3.31542087631	10461.91	3.78592403342
5.382	0.728564359509	9994.629	335.938046183	9505.371	4.41140593719	10505.86	5.25981645617
5.383	0.407683485272	9999.023	98.9508000779	9531.738	1.84108228397	10469.24	2.42591266816
5.384	0.608662423825	9999.023	205.259128122	9533.203	3.22804911352	10533.69	4.2705640467
5.385	0.539437826333	9999.023	187.991791675	9470.215	6.30473311285	10543.95	4.62068113992
5.386	0.423072593943	9997.559	94.4241662367	9452.637	3.95228475462	10463.38	4.07366491111
5.387	0.775485504711	9996.094	265.567866021	9544.922	4.39502568017	10504.39	3.31411472379
5.388	0.4661225209	9993.164	107.795217809	9544.922	3.90560213771	10453.12	4.20583582324
5.389	0.983221775978	9993.164	177.905622566	9477.539	6.57695886096	10454.59	7.44417510514
5.39	0.825565786623	10000.49	212.065867952	9468.75	4.775999453	10519.04	6.30388258519
5.391	0.413929760918	9996.094	118.043112082	9464.355	3.85695168607	10501.46	2.70932232677
5.392	0.782824016465	9997.559	327.483062055	9465.82	6.01176185655	10475.1	5.79909999847
5.393	0.569088022513	9996.094	146.377093571	9455.566	3.48453693956	10497.07	3.0182311838
5.394	0.507421460084	9993.164	110.972165226	9496.582	3.09279592654	10504.39	1.99058159646
5.395	0.442416814127	9991.699	67.3148110974	9489.258	2.49371637435	10548.34	4.08811199968
5.396	0.684726416029	9999.023	179.763231602	9544.922	4.74744995717	10502.93	3.33970034976
5.397	0.58748605216	9997.559	159.712716958	9486.328	3.05098351367	10451.66	5.24746254609
5.398	0.462290455584	9994.629	70.3636551351	9525.879	1.84500280332	10549.8	2.27984361754
5.399	0.474915736179	9994.629	129.13796417	9454.102	2.79687708631	10469.24	5.52477726676
5.4	0.593071710024	9996.094	284.49944527	9544.922	3.4627498596	10492.68	3.64077699456
5.401	0.528835080384	9991.699	121.532970448	9541.992	3.35534094031	10521.97	3.57072719616
5.402	0.526401518819	9999.023	206.258856823	9495.117	4.55818475994	10480.96	3.21897491589
5.403	0.673441826686	9999.023	241.725846004	9499.512	5.29388541379	10457.52	5.6974524899
5.404	0.610236530262	9997.559	250.680167445	9452.637	3.36668186363	10514.65	5.36208752614
5.405	0.514184884934	9997.559	157.239827445	9505.371	1.99984618435	10519.04	3.88400521894
5.406	0.541887153884	9994.629	169.010792497	9498.047	3.44000027523	10510.25	3.4133411561
5.407	0.532875997887	9996.094	233.094178069	9544.922	2.90188417255	10532.23	3.14471124341
5.408	0.568740989837	10000.49	321.485906007	9547.852	4.16043573056	10542.48	5.23885768342
5.409	0.684088930382	9999.023	351.484336167	9474.609	4.62394096196	10527.83	3.89117093292
5.41	0.351670545977	9996.094	96.1802499182	9544.922	2.04174799644	10546.88	2.39613312755
5.411	0.521545881548	9997.559	249.55317653	9495.117	3.52548436948	10470.7	5.94951651312
5.412	0.493037896214	9996.094	133.351630356	9480.469	2.22726217083	10510.25	4.70404190034
5.413	0.377223285822	9993.164	71.6929837328	9484.863	4.40820268319	10514.65	2.72787500967
5.414	0.374673628283	9991.699	63.1715232875	9455.566	2.42419353205	10463.38	2.95098627938
5.415	0.399692404531	9997.559	32.8771743748	9481.934	1.8023950354	10526.37	2.50320090524
5.416	0.374509760991	9996.094	74.6852788051	9544.922	2.70212570993	10511.72	3.33052394162
5.417	0.534922683988	9997.559	134.040016834	9458.496	2.14409545781	10514.65	2.41204819014
5.418	0.497157825973	9996.094	108.867799915	9517.09	3.37562614158	10463.38	3.4043621571
5.419	0.566014594004	9996.094	160.247026883	9512.695	5.7692069732	10466.31	2.77459986538
5.42	0.332271560442	9991.699	31.188139272	9512.695	2.02827253126	10507.32	2.46086568558
5.421	0.457966857939	9999.023	117.178787651	9515.625	2.78772185015	10524.9	5.81310769066
5.422	0.405594329461	9996.094	29.3944522584	9541.992	2.04934027813	10480.96	2.74314896628
5.423	0.528329939468	9999.023	94.2656169109	9481.934	5.71945225882	10489.75	2.62010535084
5.424	0.282938707561	9994.629	48.3855760028	9502.441	2.22824045305	10456.05	1.55774157047
5.425	0.508757671167	9996.094	98.4623117973	9515.625	4.06251994564	10541.02	3.80565635872
5.426	0.498150593633	9993.164	126.360815559	9454.102	2.34241247167	10470.7	2.32357175732
5.427	0.349693007799	9997.559	33.1551627865	9539.062	2.13882182503	10479.49	2.69038798936
5.428	0.304306850956	9996.094	48.2656351904	9490.723	1.89460231095	10517.58	4.24337829874
5.429	0.463211524687	9997.559	111.572213248	9490.723	2.05265302264	10461.91	3.22911543922
5.43	0.468417909495	9997.559	118.075001087	9539.062	2.78972100793	10450.2	3.32304921574
5.431	0.263862936575	9993.164	29.1824829784	9515.625	2.27885556663	10529.3	2.06022966739
5.432	0.412395630605	9994.629	88.4658735316	9467.285	2.04323512597	10497.07	2.53253082494
5.433	0.485541538657	9999.023	120.264473769	9455.566	3.73225442811	10549.8	1.79993449755
5.434	0.427991607938	9999.023	123.67899659	9521.484	2.95579061859	10524.9	2.48995661414
5.435	0.36041040649	9996.094	65.346920872	9546.387	2.08083032851	10511.72	2.42199450628
5.436	0.429735559897	9994.629	84.9948500378	9486.328	3.6149837363	10500.0	4.00020451938
5.437	0.346149031094	9993.164	40.0365870688	9451.172	1.42569179798	10494.14	2.70556950108
5.438	0.382676485428	9996.094	125.337312326	9476.074	3.00944126023	10486.82	3.17732567228
5.439	0.332125441337	9991.699	79.0574223876	9459.961	2.28569438048	10453.12	1.93276365812
5.44	0.324024456131	9997.559	58.4910598102	9514.16	2.32167841965	10533.69	2.57676413339
5.441	0.43776649863	9997.559	178.935769448	9479.004	3.64796912105	10480.96	2.77156931879
5.442	0.262257259134	9994.629	58.1784968591	9473.145	2.35978625344	10472.17	1.19112685997
5.443	0.415588167833	9996.094	141.587703674	9512.695	3.57540006973	10486.82	2.36574070802
5.444	0.245225075636	9991.699	40.3669951882	9451.172	1.77200301429	10524.9	1.39838990293
5.445	0.383861568143	9994.629	130.242405921	9499.512	3.20523766748	10500.0	3.5756454081
5.446	0.469642613291	9999.023	200.408537893	9458.496	3.40883154939	10491.21	4.10990454058
5.447	0.514070089766	9999.023	226.902835551	9530.273	3.89581627775	10457.52	1.97827745443
5.448	0.440889950106	9996.094	159.13258044	9515.625	2.70635012154	10463.38	2.0937743281
5.449	0.439643736725	9997.559	153.728530488	9527.344	2.23078752695	10495.61	2.07752713028
5.45	0.371789027899	9996.094	149.282609186	9455.566	3.39064804123	10530.76	1.44016459424
5.451	0.434611923485	9996.094	166.854142002	9549.316	1.67436022978	10539.55	3.43687339286
5.452	0.470123120574	9999.023	185.222051429	9476.074	1.86810750911	10514.65	5.04846877698
5.453	0.463176585282	9997.559	188.625863251	9517.09	2.3204202431	10463.38	2.29203453628
5.454	0.432156138779	9997.559	120.361603335	9493.652	2.54471753072	10541.02	2.26957119698
5.455	0.463292301343	9996.094	153.330408342	9549.316	1.81030245099	10473.63	1.59976821526
5.456	0.424102138987	9996.094	120.514251794	9452.637	2.37490285545	10536.62	3.65164100581
5.457	0.248044951689	9991.699	35.5454328799	9549.316	0.976454373284	10517.58	1.2218011551
5.458	0.338050697867	9999.023	86.9718841923	9506.836	1.6518268765	10463.38	2.54887966974
5.459	0.407669398978	9999.023	116.017969795	9461.426	1.81061503021	10498.54	2.18795850913
5.46	0.308591741919	9997.559	83.3605146553	9505.371	2.02782565238	10480.96	1.63210390787
5.461	0.467155863029	9997.559	142.788637738	9480.469	3.39631570368	10491.21	2.44443653665
5.462	0.370917259283	9994.629	106.246283404	9489.258	1.80751885735	10464.84	1.82076467459
5.463	0.36666914394	9993.164	68.3512513269	9536.133	1.1835132414	10532.23	1.81846182732
5.464	0.335008667631	9991.699	78.9955715419	9528.809	1.94249180481	10527.83	1.94887487682
5.465	0.415688913042	9997.559	92.7298447163	9467.285	4.76014341204	10457.52	2.78158648666
5.466	0.452877341641	9996.094	86.7193343606	9496.582	3.56872887399	10541.02	1.95699808957
5.467	0.410114883734	9997.559	142.775612664	9452.637	2.90581218152	10527.83	2.40679877653
5.468	0.413441913981	9996.094	137.577431583	9518.555	3.78204060317	10529.3	3.41544292492
5.469	0.354547704159	9993.164	98.6257529063	9534.668	1.33948896398	10489.75	1.36456387619
5.47	0.362988150309	9994.629	191.359679999	9528.809	1.55720802294	10545.41	2.42915970533
5.471	0.387644120781	9999.023	156.333420363	9517.09	1.66912306472	10480.96	3.56514262119
5.472	0.346867566074	9997.559	93.3332981833	9481.934	1.67284961761	10521.97	1.95785931039
5.473	0.311772398875	9996.094	86.2663540899	9522.949	3.11787178999	10450.2	2.95951197891
5.474	0.25969931487	9994.629	40.915845918	9464.355	1.74395644606	10485.35	1.11137433712
5.475	0.319353134235	9993.164	61.7087039362	9489.258	1.24336261164	10473.63	1.27233147178
5.476	0.320442931931	9993.164	129.360578696	9536.133	1.63965679064	10524.9	1.36861080515
5.477	0.269382113071	9999.023	42.4202560011	9481.934	1.69857038194	10500.0	1.65882958555
5.478	0.38130489537	9997.559	96.0093974345	9498.047	1.76482009235	10476.56	1.75987590922
5.479	0.484118549243	9997.559	204.639346691	9528.809	1.96064694136	10523.44	3.65955211149
5.48	0.328209566903	9996.094	133.239329884	9549.316	1.77025207433	10500.0	1.80252115971
5.481	0.315535933631	9996.094	126.023775505	9455.566	3.32379073624	10495.61	2.57404867525
5.482	0.285180086976	9991.699	46.6837579895	9451.172	1.50188113709	10486.82	1.17871953344
5.483	0.233568995378	9997.559	52.9872627334	9528.809	1.50211371903	10514.65	1.26475230637
5.484	0.423297570395	9999.023	176.416083983	9508.301	2.25417161272	10519.04	2.20874080655
5.485	0.301694040218	9996.094	64.56986602	9452.637	2.22613226708	10467.77	1.2922618759
5.486	0.36300391032	9997.559	155.185483769	9522.949	1.87308980109	10500.0	1.80155902525
5.487	0.331572645815	9997.559	109.769867457	9452.637	2.2026302664	10543.95	2.12290387565
5.488	0.369624236458	9993.164	51.3378341232	9480.469	2.32330740262	10488.28	1.63145059466
5.489	0.360728238248	9991.699	54.9220931299	9540.527	1.50558222009	10529.3	3.03116403874
5.49	0.257525998231	9997.559	53.9838660442	9528.809	1.26686749969	10536.62	1.39350711517
5.491	0.480907047483	9999.023	119.951203982	9493.652	4.10053279969	10530.76	2.56471075537
5.492	0.292467639916	9997.559	80.6886992776	9489.258	2.36229337436	10473.63	1.97183281663
5.493	0.365931733945	9996.094	99.132745143	9490.723	2.08359287633	10539.55	2.71677103477
5.494	0.388069919076	9996.094	104.900742099	9474.609	1.44088678228	10466.31	2.19302306246
5.495	0.310118087353	9994.629	53.0760185576	9540.527	1.71979481128	10541.02	1.68823674523
5.496	0.405554830681	9997.559	95.8063215367	9517.09	2.36176404389	10519.04	3.05608698654
5.497	0.244329328606	9996.094	33.3889440206	9517.09	1.56969201798	10546.88	1.90289028621
5.498	0.33645741214	9996.094	55.5750902585	9462.891	1.55052244793	10460.45	1.25293918136
5.499	0.387912150518	9997.559	90.7702454085	9476.074	2.33938489714	10460.45	2.95356768365
5.5	0.328172641108	9994.629	108.501984612	9464.355	1.82720590915	10457.52	2.31842068731
5.501	0.339820848533	9994.629	91.6814520609	9498.047	2.48412210768	10524.9	3.42973144468
5.502	0.32590359315	10000.49	111.214918609	9498.047	1.7246927304	10492.68	2.73739599496
5.503	0.306148620031	9997.559	56.4408576954	9470.215	1.97071880384	10454.59	1.56526845639
5.504	0.268395881376	9996.094	54.4824703035	9477.539	2.47988287941	10460.45	2.03278448295
5.505	0.306370505727	9996.094	70.0523963868	9458.496	1.63778499068	10457.52	1.8751859049
5.506	0.187388723848	9993.164	24.2692481405	9451.172	2.28806070078	10543.95	1.01830465586
5.507	0.324402776529	9994.629	101.38704381	9540.527	2.49039919068	10469.24	1.51427151273
5.508	0.219738365585	9997.559	33.1057058629	9540.527	1.51272584023	10521.97	2.52462802921
5.509	0.345787934842	9999.023	115.796515704	9454.102	1.99535762347	10511.72	2.22622071854
5.51	0.328991938432	9997.559	95.6909082702	9546.387	1.79151507914	10472.17	2.45490068578
5.511	0.459149811116	9997.559	160.213577056	9499.512	2.27675396375	10501.46	1.4407651988
5.512	0.311388810706	9993.164	58.5818391686	9462.891	1.84049669537	10536.62	2.67206367281
5.513	0.263585412486	9993.164	48.6156956865	9524.414	1.27927759986	10453.12	1.84347442476
5.514	0.24787098397	9991.699	45.4988316953	9474.609	1.09039388623	10450.2	1.85531886904
5.515	0.329315707625	9999.023	132.368954363	9533.203	1.60309591661	10546.88	2.56034798138
5.516	0.241145101909	9999.023	53.3729599076	9531.738	1.13730990515	10491.21	1.46720532148
5.517	0.289137151	9996.094	66.9138551637	9465.82	1.36661000396	10454.59	1.31121689754
5.518	0.295692100617	9994.629	47.7791069532	9531.738	1.62020700014	10549.8	2.02441437354
5.519	0.43342121027	9996.094	146.233509351	9534.668	1.97968520068	10470.7	1.97767219738
5.52	0.3993661254	9994.629	111.144142525	9468.75	2.06325193255	10458.98	3.04174324631
5.521	0.238798773611	9999.023	54.1245130049	9499.512	1.10973939323	10523.44	2.34258701243
5.522	0.417893406544	9999.023	140.169676558	9486.328	2.2290076989	10546.88	1.74535481824
5.523	0.352491748228	9996.094	94.2437107467	9492.188	1.99190427913	10497.07	3.54370106717
5.524	0.229957519573	9994.629	47.8839374846	9531.738	1.57345883941	10535.16	2.76637259543
5.525	0.198784081145	9993.164	40.4373113209	9539.062	1.08096042286	10480.96	0.906297301875
5.526	0.299396502218	9996.094	94.961327174	9514.16	2.06915320044	10517.58	1.26597687687
5.527	0.275434571977	9997.559	47.6031133814	9515.625	0.938874868768	10538.09	1.2548852131
5.528	0.271492463666	9999.023	83.1264415314	9543.457	2.41083386052	10501.46	1.97424586446
5.529	0.282387284915	9996.094	48.9110658004	9512.695	2.1705763174	10492.68	1.87311745442
5.53	0.296912341269	9997.559	92.3867037419	9459.961	2.72263792048	10470.7	1.58037097278
5.531	0.34257080375	9994.629	103.49418234	9499.512	1.73597990141	10498.54	2.59788877739
5.532	0.237564145623	9991.699	41.9639136054	9515.625	1.31232898178	10497.07	1.25891350363
5.533	0.305375818568	10000.49	48.3002005655	9537.598	1.57162187154	10472.17	1.57125262016
5.534	0.368571600086	9997.559	91.3009503855	9464.355	1.90944817306	10516.11	1.95902751579
5.535	0.374904557508	9997.559	95.8699557516	9464.355	2.26971764798	10514.65	2.24548090107
5.536	0.308973207998	9997.559	77.269728396	9518.555	3.93160043694	10454.59	1.77277354144
5.537	0.224626891872	9993.164	27.2642224559	9530.273	1.26444753124	10492.68	1.40446292845
5.538	0.226351770035	9993.164	34.9269160665	9524.414	2.07226081712	10546.88	0.930626613792
5.539	0.419301577479	9993.164	109.234900946	9480.469	2.43479145797	10526.37	1.16894083803
5.54	0.27213160933	9999.023	62.0908706611	9500.977	2.85452780614	10476.56	1.22633906925
5.541	0.288161434095	9996.094	65.8584077145	9530.273	2.51154721579	10454.59	1.97041105502
5.542	0.259999630715	9994.629	33.9039772487	9480.469	1.49794329525	10466.31	1.30023751547
5.543	0.243554080735	9993.164	19.9605257281	9517.09	1.42811108455	10457.52	1.55368430826
5.544	0.316295932103	9994.629	74.1781272065	9521.484	1.90856590494	10549.8	1.44995175042
5.545	0.294517518329	9996.094	37.3020548311	9522.949	1.45386620686	10530.76	1.43815006421
5.546	0.218799147689	9997.559	46.6112364986	9471.68	2.37507149468	10495.61	1.95993321932
5.547	0.280287768769	9996.094	37.4371068746	9473.145	1.2666461902	10527.83	2.37447269269
5.548	0.214371213478	9994.629	34.6359954394	9477.539	0.956129517976	10472.17	1.22715822588
5.549	0.302756003312	9997.559	55.4383554454	9531.738	2.52402894825	10460.45	1.14052446963
5.55	0.364419471156	9996.094	76.5938046236	9541.992	2.1868732933	10505.86	2.20359493845
5.551	0.283930648272	9991.699	18.8224356194	9506.836	1.8821665134	10454.59	1.80336945695
5.552	0.313675684214	9999.023	80.0061436325	9521.484	2.53266268872	10458.98	1.94201048519
5.553	0.301115414032	9999.023	51.4694880496	9470.215	1.87118720867	10485.35	3.1294105533
5.554	0.207701941284	9996.094	23.6474910386	9528.809	1.54053661144	10501.46	1.64212276931
5.555	0.282032073217	9994.629	38.8222956863	9512.695	1.00852604515	10524.9	1.93707997191
5.556	0.28703971907	9996.094	47.3076346699	9517.09	2.27006342946	10489.75	1.7047261694
5.557	0.320220187436	9994.629	49.6684638073	9543.457	1.64297680297	10483.89	2.00227113543
5.558	0.358877279178	9997.559	36.0979799827	9470.215	1.95626714025	10491.21	2.39052556576
5.559	0.265107504383	9997.559	34.9426253692	9451.172	1.46856199868	10513.18	1.95193396102
5.56	0.274221264608	9996.094	32.1260742556	9461.426	2.14691786054	10483.89	1.65494710486
5.561	0.346390842309	9996.094	51.1067438288	9539.062	1.80878797236	10549.8	1.6758397793
5.562	0.240090342589	9993.164	17.0918694139	9514.16	1.90526279935	10466.31	2.48696560864
5.563	0.347824229274	9996.094	62.0612715837	9480.469	4.3808093252	10458.98	3.33237428008
5.564	0.259766255864	9991.699	27.399793096	9492.188	1.65596480105	10491.21	0.81890344111
5.565	0.348000743481	9997.559	52.6864014672	9533.203	2.24027719764	10479.49	2.65088837138
5.566	0.437594278427	9997.559	74.900941273	9506.836	1.56745309727	10500.0	2.35085148251
5.567	0.377371414724	9997.559	68.8910380199	9537.598	2.80343436353	10533.69	3.33570833342
5.568	0.365079163198	9996.094	33.8736988859	9517.09	2.25525315806	10504.39	2.78516122697
5.569	0.72072643655	9996.094	50.1939146725	9544.922	5.68585168686	10494.14	3.03256356584
5.57	0.39010314466	9996.094	66.066595329	9490.723	1.8912052831	10470.7	1.44548838383
5.571	0.3565878284	9997.559	20.5979203566	9451.172	1.94587016532	10486.82	2.38398998362
5.572	0.206166378505	9996.094	17.2300714287	9470.215	0.992126303844	10469.24	1.33755082064
5.573	0.238372720958	9996.094	34.9447456009	9476.074	2.29497247847	10450.2	1.21759405008
5.574	0.373629625324	9996.094	54.3927060754	9509.766	2.32612787368	10476.56	1.88907659628
5.575	0.361033129262	9996.094	58.1310297888	9533.203	1.91059091406	10536.62	2.24233128213
5.576	0.358639393969	9996.094	57.3100391307	9499.512	3.49227949921	10523.44	2.21393247354
5.577	0.312120446565	9997.559	23.2235086223	9537.598	2.04524253087	10463.38	1.68413321677
5.578	0.292993706643	9996.094	18.2886765118	9495.117	1.82496129018	10473.63	1.26306887469
5.579	0.23598170805	9996.094	13.1546639632	9537.598	1.38606156725	10478.03	1.5714522728
5.58	0.364184601609	9996.094	66.7375105227	9496.582	2.74073691149	10492.68	1.5432451233
5.581	0.394757738569	9996.094	65.9229609689	9487.793	1.68105648832	10546.88	3.17640954129
5.582	0.455621903529	9994.629	76.5056140134	9530.273	3.05213730763	10492.68	2.2924113663
5.583	0.360315179737	9999.023	26.2111127931	9490.723	1.37473793208	10458.98	1.71159313699
5.584	0.246321009012	9997.559	32.4618390025	9459.961	2.56533559427	10527.83	1.32114775317
5.585	0.329958816801	9997.559	31.3070363731	9518.555	1.28462620342	10456.05	0.870857810185
5.586	0.379513259801	9997.559	72.2675635364	9474.609	4.37243522122	10479.49	2.4023166626
5.587	0.284741974041	9993.164	35.1405904542	9464.355	1.5694814809	10460.45	1.61266758126
5.588	0.423264696634	9996.094	76.1145023947	9493.652	3.09107396442	10545.41	1.97336284028
5.589	0.331941852555	9994.629	45.9114362839	9490.723	1.78712012472	10549.8	1.06360706718
5.59	0.344679567814	10000.49	30.3722105358	9525.879	2.06195225649	10504.39	1.81463188871
5.591	0.259610984504	9996.094	30.2128737644	9543.457	1.32889715013	10482.42	1.47530568117
5.592	0.402153715444	9997.559	113.488405351	9540.527	4.22817614962	10454.59	2.28467293249
5.593	0.232717584392	10034.18	14.9548348254	9521.484	2.01709163215	10488.28	1.36784806648
5.594	0.252459126596	9993.164	22.3504345472	9502.441	1.33090208458	10473.63	1.42623136911
5.595	0.310171873842	9991.699	42.1729306286	9461.426	2.70747321175	10546.88	2.87385212811
5.596	0.419423663241	9999.023	148.75464971	9517.09	2.09051523189	10458.98	2.11752206791
5.597	0.461541247273	9999.023	156.785123511	9489.258	4.0829438499	10532.23	2.60864761683
5.598	0.398394742557	9996.094	63.3771809898	9484.863	2.73747933843	10500.0	2.50825602784
5.599	0.384057744201	9996.094	135.862917161	9476.074	1.85778189773	10467.77	4.01526978706
5.6	0.326149827303	9996.094	86.2032857225	9476.074	2.53966671872	10539.55	1.94652609913
5.601	0.41863924345	9994.629	110.485816481	9514.16	2.97119380751	10524.9	1.65554420668
5.602	0.356931298971	9999.023	121.276972873	9461.426	1.92343725415	10532.23	2.13561483542
5.603	0.371530596574	9999.023	131.928438429	9462.891	1.82540083432	10485.35	2.60702539714
5.604	0.268166094132	9997.559	82.5660867487	9470.215	2.14942445525	10479.49	1.43532976807
5.605	0.29818895317	9996.094	81.7154501719	9486.328	1.72707377517	10498.54	2.12120396712
5.606	0.326027329842	9996.094	140.826588727	9531.738	2.58099290856	10520.51	3.02307264133
5.607	0.409606565792	9994.629	157.519391302	9530.273	2.5631345474	10475.1	4.019043669
5.608	0.335153088728	10000.49	94.5918307761	9476.074	1.8564047509	10511.72	2.23871372671
5.609	0.3821796812	9997.559	81.8170515674	9484.863	2.82232273378	10466.31	2.1497008981
5.61	0.392569578038	9996.094	140.99944345	9515.625	3.06948474133	10479.49	3.75772258664
5.611	0.344655698558	9997.559	161.110851112	9547.852	2.33790921151	10504.39	2.68491452063
5.612	0.295596785144	9993.164	43.6115660804	9518.555	1.58376250395	10453.12	2.20144310679
5.613	0.324563626239	9994.629	160.427682807	9514.16	2.60528784992	10524.9	3.0343440228
5.614	0.313358034864	9991.699	83.7615150615	9467.285	1.16493942238	10542.48	2.0181033032
5.615	0.501344719318	9999.023	218.034882672	9539.062	2.97699213513	10502.93	2.69951762334
5.616	0.364510777303	9996.094	102.075002192	9506.836	3.30174953984	10505.86	3.11727484109
5.617	0.292093161483	9997.559	120.420527275	9451.172	2.04280167882	10461.91	1.76455506659
5.618	0.285646907844	9997.559	75.9028647827	9473.145	2.02687810362	10483.89	1.39198650302
5.619	0.323016311138	9996.094	143.46676917	9481.934	1.31886494588	10457.52	1.56633864915
5.62	0.296367450554	9994.629	97.3003130664	9527.344	1.27520972715	10536.62	2.25014783449
5.621	0.351212051567	9999.023	146.712240036	9477.539	2.52492212898	10519.04	1.64288893854
5.622	0.449025317689	9999.023	202.469799281	9540.527	2.46545930408	10532.23	2.02524848356
5.623	0.274989434888	9994.629	43.8999138038	9536.133	2.87068462558	10460.45	1.59307152804
5.624	0.399443193459	9994.629	113.943039171	9470.215	1.77290494823	10539.55	2.81857303527
5.625	0.377194072046	9996.094	189.917850145	9528.809	1.81778225745	10470.7	2.43428409077
5.626	0.350183747828	9993.164	145.469495007	9537.598	2.90645418469	10485.35	3.25850965104
5.627	0.300834187664	9997.559	78.7908772835	9534.668	1.52542263944	10508.79	1.78108530515
5.628	0.298720051161	9997.559	146.160884301	9454.102	2.50572680086	10514.65	1.76544303254
5.629	0.299526234166	9996.094	100.510881003	9481.934	2.14233067036	10454.59	1.62449216405
5.63	0.325205049262	9996.094	162.565858119	9540.527	1.46188342886	10539.55	1.6477748814
5.631	0.411360507637	9996.094	206.33436863	9534.668	1.49696267279	10461.91	3.01821628114
5.632	0.396212844267	9996.094	176.239799862	9467.285	1.73885595424	10536.62	1.86743961875
5.633	0.284343105206	10000.49	156.776335598	9451.172	2.74681355912	10476.56	2.20521655544
5.634	0.375599499587	9997.559	83.7292693006	9525.879	2.07818275372	10532.23	2.03943370192
5.635	0.430093745721	9997.559	159.35443681	9487.793	2.97582452286	10505.86	2.08917742944
5.636	0.248279914429	9994.629	40.8866698503	9464.355	1.39812428774	10539.55	1.16241219698
5.637	0.311620652218	9996.094	99.8455673001	9503.906	2.2646050665	10450.2	1.42729322603
5.638	0.443705856363	9994.629	205.98757939	9473.145	2.53635021819	10469.24	2.86779835828
5.639	0.304797057962	9991.699	66.5885209126	9514.16	1.49911725295	10549.8	1.75292138385
5.64	0.448607913166	9999.023	188.844707016	9455.566	2.08497665314	10460.45	2.9514691761
5.641	0.351975254083	9996.094	69.1921517104	9462.891	2.04762339213	10548.34	2.04453760523
5.642	0.375996275746	9997.559	97.4349072413	9534.668	1.74433418729	10524.9	2.07523090927
5.643	0.239790112981	9993.164	36.8461968273	9546.387	1.02748077244	10507.32	2.69821259949
5.644	0.272165928258	9993.164	63.3010923181	9457.031	1.77805855312	10546.88	1.6319200574
5.645	0.371988321739	9993.164	82.7134192223	9514.16	1.84581450024	10514.65	1.43627363998
5.646	0.2718468896	9997.559	46.5340766836	9527.344	2.04632633597	10460.45	2.33668638987
5.647	0.251024481485	9999.023	64.777106332	9536.133	2.75709077763	10454.59	1.45143345426
5.648	0.264922734522	9997.559	87.2569005088	9496.582	2.58929314563	10475.1	1.19303719289
5.649	0.288503023925	9997.559	59.7342296949	9505.371	1.78994038076	10520.51	1.42443170207
5.65	0.317265031774	9993.164	53.3144618301	9549.316	0.939451488817	10492.68	1.39109918038
5.651	0.35735657877	9996.094	87.0834314956	9496.582	1.66270448911	10495.61	2.44585231781
5.652	0.318033421699	9999.023	82.3459711865	9508.301	1.68583943953	10519.04	2.83105729659
5.653	0.310677917247	9999.023	73.3921229073	9467.285	3.46875767401	10456.05	2.1994354033
5.654	0.315297839983	9996.094	78.5535737638	9499.512	1.22504185388	10502.93	2.34789203626
5.655	0.276256834497	9994.629	39.1404158496	9534.668	1.54478904909	10538.09	2.62984399714
5.656	0.281090177855	9994.629	65.3666088026	9527.344	1.18095221544	10508.79	1.90999175837
5.657	0.274351471394	9993.164	68.5258477469	9547.852	1.3190002211	10545.41	1.64998423586
5.658	0.293758914234	9997.559	38.5464780529	9537.598	2.15802838206	10473.63	2.92762955539
5.659	0.36383321897	9999.023	101.90969938	9518.555	2.00062434263	10536.62	2.7268566484
5.66	0.35348844025	9999.023	100.750923469	9518.555	2.39205370369	10508.79	1.4710109378
5.661	0.321953239435	9996.094	94.4057320797	9540.527	2.35760965811	10549.8	1.46472065249
5.662	0.34128119174	9997.559	103.15780041	9514.16	1.48053621697	10527.83	2.60087841365
5.663	0.337454438549	9996.094	78.8619555885	9509.766	1.77867904749	10521.97	1.54089462452
5.664	0.308586442265	9991.699	31.6693073614	9515.625	1.86331224889	10538.09	1.66099922971
5.665	0.351145473058	9999.023	91.8689708904	9476.074	1.43811455878	10489.75	1.95022954574
5.666	0.290233702003	9999.023	56.0145513139	9481.934	2.14954761396	10532.23	1.19009398714
5.667	0.222310824901	9997.559	55.2439452893	9454.102	1.12262854461	10502.93	1.41200797892
5.668	0.22488342964	9993.164	20.6670469033	9503.906	1.34511768417	10463.38	1.24552249804
5.669	0.303652072825	9993.164	91.7456415811	9492.188	2.06910624289	10482.42	1.49533084655
5.67	0.277373621047	9996.094	46.1671936672	9484.863	1.25594298078	10501.46	1.82023187938
5.671	0.29486495574	9997.559	60.696646413	9525.879	1.92929431496	10530.76	2.08933978101
5.672	0.281133017019	9999.023	88.8563930777	9509.766	3.07688044646	10539.55	1.42275179164
5.673	0.251153295314	9994.629	40.2888543948	9476.074	1.98965291608	10451.66	1.25034870507
5.674	0.254362719286	9997.559	64.5449408138	9531.738	2.14000318303	10494.14	1.77913863426
5.675	0.299830881929	9994.629	108.190935055	9521.484	1.7135102904	10510.25	2.17502170275
5.676	0.292797638961	9994.629	76.7902726909	9544.922	2.47428900334	10491.21	1.81436696269
5.677	0.219474795429	9997.559	29.9607910306	9454.102	1.80190933623	10507.32	1.09785067524
5.678	0.322584361118	9999.023	129.51901998	9483.398	2.70021251171	10533.69	2.10572440044
5.679	0.300804039034	9997.559	103.737164787	9514.16	1.79555636424	10453.12	2.2200091794
5.68	0.256188066697	9994.629	62.0729024856	9522.949	1.26912743261	10521.97	1.45492422053
5.681	0.242844393283	9993.164	36.6660905333	9455.566	1.14954203894	10520.51	2.83768222306
5.682	0.276433127302	9996.094	35.8970737117	9517.09	1.51929983557	10478.03	0.97072135836
5.683	0.316523378411	9999.023	76.3932112809	9518.555	1.34781804961	10519.04	1.40388419907
5.684	0.281039221773	10000.49	113.02252942	9468.75	1.03938333217	10473.63	2.0000471108
5.685	0.341040342392	9997.559	116.939235762	9544.922	1.27131294698	10483.89	3.3575114199
5.686	0.203190261692	9994.629	49.7820334252	9480.469	0.775856960263	10517.58	1.95801952994
5.687	0.16374164493	9993.164	22.7661408595	9531.738	1.1885621759	10467.77	0.907368461148
5.688	0.256888939121	9993.164	58.0508371864	9490.723	1.32772068296	10492.68	1.59084693932
5.689	0.275573956543	9993.164	80.5007297935	9498.047	1.54305360027	10542.48	1.13261822774
5.69	0.21985772957	9999.023	36.4943980467	9528.809	0.996875517801	10479.49	1.6872907223
5.691	0.290827798821	9999.023	103.349991605	9520.02	1.76429427283	10457.52	1.29940506818
5.692	0.205158055225	9996.094	60.8993327334	9455.566	1.25080710955	10464.84	1.39878967816
5.693	0.316844795153	9996.094	64.7866185004	9454.102	3.35862992901	10475.1	1.91988230428
5.694	0.279093349194	9994.629	75.5807210992	9473.145	1.67557934188	10483.89	0.994251641919
5.695	0.239836376416	9991.699	17.9480992122	9495.117	1.67485423685	10482.42	1.51936058524
5.696	0.212413932624	9997.559	39.3546410151	9531.738	1.29937987641	10494.14	1.06916705814
5.697	0.290974589649	9997.559	77.1457921726	9547.852	1.51247413753	10466.31	1.69918102751
5.698	0.222290114297	9996.094	24.8815268428	9455.566	1.21845123934	10497.07	2.51851473478
5.699	0.282228566055	9996.094	75.4764098633	9477.539	1.27143561296	10517.58	1.65503640194
