5.5	63.0591029425	9977.783	346.532782482	9486.328	394.381419285	10478.03	348.849417275
5.51	61.1315225522	10044.43	395.927420276	9539.795	284.64943529	10534.42	445.774690147
5.52	61.6231179845	10024.66	285.181987331	9466.553	525.078623224	10472.9	408.706872161
5.53	55.9567944383	10008.54	355.049593696	9547.119	358.542471225	10500.0	363.116742917
5.54	55.1907722674	10044.43	305.873740643	9541.992	443.3460037	10499.27	599.767230046
5.55	54.0125796085	10024.66	337.353034308	9506.836	489.20441799	10477.29	337.9737836
5.56	51.8456609649	10049.56	349.862612632	9494.385	306.014673635	10500.0	250.092113567
5.57	50.9124984025	9994.629	924.15087772	9544.922	317.405284212	10500.73	532.192430639
5.58	55.0599965845	9996.826	622.650541275	9517.822	336.611962383	10518.31	383.258693397
5.59	49.8956585871	10047.36	275.516535363	9495.85	218.048390562	10505.13	393.459828267
5.6	200.045822731	10005.62	879.246411969	9508.301	1079.45782522	10548.34	3242.21473513
5.61	54.8334716439	10031.25	369.005179727	9468.018	304.939103979	10502.2	389.385274698
5.62	59.8385841711	10046.63	508.919354476	9485.596	716.983473874	10500.0	400.188113513
5.63	76.4069727181	10048.1	667.079542077	9520.02	374.556584542	10467.77	611.620682913
5.64	44.7396990339	9964.6	384.263182727	9545.654	418.357521657	10475.83	273.928118204
5.65	44.01889085	10034.18	275.565651789	9455.566	318.584407549	10495.61	579.980405158
5.66	43.3696489209	10045.17	331.093284612	9541.26	384.171447266	10497.8	502.309068606
5.67	41.878060717	9990.234	478.235844864	9512.695	214.877277714	10475.83	292.971975095
5.68	39.4853276328	9996.826	353.511670519	9496.582	234.278425514	10548.34	255.982703339
5.69	36.8902683788	9996.094	345.799615005	9531.006	151.552818118	10499.27	428.461372118
5.7	34.7414807385	9974.121	174.488613452	9547.852	605.630972406	10535.16	307.845702038
5.71	29.508768705	9998.291	845.184685658	9498.779	418.858673407	10498.54	268.362797076
5.72	26.8532268231	9994.629	1201.84420012	9494.385	219.529288316	10492.68	302.603305375
5.73	24.3785224726	9996.826	547.572088771	9496.582	185.449186963	10497.07	288.824374953
5.74	22.800429877	9981.445	278.060015671	9533.936	143.238130016	10462.65	170.923172347
5.75	20.2777250281	9995.361	334.361473221	9495.85	154.804385311	10452.39	130.226763315
5.76	178.070993999	10029.79	654.411951951	9451.172	1056.84521807	10469.97	1879.58375033
5.77	20.8763980091	9994.629	235.650987585	9549.316	141.483083287	10532.23	159.56516599
5.78	20.3344017019	10049.56	75.4753402074	9497.314	188.034565256	10489.01	139.676036475
5.79	19.7156398615	9999.756	475.221482051	9499.512	220.686550624	10499.27	241.909296369
5.8	364.881835161	10046.63	2500.67960468	9479.736	4252.3854349	10458.98	2753.17699839
5.81	19.3258084966	9998.291	760.4386414	9547.852	279.025329932	10548.34	187.248841198
5.82	16.9965916031	9994.629	510.267832754	9547.852	126.419413194	10548.34	201.661108058
5.83	17.0603621428	9996.826	138.152607679	9479.736	119.065667362	10528.56	174.534630939
5.84	16.7538082881	9999.023	472.742932976	9499.512	258.091679401	10499.27	412.276731688
5.85	16.9587253752	9996.094	486.062563912	9533.203	131.669888815	10496.34	141.834014991
5.86	20.7562962963	9998.291	604.306242595	9450.439	212.281749787	10466.31	144.335629031
5.87	28.8558971671	9994.629	784.502299366	9494.385	454.11050115	10549.07	296.654994728
5.88	30.8827089922	9996.826	1262.13647672	9496.582	460.178521918	10497.07	320.737167734
5.89	37.8184400931	9999.756	2312.52858236	9498.779	676.421648238	10500.0	1253.15358438
5.9	48.5595974547	9996.094	3165.03711779	9495.85	1255.78670087	10495.61	1362.64350706
5.91	62.821222711	9998.291	5459.61762227	9498.047	2323.51363472	10497.8	1981.39666348
5.92	77.9906512302	9994.629	19535.8509118	9495.117	6616.01494273	10494.14	5669.41534652
5.93	82.7521122229	9996.826	23775.5034598	9496.582	6471.79157367	10496.34	4357.52002034
5.94	89.3383997216	9999.023	9765.68991563	9499.512	4853.17096005	10499.27	5480.28870698
5.95	101.730441562	9996.094	16489.1596986	9495.85	8512.25604194	10495.61	8659.64524072
5.96	100.506521528	9998.291	11514.2608939	9498.779	2976.64625011	10497.8	7146.89242271
5.97	103.100161855	9994.629	22308.4571761	9494.385	6205.12169237	10494.87	9693.81625422
5.98	105.513726876	9996.826	15180.9018727	9497.314	3819.10931753	10497.07	7036.36675149
5.99	103.530104803	9999.023	10087.4426568	9499.512	4483.86437332	10499.27	3179.01809231
6.0	278.913671875	9996.094	9291.7531352	9495.117	2830.11985204	10494.87	5699.69107506
6.01	109.242461564	9998.291	8897.65659014	9498.047	2377.82183517	10497.8	3675.73250187
6.02	114.114749361	9994.629	8048.99313387	9494.385	2083.1752042	10494.87	1561.58683122
6.03	119.790991017	9996.826	8412.66745865	9496.582	3283.62416099	10497.8	2724.47586898
6.04	103.085440874	9999.756	2641.52520298	9500.244	1217.94289796	10500.0	2784.83113665
6.05	90.4909520741	9996.094	4484.52899966	9495.85	2053.71992726	10495.61	2554.37759137
6.06	85.3831529816	9998.291	3620.68853071	9498.047	1719.4595792	10498.54	2657.55698306
6.07	86.0204310105	9994.629	2522.02261613	9495.117	1027.69240098	10494.14	1459.4971208
6.08	489.933137995	9981.445	2965.22426688	9472.412	6368.07047603	10497.8	3519.39654998
6.09	84.2393033217	10011.47	642.092759625	9482.666	404.916562433	10515.38	1043.91101031
6.1	86.9038287176	9996.094	9767.00053119	9495.85	4029.9348887	10495.61	3737.03590811
6.11	83.1614700524	9998.291	29232.6580605	9498.779	6744.96722233	10497.8	11352.3542988
6.12	66.3665878401	9994.629	25770.571646	9494.385	11500.3560584	10494.87	11624.4332624
6.13	62.634921143	9996.826	8937.13469725	9497.314	3866.99635725	10497.07	4739.51463579
6.14	48.2890020124	9999.023	4558.9085881	9498.779	1464.41390843	10500.0	966.252264936
6.15	46.9241287158	9996.094	4996.3581229	9495.85	1789.21951218	10495.61	1889.49807423
6.16	41.3427021984	9998.291	8315.86030536	9498.047	2576.70785606	10497.8	1989.72960405
6.17	40.8201404373	9994.629	10659.629091	9494.385	2456.74837005	10494.87	2519.72957946
6.18	40.5435929198	9996.826	4902.25998699	9496.582	1395.28073756	10496.34	674.119648005
6.19	45.8662270865	9999.023	2310.24394413	9499.512	1013.36498451	10499.27	1135.41702103
6.2	148.467044992	9996.094	4352.75500055	9495.85	2640.63895814	10549.8	711.290934602
6.21	7945.61171622	9968.262	41112.6495996	9491.455	45163.4545172	10515.38	50217.1689818
6.22	55.2901253029	9994.629	7958.19640394	9494.385	1626.60676738	10494.14	2514.92741741
6.23	63.5974935226	9996.826	1878.94154453	9497.314	1078.43227098	10496.34	1160.50689859
6.24	69.988295527	10001.22	558.281521087	9543.457	479.331069581	10516.11	440.810290054
6.25	76.9867680761	9996.094	2447.94527691	9495.117	920.743760394	10467.77	894.99569671
6.26	573.796874258	9998.291	5937.80030812	9526.611	3527.22254528	10519.04	3458.67148081
6.27	101.068267888	9994.629	2404.09113352	9494.385	1492.71522195	10521.97	1053.09226557
6.28	166.136670151	9996.826	7487.71862178	9496.582	2117.44130044	10496.34	3005.62625642
6.29	136.289623095	9999.023	7732.61383777	9513.428	901.325002759	10500.0	2500.35878379
6.3	142.070911188	9996.094	3119.21761456	9495.85	1415.22597931	10495.61	1105.29021048
6.31	147.985545399	9998.291	3524.16916595	9498.047	1570.34964146	10450.93	1555.71966644
6.32	147.553969011	9994.629	13245.6543189	9494.385	3400.73962013	10494.87	4390.15502238
6.33	148.0479572	9996.826	16593.0517509	9496.582	6760.80445046	10497.07	6459.9201583
6.34	147.728889469	9999.023	11743.3146052	9499.512	6093.10160202	10499.27	6333.33269834
6.35	156.238872799	9996.094	21298.1934386	9495.85	7327.65831098	10495.61	7884.64048921
6.36	175.870134965	9998.291	21120.0008785	9498.047	8040.34164112	10497.8	7737.63123516
6.37	163.328270402	9994.629	11341.7141033	9494.385	7491.88749289	10494.87	2750.20804735
6.38	157.314761222	9996.826	14134.5203822	9496.582	7221.01111522	10497.07	8022.72436894
6.39	149.026801908	9999.756	3988.65601513	9515.625	1437.80813052	10508.06	1717.43213865
6.4	50978.3579417	10031.25	393068.089051	9465.088	446554.4654	10530.03	327482.587371
6.41	151.137378597	9998.291	19040.8146319	9498.047	5383.27882742	10497.8	6975.70106271
6.42	177.874038395	9994.629	15739.2817753	9494.385	4755.00564763	10494.87	7254.38868078
6.43	3684.67184682	9996.826	20090.3212806	9529.541	14954.5019364	10450.2	14647.6859838
6.44	222.143973654	9971.191	1379.94203545	9499.512	1717.35661101	10499.27	2816.8513465
6.45	141.742987724	9996.094	3429.92416741	9495.85	1697.67458531	10495.61	1832.33659375
6.46	166.073635427	10046.63	1395.88169021	9498.779	933.360859404	10523.44	1353.37129238
6.47	135.732232117	9983.643	1650.08325771	9511.23	1289.56589743	10461.18	1004.32187444
6.48	117.485576698	9967.529	858.727158684	9496.582	976.999139991	10516.11	1041.06256965
6.49	194.45730863	10000.49	3482.17529906	9479.736	1021.0380502	10480.96	1616.84817156
6.5	102.914845288	10010.74	693.172733084	9479.004	731.036424807	10477.29	983.985588033
6.51	105.877902508	9998.291	1566.95134592	9537.598	620.811080726	10507.32	779.431610662
6.52	102.577045119	9994.629	1143.83955491	9465.088	697.701573997	10502.93	987.706899993
6.53	334.246781893	9996.826	5973.87497029	9502.441	2532.40459219	10455.32	2648.4117668
6.54	111.189450714	9999.023	2624.99649887	9499.512	1179.5409142	10472.17	1487.12796864
6.55	117.167455065	9984.375	648.349045697	9459.961	607.920710984	10549.8	633.061951558
6.56	129.609840799	9998.291	1674.57443714	9526.611	843.092132719	10473.63	761.968279177
6.57	694.165518897	10015.87	5921.81516105	9531.006	3918.02461593	10546.14	3011.90537101
6.58	129.133942251	9996.826	3745.42544631	9474.609	995.873013443	10461.18	1124.61775672
6.59	144.35124173	9999.023	3320.01427673	9451.904	999.781353373	10504.39	810.140480558
6.6	146.535478621	9978.516	1166.39901035	9496.582	1453.41136115	10514.65	950.101151082
