# Normal sweep, single magnet5.0	24905.3633134	9987.305	139786.778764	9481.934	146692.562508	10543.95	210933.262672
5.001	25502.5503413	9996.094	124504.724039	9476.074	140774.246464	10478.03	213543.188199
5.002	23860.0170586	9997.559	145364.357681	9527.344	102820.346187	10476.56	145132.337449
5.003	24979.1451346	9966.797	139022.175803	9533.203	214611.270329	10526.37	89452.4578109
5.004	25057.1197986	9984.375	149219.724855	9537.598	138372.675112	10453.12	103658.636805
5.005	24028.9098088	10016.6	319899.37851	9505.371	236833.054089	10536.62	115630.461335
5.006	25460.292125	10042.97	169965.602509	9534.668	151550.34602	10466.31	98656.5411076
5.007	24771.0608053	9994.629	237310.062751	9530.273	181767.16563	10514.65	198637.158452
5.008	24562.1456762	9966.797	264699.443173	9531.738	160120.271375	10486.82	157065.790165
5.009	26111.8184645	10015.14	143353.455601	9549.316	101309.373353	10480.96	112538.06224
5.01	25032.1214053	9971.191	159924.926789	9536.133	136301.760758	10530.76	167510.151426
5.011	23985.860876	9997.559	263796.208109	9525.879	141296.374595	10467.77	160819.798514
5.012	22062.1636301	9984.375	194632.429891	9467.285	145936.532901	10495.61	195904.995447
5.013	25107.9286421	10022.46	124588.253456	9527.344	143809.069985	10511.72	197321.681238
5.014	24295.6470007	10047.36	149401.903533	9502.441	55613.8704261	10451.66	233877.974056
5.015	24876.8681487	9999.023	190704.590828	9536.133	131510.489623	10523.44	196106.481234
5.016	24551.5342784	9965.332	157745.342098	9459.961	112707.921103	10494.14	141580.898003
5.017	24748.2220143	9997.559	274717.387833	9451.172	178398.888659	10450.2	319208.733211
5.018	23375.969753	10048.83	101593.511568	9521.484	158265.186301	10532.23	160941.275229
5.019	24273.2528596	10026.86	141445.168286	9509.766	189353.483417	10519.04	144556.400095
5.02	23339.5312587	10006.35	131307.591458	9467.285	99706.1172178	10495.61	155041.870261
5.021	23810.9696592	9997.559	116106.886963	9534.668	142818.462499	10460.45	204619.799627
5.022	22937.3905557	9999.023	122161.07722	9530.273	170867.26008	10466.31	167201.421175
5.023	24508.8657252	10009.28	177113.216174	9471.68	204946.259901	10497.07	167555.54343
5.024	23527.9626764	9996.094	180573.894801	9480.469	141935.969033	10548.34	120166.515832
5.025	23976.0818956	10015.14	139949.167417	9521.484	167317.123387	10498.54	160852.728876
5.026	23416.5015535	9994.629	163868.941657	9479.004	161517.30796	10521.97	131047.749301
5.027	24004.3633872	10000.49	190940.503498	9525.879	124661.43794	10451.66	282419.634056
5.028	24477.8082728	10000.49	175589.729209	9522.949	162339.440594	10498.54	177494.489215
5.029	24158.2773914	9977.051	108325.820482	9515.625	236647.668695	10475.1	214625.940174
5.03	24893.0701165	9996.094	176002.354065	9454.102	168189.767094	10451.66	134606.424989
5.031	22714.3273936	10032.71	98568.7116423	9454.102	125935.916334	10539.55	163275.185196
5.032	24590.4684324	10034.18	164098.642364	9481.934	129788.273926	10491.21	141632.221277
5.033	24426.9560051	9971.191	125558.704276	9484.863	207583.291283	10530.76	144638.79925
5.034	24654.5100297	10023.93	142542.698045	9506.836	120099.01904	10485.35	152616.094895
5.035	24535.7921391	9987.305	145307.255706	9479.004	159879.653401	10500.0	168552.559737
5.036	22671.4029752	9960.938	116501.35973	9541.992	104228.506461	10492.68	214988.947539
5.037	23451.6280883	9978.516	184699.713012	9531.738	156089.171008	10526.37	197338.107432
5.038	23473.8774026	9990.234	166481.579835	9493.652	81534.6149023	10463.38	211121.135824
5.039	23855.2891571	9950.684	175225.050242	9500.977	155555.207748	10482.42	248584.054697
5.04	23232.5650626	10028.32	135886.893242	9495.117	201771.270234	10466.31	310378.041583
5.041	23341.9905329	10038.57	190920.37958	9518.555	106270.043682	10458.98	146365.431498
5.042	23226.9508297	10022.46	139432.873409	9486.328	148601.88181	10517.58	109422.517164
5.043	23195.5129461	10023.93	181778.216927	9502.441	81392.9958707	10519.04	150867.647199
5.044	23462.2609093	9978.516	179107.890226	9471.68	262128.093252	10495.61	137296.37061
5.045	24047.5008087	10007.81	76657.7592403	9468.75	189899.835261	10485.35	140956.788935
5.046	24831.9216685	9958.008	211696.486685	9490.723	138866.770146	10467.77	217142.985385
5.047	20829.885058	10010.74	227807.252677	9521.484	132847.234636	10485.35	142371.92759
5.048	23391.2106291	10040.04	136825.041765	9474.609	101580.688813	10543.95	105934.087311
5.049	23141.2032813	10028.32	151802.957944	9461.426	173915.809254	10451.66	135619.183686
5.05	22338.4229249	10010.74	137661.407572	9495.117	96334.0489239	10460.45	120743.311874
5.051	23153.5484969	9982.91	98827.6401162	9457.031	114751.971677	10454.59	113590.335516
5.052	22488.9028158	9955.078	142076.816449	9525.879	198864.042797	10507.32	215831.826998
5.053	22172.3672317	9999.023	180317.799895	9481.934	115617.462929	10460.45	82632.6404909
5.054	22221.4604102	9958.008	94278.4696396	9533.203	146564.409796	10454.59	109708.211712
5.055	22101.1224711	9988.77	150477.530715	9455.566	134387.213927	10517.58	125074.279809
5.056	22675.0732352	9987.305	257765.757698	9496.582	148374.068321	10545.41	146412.820719
5.057	21892.1676927	10018.07	166657.601289	9499.512	172575.653788	10504.39	153638.752713
5.058	4751.99959199	9996.094	65019.2997987	9455.566	77819.6436212	10519.04	86961.853529
5.059	163.720854136	10001.95	872.267336297	9465.82	1015.76845559	10524.9	741.105165163
5.06	422.070997373	10044.43	2222.25256868	9492.188	2202.85643399	10480.96	2193.62827147
5.061	144.615554289	10009.28	1181.08475989	9522.949	1603.07675338	10466.31	1849.76025657
5.062	153.200929621	9966.797	677.587181013	9540.527	1323.16044263	10492.68	774.252403466
5.063	156.856349119	9955.078	913.087165253	9481.934	661.203070664	10543.95	973.996309023
5.064	143.582374141	9960.938	752.339531292	9467.285	950.108835657	10469.24	1295.64125614
5.065	139.526892721	9966.797	1506.45099787	9481.934	706.960287159	10498.54	1016.35707482
5.066	147.898115033	9977.051	842.091562154	9458.496	1462.60741242	10549.8	561.923622532
5.067	153.53312481	9997.559	1195.94504549	9509.766	1311.21338215	10520.51	807.333040327
5.068	154.851707185	9979.98	1026.06463242	9514.16	851.480061191	10450.2	688.131736456
5.069	141.599621196	9987.305	1147.44168839	9495.117	465.104574523	10548.34	1120.33621053
5.07	7682.03079439	9958.008	56501.6638143	9500.977	95161.4227944	10521.97	80226.2697711
5.071	22685.2134346	10012.21	127563.445587	9525.879	229940.477763	10475.1	124820.974256
5.072	21591.446012	9969.727	117123.948905	9465.82	111756.354062	10514.65	133969.155843
5.073	20116.4028384	10010.74	105097.38943	9473.145	129788.171803	10508.79	139188.315574
5.074	19812.8103011	9969.727	253719.388112	9474.609	180575.947868	10494.14	181489.464678
5.075	21699.3014187	10003.42	213289.228685	9474.609	147089.471979	10545.41	146271.727047
5.076	20133.8902573	9991.699	152259.809065	9477.539	73299.3731899	10543.95	169099.582796
5.077	22327.1672411	10012.21	129534.389914	9486.328	102939.193258	10478.03	127537.328532
5.078	21027.0802487	9952.148	89281.7290925	9525.879	114957.205775	10464.84	149896.5517
5.079	20196.6088161	10018.07	177163.4976	9462.891	100784.871879	10475.1	94882.3188937
5.08	20069.7908566	10041.5	125467.853574	9483.398	143408.122692	10516.11	104673.667234
5.081	18932.9232897	9955.078	239743.776111	9492.188	161483.678593	10485.35	133031.051751
5.082	21745.8705046	9950.684	116156.540171	9506.836	122720.532294	10469.24	227794.470665
5.083	21020.7781382	9988.77	228602.097766	9486.328	60152.3010891	10461.91	94881.0610202
5.084	20188.4921457	9960.938	169268.303714	9467.285	139130.007386	10502.93	112659.158558
5.085	20063.6922648	10000.49	152519.625796	9457.031	104891.234066	10533.69	157404.689784
5.086	20713.8539284	9974.121	159537.809831	9541.992	118891.821876	10463.38	108399.151414
5.087	21556.3104742	10035.64	150227.538727	9522.949	150872.42323	10548.34	104613.496859
5.088	20363.2302672	9985.84	165683.353399	9457.031	154033.44682	10541.02	134855.207377
5.089	21619.1430625	9993.164	127523.317172	9496.582	95385.4509913	10526.37	93768.2008865
5.09	20422.4062017	9999.023	128350.753121	9543.457	137472.697519	10541.02	132715.667066
5.091	19197.5207561	10010.74	135053.407962	9455.566	107577.246553	10541.02	116260.820036
5.092	19093.0239125	9997.559	118944.708047	9496.582	160553.624306	10513.18	161420.364914
5.093	20536.2757175	9969.727	133629.516644	9546.387	132030.596434	10548.34	278178.431383
5.094	21703.0790707	9953.613	133220.235933	9520.02	176614.818589	10485.35	77835.8585369
5.095	19402.8193091	9975.586	146026.795652	9493.652	148246.253326	10456.05	116071.278937
5.096	19087.5430991	10026.86	201794.842794	9490.723	114777.408028	10454.59	182737.195504
5.097	20251.8224801	10048.83	92452.4635344	9546.387	124222.4614	10473.63	142766.990568
5.098	20268.2623063	10018.07	111561.156253	9539.062	138845.896706	10501.46	143114.840095
5.099	21083.0672428	9979.98	171223.251083	9471.68	131080.091348	10535.16	142395.757216
5.1	20459.0422931	10023.93	152516.024418	9518.555	146484.085625	10464.84	176266.639522
5.101	20463.8824473	10018.07	145962.325162	9487.793	107784.624758	10478.03	126338.358276
5.102	20515.5757067	10016.6	94888.169331	9480.469	164728.212376	10491.21	147821.752721
5.103	20134.8393982	10012.21	102571.988376	9518.555	189183.145554	10497.07	80514.628489
5.104	20270.4485604	9962.402	123409.752423	9467.285	175277.350142	10536.62	113943.340218
5.105	19336.9838724	9991.699	129266.800786	9543.457	188549.562434	10546.88	114600.609532
5.106	18737.2447069	9996.094	143857.016908	9464.355	98425.7969778	10497.07	130463.942058
5.107	19365.9360977	9993.164	137010.927995	9479.004	67923.1941968	10467.77	116737.597855
5.108	20995.7441641	10006.35	153901.324838	9509.766	150787.731626	10491.21	135455.800709
5.109	19294.1798506	9966.797	185983.857419	9505.371	168720.313665	10529.3	135418.674388
5.11	20237.5110049	9953.613	101314.625327	9503.906	98095.4958583	10539.55	99621.1168319
5.111	19816.3440946	9997.559	118614.455619	9541.992	126800.474904	10505.86	78712.3505432
5.112	19679.3358832	10032.71	135585.814648	9546.387	95604.0822813	10454.59	143728.83006
5.113	19779.0142254	9988.77	154653.319365	9481.934	119013.457304	10545.41	102189.540664
5.114	19968.7836355	10013.67	152972.2451	9451.172	144942.613146	10461.91	82005.4589224
5.115	19821.3199625	10003.42	128432.225099	9533.203	125534.618237	10478.03	118331.072853
5.116	19234.3686848	9958.008	95089.6748344	9503.906	193853.002943	10483.89	67868.0640779
5.117	18734.8950203	10000.49	86635.7774999	9459.961	102215.539546	10450.2	106621.257756
5.118	19690.5306576	9996.094	140443.539526	9451.172	117709.527886	10546.88	112370.877226
5.119	20782.5430254	10007.81	94124.4986718	9511.23	131615.323428	10489.75	128942.765146
5.12	20473.0051578	10015.14	105228.11902	9496.582	125189.327558	10508.79	201171.395947
5.121	18912.9835342	10016.6	156435.238905	9533.203	126717.693381	10511.72	137037.706596
5.122	19894.9296837	9999.023	129366.578966	9527.344	95840.4180579	10524.9	136809.468165
5.123	20426.5225541	9952.148	123245.398411	9536.133	117881.816931	10492.68	83156.913054
5.124	17377.88504	10028.32	151476.967639	9462.891	195833.22233	10486.82	144920.433083
5.125	19411.6498857	10001.95	103174.125649	9465.82	76521.1297261	10539.55	89348.9824086
5.126	18753.8047693	10037.11	102779.874087	9547.852	64559.7911442	10488.28	117437.792583
5.127	19942.1829565	9950.684	138690.78102	9490.723	107207.261995	10470.7	145411.903143
5.128	18808.0783859	10009.28	152568.32344	9464.355	219895.526136	10470.7	100168.993795
5.129	18495.8476933	9997.559	212897.922075	9502.441	105226.238554	10492.68	81342.3293096
5.13	18466.9914142	9984.375	103698.445645	9461.426	135251.49584	10521.97	128788.839575
5.131	19198.411433	9997.559	163959.809348	9543.457	155011.006718	10510.25	189014.360142
5.132	19023.2199557	9994.629	73593.132112	9533.203	118889.416322	10520.51	179414.224534
5.133	18538.0335356	10003.42	86971.2572186	9514.16	75895.0987932	10542.48	122859.307651
5.134	17544.3693071	9985.84	152932.016981	9470.215	99217.3633781	10507.32	143251.810494
5.135	17959.7649399	10019.53	98276.5431576	9531.738	113656.425887	10504.39	143267.098851
5.136	17657.3506702	9958.008	162080.684568	9459.961	150937.569187	10497.07	131843.310875
5.137	19503.0181612	9996.094	98401.2041925	9459.961	110106.513417	10541.02	109593.854283
5.138	17903.0478478	10034.18	146961.238244	9540.527	123655.902383	10548.34	99437.2095918
5.139	16624.0288116	10004.88	115092.386364	9543.457	106885.961273	10529.3	79065.6621637
5.14	16804.1361498	10025.39	66570.1667595	9524.414	179153.26334	10494.14	104157.80642
5.141	17706.3392401	9997.559	140356.052274	9465.82	138444.801487	10530.76	129740.375429
5.142	17643.0213435	10023.93	97319.2229234	9537.598	150022.322281	10492.68	106853.021132
5.143	17460.8099707	9965.332	177390.771553	9490.723	115718.877087	10514.65	77875.52988
5.144	17951.1608833	9952.148	144171.718622	9468.75	108385.211116	10469.24	136898.507741
5.145	16854.0203196	9960.938	102688.499735	9489.258	76859.9142477	10478.03	136580.247801
5.146	17660.1800379	9959.473	97796.3514972	9461.426	107913.203569	10486.82	155462.149098
5.147	15806.3401461	10012.21	159354.164983	9451.172	105923.495289	10478.03	66732.1498111
5.148	17417.72703	9997.559	114624.651557	9520.02	159341.260596	10485.35	67348.4486279
5.149	16256.5622136	10007.81	141736.251832	9465.82	82750.4656034	10464.84	178183.679309
5.15	16226.8054295	10003.42	137512.050216	9530.273	178632.449133	10519.04	84229.5209585
5.151	16640.5503139	10019.53	102439.809238	9515.625	82629.2943214	10536.62	130095.696023
5.152	17611.4461704	9988.77	90911.2835932	9503.906	208006.909305	10479.49	115341.192374
5.153	17374.9334768	9987.305	147441.41812	9473.145	129411.768535	10469.24	85183.7654258
5.154	17488.6614148	10028.32	119378.720745	9527.344	108146.765322	10516.11	93188.0938351
5.155	17586.0175877	9997.559	158654.936964	9541.992	85788.3731239	10461.91	91675.5880988
5.156	16351.2786872	10045.9	116485.956469	9531.738	136531.490655	10464.84	115779.796524
5.157	16145.7387472	9994.629	195037.720402	9462.891	88948.1502557	10514.65	96986.7937085
5.158	16937.951412	10000.49	130959.705339	9534.668	71834.9698635	10502.93	87717.4855925
5.159	16907.8714433	9999.023	216040.212007	9452.637	75138.2687168	10545.41	94110.9236922
5.16	15993.4024187	9999.023	171521.275031	9509.766	69908.3000115	10513.18	166166.198207
5.161	16253.4252624	10018.07	162194.001958	9520.02	81621.0175197	10500.0	104049.793941
5.162	16841.8895302	9996.094	170441.842465	9461.426	117574.70675	10476.56	140878.769956
5.163	15306.4027186	9994.629	119608.708549	9531.738	76933.3498252	10476.56	94098.3886008
5.164	17219.1538445	10007.81	108258.042354	9543.457	121574.132758	10463.38	96354.5230162
5.165	16445.8897566	9999.023	168933.887341	9492.188	140000.580859	10461.91	64738.7213586
5.166	16895.8230496	9997.559	163812.40167	9470.215	80773.4573523	10450.2	137452.02554
5.167	16178.9967521	10045.9	129050.964328	9522.949	88556.6914663	10495.61	83282.6344533
5.168	15934.0739114	9996.094	109878.730929	9457.031	166930.70178	10549.8	80112.6444821
5.169	16476.7164861	10040.04	156573.712618	9458.496	168109.485839	10475.1	130450.061167
5.17	15962.7405631	9969.727	138142.065762	9511.23	160218.138948	10508.79	110944.540125
5.171	16876.5207698	9950.684	100825.634146	9533.203	87122.1331734	10504.39	94941.7248831
5.172	16503.4418695	9958.008	95057.1347897	9531.738	90461.4778009	10517.58	80291.0470424
5.173	16373.2614497	9985.84	94695.9053665	9533.203	85243.7055177	10514.65	131893.16428
5.174	16694.2420297	9996.094	193150.340844	9471.68	126197.172625	10526.37	96459.5779099
5.175	16083.1297555	9996.094	190874.416877	9511.23	158228.842944	10473.63	112248.523495
5.176	16046.573453	9953.613	119011.076699	9514.16	166097.75956	10535.16	93721.233094
5.177	15144.8000989	9991.699	76090.4751622	9543.457	91665.7487082	10513.18	109167.556579
5.178	15917.4775839	9996.094	161979.938902	9498.047	95691.4444309	10523.44	90005.5530827
5.179	16084.1999139	9994.629	144103.659915	9486.328	91099.3545316	10489.75	99241.274092
5.18	15604.0900859	9987.305	62605.183551	9473.145	65296.0321504	10491.21	68903.5309154
5.181	15287.016367	9994.629	107699.740301	9534.668	139762.719579	10504.39	90421.0295111
5.182	14806.9172873	9962.402	141874.505264	9534.668	108187.443316	10475.1	83451.0949341
5.183	15918.6874667	10021.0	76923.6296965	9543.457	110488.063722	10517.58	151002.254189
5.184	15008.7047673	9963.867	115390.371699	9496.582	117617.199781	10510.25	112977.517726
5.185	14535.7835774	9990.234	134983.866258	9459.961	182289.68126	10453.12	72310.086937
5.186	14867.041487	9997.559	104610.549983	9490.723	82971.3699973	10529.3	95928.9254027
5.187	15641.4643624	9996.094	151352.639089	9484.863	108244.699905	10494.14	113311.946926
5.188	15015.890382	10013.67	114768.109674	9520.02	101676.317662	10461.91	83553.8059361
5.189	15571.8197992	9965.332	115287.596202	9511.23	162463.372544	10510.25	117097.773712
5.19	15484.689638	9999.023	239310.235287	9459.961	106705.536838	10479.49	96009.4238302
5.191	14843.5619645	9959.473	111377.365046	9496.582	127009.34767	10538.09	96002.6713044
5.192	15989.3169751	9997.559	223556.440156	9539.062	69881.1249902	10457.52	105097.082247
5.193	15786.0908965	9996.094	256965.713665	9454.102	152898.660777	10454.59	133538.71483
5.194	16143.1241287	9996.094	152726.447184	9476.074	64080.7289435	10473.63	112530.489322
5.195	15463.9701481	9994.629	352416.996477	9479.004	82015.3893146	10488.28	104731.312139
5.196	15706.047677	10000.49	221911.989665	9533.203	84324.8937453	10466.31	88020.0989848
5.197	16325.3109239	9997.559	105952.529267	9477.539	79848.2165185	10529.3	115616.198276
5.198	15410.5725153	9997.559	367957.774214	9536.133	91376.0378317	10482.42	112770.598974
5.199	15441.453652	9985.84	176392.519625	9489.258	103219.445983	10450.2	70611.2746963
5.2	16363.0286162	9996.094	230237.387792	9489.258	99863.4421829	10464.84	123488.281138
5.201	15189.3433818	9994.629	317940.387705	9499.512	68922.4189118	10470.7	105588.138447
5.202	15561.6347387	10013.67	136941.2659	9471.68	90077.5920773	10492.68	103957.16813
5.203	15327.3575329	9999.023	130070.651198	9509.766	123726.361482	10457.52	90419.6315542
5.204	16048.0869428	9997.559	196937.482265	9480.469	128052.024474	10527.83	109053.376405
5.205	15760.2280806	10000.49	112389.050681	9479.004	98011.2277901	10469.24	96301.0520707
5.206	16514.4614207	9996.094	191937.527201	9505.371	56342.5539123	10495.61	95941.6917
5.207	16608.1458609	9994.629	166921.024392	9484.863	68085.8357172	10498.54	117408.656428
5.208	16530.9130843	10021.0	94965.71042	9512.695	157441.687257	10492.68	156072.584891
5.209	15178.3958678	9999.023	172634.913294	9458.496	77973.5369406	10546.88	63652.7740516
5.21	15687.5088303	9997.559	339357.92741	9530.273	65116.7999543	10450.2	71005.8990051
5.211	16790.5658733	9997.559	133920.207266	9536.133	81879.3930995	10504.39	110281.111981
5.212	16879.7082458	9996.094	254624.443803	9524.414	76268.368663	10491.21	185686.192508
5.213	15289.1238406	9996.094	225840.08621	9533.203	155273.716949	10469.24	122969.694448
5.214	15654.7126084	9994.629	142258.705461	9505.371	149838.230118	10530.76	119514.626569
5.215	15923.8533888	9971.191	126183.787719	9517.09	152203.84078	10483.89	84852.1902874
5.216	17352.9390774	9977.051	173990.565705	9522.949	75496.7254704	10469.24	73216.5708705
5.217	15548.9541676	9997.559	105409.921462	9473.145	133024.19061	10542.48	73464.1875783
5.218	16344.4207978	9981.445	57073.5211407	9527.344	76475.7366868	10488.28	60512.8410488
5.219	15613.6846414	9977.051	221505.966793	9525.879	84516.3447282	10513.18	82553.679673
5.22	16253.9669116	10022.46	88866.8947014	9499.512	100090.007594	10463.38	92012.6335227
5.221	16094.0837367	9979.98	101400.136223	9490.723	134610.369546	10546.88	121862.779243
5.222	15592.8338431	9999.023	185784.798049	9506.836	74023.9662057	10536.62	172474.853145
5.223	16208.3668643	10018.07	94448.9500517	9503.906	64924.1462162	10469.24	151067.952572
5.224	17717.7266472	10009.28	96812.8178052	9495.117	95833.8858798	10541.02	88096.594089
5.225	16561.3202146	9996.094	204549.740907	9467.285	80497.6594235	10497.07	192053.370658
5.226	16692.3401942	10013.67	119957.058521	9508.301	114490.586183	10470.7	126571.703503
5.227	17463.3486716	10000.49	156486.390917	9459.961	106814.672204	10458.98	122780.055877
5.228	15780.4904439	9999.023	112960.142037	9539.062	73083.1882849	10507.32	104476.06603
5.229	17523.142245	9999.023	177716.405345	9493.652	140399.88683	10464.84	99938.4416978
5.23	15209.5724217	10034.18	116024.138334	9451.172	72760.3813585	10542.48	116030.409813
5.231	17221.2810545	9996.094	97549.9281116	9500.977	99172.9377121	10466.31	185852.018536
5.232	16601.2758599	9994.629	139472.465406	9508.301	91714.0712773	10469.24	120266.33614
5.233	16548.3500669	9988.77	133289.793998	9454.102	87646.1440004	10500.0	84344.5587751
5.234	17475.154469	9999.023	137052.823656	9525.879	102346.40919	10543.95	114178.472236
5.235	17518.5249711	9997.559	112732.465147	9486.328	134220.38961	10513.18	84139.0361285
5.236	17637.4105715	9999.023	165423.144083	9544.922	95011.4590944	10549.8	75859.8354337
5.237	16520.5415853	9972.656	105551.745042	9536.133	114380.150945	10464.84	96264.3143358
5.238	18668.0431352	10034.18	101889.985948	9512.695	105293.245046	10504.39	185634.385065
5.239	17963.3617307	9994.629	208308.179933	9461.426	157443.143664	10513.18	84603.6597578
5.24	18286.8286128	9960.938	100806.683112	9492.188	183713.847376	10520.51	118966.140252
5.241	17518.7562955	10034.18	164349.117813	9465.82	99062.9150784	10461.91	129530.113548
5.242	17713.4312705	9988.77	102352.463025	9474.609	114021.9098	10548.34	128355.685121
5.243	18006.7917559	9999.023	103355.618324	9528.809	121661.929625	10456.05	119696.904927
5.244	17740.5743284	9988.77	121320.482725	9547.852	91728.5034614	10536.62	67148.8460692
5.245	18389.0205758	9968.262	165362.897889	9534.668	171075.640831	10458.98	86066.0678038
5.246	18128.435125	10029.79	199290.557721	9498.047	216865.781696	10463.38	129536.173277
5.247	17834.1318634	10032.71	190717.128738	9465.82	118815.26414	10533.69	124857.445753
5.248	17396.2314179	10004.88	90700.6414457	9455.566	125913.168877	10453.12	135546.828442
5.249	17992.9208547	10004.88	145147.596551	9544.922	149798.772505	10469.24	84228.0542891
5.25	18335.4771882	9996.094	164031.058895	9549.316	67499.274841	10491.21	91463.9916303
5.251	18521.5338457	9994.629	121296.694183	9459.961	104145.923615	10497.07	111672.481011
5.252	18469.2404476	10019.53	93061.1693969	9540.527	100298.16991	10549.8	60743.0421095
5.253	18759.0291023	10042.97	121478.477386	9509.766	204431.159901	10516.11	102798.575516
5.254	18791.1601012	9994.629	107397.794503	9480.469	155352.14699	10457.52	95311.404967
5.255	18915.1873321	10019.53	161427.113426	9537.598	99303.5784094	10464.84	137811.285013
5.256	19318.9301861	9996.094	135486.30176	9461.426	111148.919503	10516.11	131854.907868
5.257	18760.9676077	10034.18	166927.272701	9459.961	134339.13004	10451.66	118439.445003
5.258	18708.1504306	10000.49	152761.006221	9483.398	82338.9151253	10486.82	120060.687354
5.259	18876.5775402	9999.023	109951.036092	9543.457	142151.274287	10510.25	86199.6404519
5.26	20880.3118355	10022.46	144616.264906	9500.977	99001.8972126	10476.56	95684.7978234
5.261	19439.875723	10023.93	93817.0088009	9524.414	137510.929559	10461.91	111213.585263
5.262	18669.9629178	10016.6	144493.633248	9457.031	107825.626117	10502.93	95834.7726069
5.263	18504.3285909	9996.094	213824.872322	9496.582	132716.177294	10475.1	101262.464149
5.264	19139.5990706	9977.051	105777.924688	9531.738	115699.20807	10536.62	79996.7087827
5.265	18254.6954694	9969.727	146864.547988	9536.133	134614.363504	10475.1	83998.3649422
5.266	20436.8248896	9988.77	82485.4135636	9458.496	117172.177503	10519.04	109799.584477
5.267	19981.9858311	10019.53	147823.006275	9471.68	90214.1221506	10520.51	87118.1867515
5.268	19480.39077	10012.21	116583.715344	9505.371	174755.72235	10521.97	179440.091404
5.269	17803.8697756	10013.67	240009.592206	9454.102	109570.870174	10539.55	283401.755265
5.27	18944.9146932	9972.656	91005.5492073	9473.145	111051.235894	10513.18	145985.820425
5.271	19689.3284839	10004.88	98357.6208906	9514.16	110274.079941	10454.59	94686.8275107
5.272	18163.4869741	10041.5	179176.868963	9489.258	115404.149143	10497.07	105150.132417
5.273	19104.9644429	9977.051	116331.906932	9459.961	169448.930028	10539.55	64916.8632313
5.274	17746.8080369	10028.32	106210.828488	9515.625	188511.611136	10460.45	91903.9672349
5.275	18873.3342508	9996.094	110679.548577	9484.863	183577.671952	10475.1	79121.7666381
5.276	18990.9228449	10045.9	100256.897196	9454.102	108222.080278	10458.98	92935.6309379
5.277	18989.0279194	10022.46	101709.910694	9465.82	172858.473221	10488.28	95779.2736238
5.278	19791.0796655	9999.023	161338.358088	9471.68	107716.84971	10511.72	120209.698265
5.279	18136.0928372	9971.191	126267.202403	9474.609	171104.378445	10492.68	87283.159054
5.28	18870.0059856	10025.39	111079.249734	9512.695	133807.885698	10470.7	95962.5728341
5.281	18398.8349249	10031.25	154529.620621	9490.723	139291.58801	10527.83	109666.931539
5.282	17634.4019784	10035.64	133952.776306	9465.82	195619.648638	10473.63	141816.007019
5.283	17680.5437126	10007.81	92440.9107749	9514.16	82689.8667583	10517.58	117774.961664
5.284	17859.7663871	9985.84	98075.4179287	9500.977	101173.626949	10541.02	150678.867621
5.285	18312.5570257	10044.43	188318.599482	9534.668	139840.282849	10500.0	96474.9369085
5.286	19044.4872132	9966.797	78010.69307	9462.891	143761.817309	10489.75	112121.87314
5.287	18529.8081487	10003.42	111764.89982	9455.566	108125.593383	10524.9	96783.4120341
5.288	17350.1631134	10000.49	178705.969253	9495.117	137124.604584	10463.38	118003.32807
5.289	18404.5066256	10015.14	125575.67015	9487.793	121551.611066	10541.02	172811.074396
5.29	18510.6534821	10016.6	132421.266589	9500.977	145094.015331	10454.59	95518.9180308
5.291	18176.9346619	9955.078	131024.104768	9537.598	92848.7351138	10535.16	101976.180239
5.292	19301.1766917	9959.473	100511.931431	9515.625	85849.8800582	10545.41	104008.030037
5.293	18481.025364	10019.53	123153.2797	9544.922	144818.560343	10521.97	90094.9016537
5.294	18291.8103768	10040.04	98905.9682765	9459.961	114049.543542	10517.58	134774.937824
5.295	18681.6940779	9997.559	135229.986042	9490.723	180573.586072	10454.59	127468.775639
5.296	19568.7494181	9993.164	104977.06631	9499.512	114150.690607	10536.62	141264.001191
5.297	17363.3893508	9978.516	106535.569085	9459.961	111896.142369	10513.18	99649.4167411
5.298	18469.3911935	10044.43	147323.299616	9490.723	61297.4750121	10539.55	108523.660381
5.299	18339.8172932	10003.42	61649.0001924	9461.426	164899.180358	10495.61	117542.753195
5.3	16920.6934003	10015.14	92883.7011033	9465.82	107188.151987	10529.3	126537.539572
5.301	18128.1623991	9952.148	77959.4237392	9496.582	155907.12477	10495.61	110757.116114
5.302	17806.9606741	9965.332	120648.601449	9499.512	85507.3515239	10489.75	207060.598581
5.303	17593.9033784	9959.473	106270.468889	9505.371	128162.355815	10450.2	70291.2353868
5.304	17712.1419629	10015.14	111720.631187	9499.512	130634.939411	10513.18	112606.705387
5.305	17412.7559591	10004.88	133447.61163	9530.273	107847.679105	10451.66	156722.452654
5.306	17118.8929436	9953.613	113109.402569	9528.809	130277.361074	10497.07	88031.7451321
5.307	16966.0910931	10016.6	88309.0045385	9470.215	166602.217504	10501.46	115009.384744
5.308	16630.5546474	9975.586	134364.169666	9508.301	67398.5141713	10475.1	106058.281245
5.309	16927.6983396	10010.74	89639.8053331	9502.441	57469.7132821	10549.8	41028.4494678
5.31	17270.8391587	9966.797	89725.3836742	9544.922	155015.859488	10520.51	154974.664308
5.311	16184.3772521	9959.473	111542.318567	9503.906	149546.293968	10480.96	83531.4331966
5.312	16510.0553655	10032.71	126503.683989	9458.496	158054.717311	10520.51	138123.167764
5.313	17234.739658	10015.14	79948.0395596	9527.344	144215.043023	10489.75	133419.926602
5.314	16074.8007981	9974.121	80894.6529426	9477.539	134777.27452	10536.62	79912.6142486
5.315	15852.1928487	9971.191	152552.480212	9520.02	118437.952409	10520.51	144116.363785
5.316	14832.4604271	9972.656	151932.728727	9530.273	109462.134151	10470.7	113220.316816
5.317	16631.1302332	9978.516	48758.4238867	9476.074	247967.344982	10536.62	80715.7114667
5.318	16351.1368511	10037.11	91509.5049088	9549.316	50611.1414555	10460.45	92478.952367
5.319	14332.47242	10045.9	118216.765232	9517.09	91110.1515938	10461.91	72856.6433254
5.32	15165.0926509	9962.402	105531.230759	9474.609	101766.470155	10546.88	116732.023378
5.321	16260.7628582	10037.11	83733.6372253	9505.371	64730.1534458	10546.88	152149.935667
5.322	16442.6408885	10009.28	95577.4925671	9525.879	102678.691397	10501.46	167610.895371
5.323	15114.8925019	10022.46	91194.7928286	9499.512	111712.756883	10511.72	84445.8983503
5.324	16510.2572571	10012.21	120436.880184	9511.23	65619.5036926	10470.7	167143.391765
5.325	15416.1149504	10010.74	68268.4584118	9479.004	83496.6453172	10491.21	125516.347222
5.326	14595.2134134	9994.629	69247.2351915	9543.457	121310.108256	10460.45	143117.110279
5.327	15430.8491687	10000.49	148493.836081	9464.355	107635.385983	10530.76	80727.0056216
5.328	14497.6184543	9993.164	67792.5798305	9509.766	81478.6624639	10510.25	98644.5495304
5.329	14930.7946829	9996.094	127795.90295	9468.75	111665.443565	10514.65	118382.225026
5.33	14068.972815	10003.42	76198.2646776	9457.031	73307.1212636	10543.95	116943.172021
5.331	13939.4204413	10026.86	77772.0276142	9479.004	78001.005032	10505.86	100270.440708
5.332	14917.3559405	10040.04	98683.8732625	9498.047	104257.865412	10546.88	135064.52675
5.333	14618.0083255	9950.684	103071.972282	9495.117	74152.0298827	10510.25	105122.073803
5.334	13674.7738208	10044.43	115193.030314	9480.469	69101.2127317	10546.88	81216.3511425
5.335	15062.7100706	9979.98	85522.5177275	9514.16	65263.9552985	10529.3	63401.0477695
5.336	14296.4228083	9977.051	94845.7620397	9534.668	70349.687772	10476.56	74097.3672784
5.337	14874.2047039	9985.84	134191.381363	9547.852	87954.2657535	10469.24	171692.864598
5.338	13870.0734071	9987.305	107055.032499	9476.074	89568.067365	10495.61	60637.8801721
5.339	13724.4330955	10035.64	65370.0327745	9454.102	65158.8541662	10535.16	54419.9459077
5.34	14087.5143674	9969.727	98308.7763019	9479.004	65076.3563591	10516.11	116887.54097
5.341	14419.1676706	9956.543	82424.8460343	9505.371	77345.5508584	10543.95	154052.138408
5.342	14129.0341975	9997.559	143795.723556	9543.457	62502.9512282	10486.82	112708.047967
5.343	13621.4101944	9972.656	107573.040677	9461.426	102068.945577	10505.86	78351.3545872
5.344	14332.1620467	9974.121	73360.5169455	9531.738	108873.286077	10514.65	75286.7595069
5.345	14954.597065	9977.051	85130.8824993	9457.031	65080.7138939	10517.58	99087.3397576
5.346	13755.786377	10031.25	118168.023739	9498.047	139236.706199	10463.38	82534.915114
5.347	13738.4831568	9971.191	135332.364318	9451.172	108212.628627	10482.42	71711.6927225
5.348	13840.5794613	9990.234	60082.2838185	9481.934	66469.3531543	10545.41	101674.099272
5.349	13426.168556	9955.078	89967.2240685	9479.004	117018.16995	10507.32	83253.8855032
5.35	14726.6530321	10000.49	62027.1372092	9473.145	124923.016148	10500.0	126809.951411
5.351	13452.0024916	9966.797	118529.644612	9546.387	65278.8040989	10475.1	120142.867588
5.352	14443.0255579	9975.586	136014.591889	9454.102	104192.291417	10535.16	76471.1264931
5.353	13234.4751132	10038.57	78577.1132055	9461.426	81969.0818026	10520.51	153536.902024
5.354	13583.6336419	10025.39	80165.1470322	9521.484	115298.440956	10511.72	66585.0025386
5.355	13542.7013277	9985.84	71302.055402	9533.203	50567.3869185	10467.77	108150.773209
5.356	14810.496271	9959.473	82402.7357705	9484.863	67414.1244772	10519.04	63157.6993517
5.357	13975.5071241	9965.332	96777.2530446	9512.695	97059.778993	10456.05	96700.9176738
5.358	13633.327746	9950.684	84580.0051844	9514.16	65092.4209811	10475.1	112660.972914
5.359	13757.9955539	9978.516	101991.560128	9477.539	111889.874405	10530.76	74203.635252
5.36	13904.3691981	10047.36	86754.0993012	9508.301	78921.2108739	10483.89	55145.2698205
5.361	13977.7143752	9991.699	49579.1791721	9481.934	73008.3626429	10521.97	82317.6188854
5.362	15069.758765	10023.93	105483.82187	9459.961	57786.2237189	10504.39	84386.2475896
5.363	14590.7653237	10015.14	92813.9946263	9506.836	65162.4876102	10542.48	109939.479046
5.364	14521.6034353	9997.559	70815.7231743	9511.23	100243.385851	10541.02	103546.84611
5.365	14903.0235821	10038.57	95525.2946338	9521.484	94993.1198319	10519.04	90650.456638
5.366	13631.0771287	9971.191	72275.4989433	9474.609	146201.302192	10523.44	69499.466981
5.367	14946.5689931	9966.797	112864.947583	9474.609	80855.7869386	10475.1	72699.7536703
5.368	14817.5989116	10048.83	80323.1985147	9537.598	72192.7475226	10491.21	99566.2977627
5.369	15131.5005452	10026.86	74137.3418269	9537.598	77964.1534892	10467.77	118663.142544
5.37	15287.8974652	10028.32	125427.548109	9524.414	82017.6413819	10494.14	160581.584338
5.371	14960.3066758	10023.93	107668.33767	9458.496	97613.2631797	10527.83	170648.498551
5.372	14531.5036702	10009.28	123342.595877	9465.82	65711.7492436	10538.09	58610.3754083
5.373	15901.8995092	10034.18	87968.2966011	9480.469	100230.967723	10476.56	109617.718769
5.374	14938.9448317	9981.445	104437.635489	9525.879	138878.944458	10460.45	79889.6333829
5.375	15415.093307	10001.95	91943.5678187	9462.891	56784.5668511	10514.65	95599.3355584
5.376	15059.6847849	9994.629	83523.4573159	9503.906	116730.108456	10497.07	153966.731875
5.377	15201.4528306	10034.18	86862.3372112	9537.598	62397.3254024	10545.41	116953.492189
5.378	15230.7552418	9971.191	79605.0053936	9461.426	114698.353601	10480.96	89957.4609849
5.379	15646.40412	9996.094	159811.284568	9461.426	73404.1158975	10508.79	142471.69485
5.38	15676.9906154	9959.473	93120.6296086	9477.539	87260.4244175	10483.89	103664.754496
5.381	15608.7424603	10047.36	101560.941034	9462.891	90315.5719906	10524.9	99984.8948323
5.382	14550.5455536	9987.305	182059.599091	9479.004	69746.165466	10488.28	97899.3626632
5.383	15788.4205075	10028.32	104064.365501	9520.02	101482.576416	10532.23	89256.5719621
5.384	15902.286133	9963.867	123790.391264	9500.977	87738.0320198	10513.18	115686.420582
5.385	15932.0115671	10048.83	56776.6650294	9503.906	132836.911924	10475.1	105583.631096
5.386	17407.8438801	9963.867	92480.9909133	9480.469	136365.568143	10483.89	112325.985472
5.387	17034.6232824	10010.74	83991.1281157	9503.906	124480.228314	10469.24	60219.2985398
5.388	16529.20674	9969.727	130564.501326	9512.695	122895.395357	10491.21	186305.225823
5.389	16804.4086528	9994.629	123914.633142	9518.555	96495.926209	10505.86	102700.281469
5.39	16666.4809851	10025.39	109632.033669	9493.652	138041.867027	10453.12	81496.3078911
5.391	16719.3854479	10009.28	88531.6801811	9547.852	93367.37599	10456.05	87266.8053625
5.392	17570.8588346	10001.95	248630.255961	9524.414	130049.774708	10508.79	132356.741135
5.393	17308.9074105	9991.699	84766.5000254	9499.512	86243.8702062	10451.66	101240.617277
5.394	16478.3169117	10022.46	101085.21144	9493.652	80417.773836	10451.66	112412.711465
5.395	17032.0888992	9953.613	71534.6028498	9539.062	107679.159296	10489.75	120945.746375
5.396	17506.3754415	9952.148	91214.5558461	9486.328	62886.8848711	10453.12	69912.401346
5.397	17219.9950353	10029.79	131431.944047	9458.496	151188.224287	10513.18	103033.54108
5.398	18554.8090182	10034.18	92385.1155423	9500.977	161116.403508	10458.98	108936.434017
5.399	18049.1697642	9991.699	123917.861044	9508.301	104769.510354	10510.25	130094.628003
5.4	19174.0830239	9985.84	200449.906511	9518.555	143077.973574	10527.83	66797.3771699
5.401	18597.1655806	10042.97	103087.947218	9502.441	75381.1963688	10511.72	103209.388835
5.402	18837.7683425	9982.91	174342.594561	9521.484	96532.7835442	10494.14	122978.252134
5.403	17169.4980925	9952.148	94931.4005027	9509.766	102319.76275	10532.23	79408.6760602
5.404	19261.7638756	9963.867	159055.473985	9486.328	105579.185469	10505.86	103532.193496
5.405	19397.0842605	10025.39	106858.541262	9536.133	100445.124872	10453.12	107647.299075
5.406	18932.3459305	10038.57	117357.296541	9457.031	123262.868768	10502.93	156204.976823
5.407	18804.1116417	9994.629	105130.769536	9515.625	184415.541402	10526.37	82678.8139897
5.408	19577.0839755	10018.07	164160.944846	9470.215	127685.358029	10450.2	99875.0500672
5.409	19755.6242414	9960.938	106937.520848	9511.23	122660.060872	10516.11	138213.555599
5.41	20245.0599488	10044.43	139917.04116	9514.16	166674.201918	10475.1	118634.44307
5.411	20125.1612631	10021.0	93695.3074481	9505.371	148714.610635	10527.83	106992.371945
5.412	18852.9857364	9975.586	121020.845995	9509.766	145645.823022	10530.76	339490.63993
5.413	19706.2491541	9977.051	81414.3754775	9464.355	142302.730046	10514.65	135718.293673
5.414	20503.7967122	10013.67	100365.447372	9468.75	168016.794937	10549.8	88707.4011043
5.415	20802.2842083	10026.86	93105.6697687	9462.891	118149.965892	10530.76	214872.714899
5.416	19215.6030907	10040.04	96356.1783177	9465.82	113614.43138	10524.9	91856.6878592
5.417	20408.9425068	9985.84	132524.670801	9483.398	116811.76344	10507.32	118298.346752
5.418	19930.5378655	9958.008	100950.915665	9531.738	324341.19563	10535.16	115735.762604
5.419	19763.8967249	10006.35	184725.111456	9527.344	138573.966112	10483.89	133963.674049
5.42	20810.9325504	10019.53	107700.033886	9479.004	114360.632264	10504.39	133132.63202
5.421	21880.0549837	9965.332	156353.533142	9509.766	138377.162077	10482.42	247093.613453
5.422	20882.91831	9958.008	160764.051764	9502.441	162206.135566	10456.05	198894.862934
5.423	19419.6072288	10031.25	68933.1944623	9468.75	125291.705481	10533.69	198000.52764
5.424	20385.0962162	9979.98	178347.928024	9508.301	125634.040417	10533.69	117920.971815
5.425	21252.6232586	9952.148	163515.639143	9458.496	73376.1287627	10492.68	132811.842398
5.426	20796.1169811	9977.051	106378.956164	9498.047	91944.4602438	10524.9	79362.11526
5.427	20989.9015563	10047.36	107255.588808	9517.09	121796.754887	10478.03	157187.334163
5.428	19271.9854012	9975.586	100522.91516	9470.215	172326.488283	10546.88	168457.234747
5.429	20675.2343759	10001.95	113455.750042	9486.328	135178.789194	10526.37	117536.961689
5.43	22352.6195853	9971.191	211827.958915	9533.203	105735.519092	10542.48	111148.834898
5.431	21502.0474859	10006.35	126125.498745	9530.273	107334.006015	10472.17	132915.560522
5.432	19721.3776796	10012.21	126608.816138	9549.316	110463.391946	10473.63	190498.223308
5.433	19986.0187949	9963.867	136607.118563	9536.133	146663.693775	10508.79	133748.20447
5.434	21873.9177025	10025.39	95849.9244971	9461.426	104043.345451	10473.63	148789.534158
5.435	21299.0028163	10029.79	170285.393024	9454.102	97663.2344682	10498.54	121290.653148
5.436	20773.2321685	9956.543	105135.062222	9524.414	118457.682987	10523.44	183401.017522
5.437	21802.5543939	10038.57	134189.402116	9517.09	103839.597395	10546.88	182763.770861
5.438	20161.3510789	9996.094	167354.708637	9461.426	163524.20194	10469.24	78521.6155572
5.439	21413.007286	10019.53	133831.254876	9531.738	128605.719086	10458.98	151546.986841
5.44	21008.1628921	9963.867	96220.0804052	9499.512	68981.3714608	10491.21	141020.794126
5.441	21399.1233838	10019.53	98544.0908478	9546.387	137207.911334	10545.41	132716.842128
5.442	20591.8209525	9969.727	107606.415119	9534.668	200353.705209	10502.93	109978.631273
5.443	21781.6163049	10018.07	168337.06141	9536.133	149630.269693	10507.32	175324.062838
5.444	19771.2142188	10041.5	114060.591473	9517.09	175340.299418	10450.2	87461.1359935
5.445	21344.3970043	10034.18	92107.4566371	9533.203	97278.4382249	10461.91	116672.970766
5.446	21293.1874903	9972.656	116839.626954	9498.047	126061.79972	10473.63	102104.679985
5.447	22000.2130441	10012.21	122505.809107	9515.625	84938.445708	10504.39	109872.541269
5.448	20445.3556703	9981.445	141113.145652	9468.75	93144.7488996	10500.0	112333.095738
5.449	22539.0964525	10016.6	86871.1687866	9514.16	134091.540798	10519.04	123392.966508
5.45	21072.169433	9953.613	188578.538234	9536.133	108716.329328	10497.07	199742.710422
5.451	21740.4822847	10021.0	80341.114988	9521.484	91364.7289965	10450.2	161834.115788
5.452	21312.2880269	9962.402	205059.559911	9537.598	140047.418109	10543.95	95972.4933937
5.453	20397.6260892	9975.586	152303.534862	9500.977	144335.348091	10461.91	178093.53835
5.454	20043.8264609	10032.71	137611.65486	9540.527	99178.1021253	10524.9	84098.0410835
5.455	21709.5311582	10016.6	208916.174705	9461.426	127994.09586	10549.8	104744.806297
5.456	19309.0635807	10018.07	83153.349951	9514.16	104832.9906	10510.25	126394.34248
5.457	20319.669571	9953.613	110211.370934	9515.625	106766.445432	10454.59	114258.604178
5.458	19605.5850534	9999.023	236764.758695	9541.992	113584.567891	10542.48	123846.747547
5.459	19654.0691034	9999.023	189638.444267	9462.891	127811.749859	10501.46	202975.47988
5.46	20210.7753654	9955.078	119546.227193	9451.172	117882.746641	10504.39	154363.235262
5.461	19273.3427976	9991.699	135659.951317	9470.215	120329.67255	10546.88	116960.360967
5.462	19823.5785822	9996.094	94298.1123872	9517.09	77957.2229353	10533.69	104842.86548
5.463	20640.9263167	10013.67	128386.065257	9549.316	73245.2816043	10488.28	96831.6032485
5.464	20238.1439107	10010.74	145911.737763	9459.961	92819.8726915	10492.68	131820.091342
5.465	18213.3168225	10001.95	209088.822198	9506.836	87692.4183256	10543.95	186278.498934
5.466	20287.2899306	9963.867	147038.930854	9540.527	134544.694841	10464.84	158765.069508
5.467	19908.5236206	9966.797	122275.27522	9479.004	87286.2595792	10483.89	161492.917609
5.468	20864.7012911	9972.656	106819.544505	9457.031	70007.9539324	10504.39	167983.212836
5.469	18348.4032186	10038.57	142727.529085	9486.328	187021.966406	10532.23	147999.803003
5.47	19677.3505038	10044.43	105751.049486	9457.031	144426.311381	10500.0	99084.6735952
5.471	19974.4529318	10018.07	114465.089918	9522.949	93628.8568801	10538.09	135830.653909
5.472	19448.978347	9988.77	172390.260221	9480.469	125388.917963	10521.97	96905.3406845
5.473	20178.2410854	10029.79	133864.399177	9476.074	94285.0434584	10470.7	139406.604164
5.474	18233.0566645	9956.543	124869.709044	9527.344	131671.378554	10476.56	68124.7734119
5.475	19379.5570455	10021.0	108126.881698	9547.852	79148.0733936	10514.65	121504.014898
5.476	19308.3569815	10001.95	183118.33341	9540.527	90620.011646	10457.52	59863.4765934
5.477	19534.1937206	10004.88	122387.460741	9543.457	198117.741215	10517.58	114100.866812
5.478	18919.9194462	9994.629	125547.487633	9495.117	163600.417869	10494.14	141862.002987
5.479	19761.3892026	10026.86	111953.388225	9481.934	135973.02789	10511.72	161141.36803
5.48	18186.3227954	10007.81	68694.5854512	9483.398	88076.8330469	10500.0	79549.171109
5.481	18496.0585444	9977.051	162542.796986	9531.738	77297.6786795	10489.75	140983.203822
5.482	17315.658807	10040.04	90153.0695295	9502.441	119014.609573	10476.56	130052.203066
5.483	18447.6784817	9988.77	137037.578166	9474.609	135453.357462	10501.46	131256.79529
5.484	19066.429137	10048.83	66603.9763259	9525.879	127873.243812	10514.65	102552.690766
5.485	19581.1597384	10038.57	115470.798303	9452.637	119270.040258	10476.56	106918.459417
5.486	19437.7280787	9996.094	180334.08154	9534.668	132065.535063	10482.42	136106.626256
5.487	18411.1005888	9974.121	72378.2597789	9547.852	118002.023447	10527.83	164745.576513
5.488	18266.3479798	10019.53	106204.89677	9546.387	105669.81961	10470.7	115476.256001
5.489	18675.3517704	9966.797	112432.674486	9533.203	102643.694808	10535.16	152719.566482
5.49	17563.9893979	10000.49	118321.169664	9541.992	132439.288259	10524.9	127959.443724
5.491	18852.9703905	10042.97	150050.356048	9506.836	80355.4416417	10548.34	141840.117291
5.492	18663.8490478	10018.07	159318.464817	9454.102	98134.4719102	10549.8	96433.1056183
5.493	16557.7763504	9999.023	156523.522076	9462.891	91503.1106467	10498.54	115247.981027
5.494	17937.7928155	9991.699	84335.9574219	9544.922	111572.54349	10502.93	131607.511361
5.495	18162.678779	9978.516	101635.202278	9455.566	80266.3544774	10479.49	90493.9200746
5.496	18064.6458809	10037.11	88742.9727965	9479.004	146944.267842	10469.24	116793.249911
5.497	17599.41255	9981.445	54484.1214844	9508.301	96996.2903994	10513.18	148677.856087
5.498	16137.6126588	9999.023	239226.87901	9500.977	180614.198925	10479.49	111571.176649
5.499	17543.7847063	10012.21	102121.541826	9464.355	90629.0412622	10516.11	89985.1255617
5.5	18234.8424401	10032.71	99859.3488113	9477.539	138433.194406	10488.28	135108.395713
5.501	17168.6088186	10042.97	109553.789165	9518.555	109737.926357	10501.46	95564.6105353
5.502	17104.1971821	10000.49	143063.888592	9467.285	79811.5155422	10532.23	138019.781105
5.503	17131.8361672	9966.797	153749.41209	9509.766	85448.0641347	10521.97	125686.815499
5.504	17981.4367311	10007.81	151092.223632	9452.637	108814.763883	10491.21	116867.798961
5.505	18472.7827868	9960.938	83380.4202288	9536.133	99311.7167897	10457.52	112647.827762
5.506	17198.1972572	9959.473	107545.655669	9480.469	83644.3914718	10451.66	119301.793587
5.507	17065.925608	9994.629	95974.5659764	9496.582	196358.563453	10476.56	101412.591471
5.508	16368.277907	10010.74	83602.6029844	9484.863	90266.9302307	10473.63	131849.271598
5.509	16813.1533366	10012.21	101324.581617	9506.836	136559.061613	10473.63	102619.538196
5.51	18241.2110619	10025.39	74582.287905	9514.16	95240.2813782	10466.31	99336.0258394
5.511	16410.0452434	10038.57	112221.29709	9474.609	129769.352805	10475.1	130073.712584
5.512	16555.585507	10026.86	80701.2663421	9462.891	89663.1398813	10473.63	137573.852604
5.513	15598.1537666	10025.39	85318.9548767	9487.793	87783.745662	10539.55	100591.731956
5.514	16202.7636187	9984.375	111040.392454	9486.328	114448.225423	10480.96	108321.217544
5.515	17272.3600941	9982.91	130338.13726	9499.512	91651.636652	10458.98	100593.948612
5.516	16050.4505665	10029.79	151859.714897	9490.723	92775.75389	10502.93	114952.867168
5.517	16601.6295718	10019.53	140637.609794	9528.809	112217.223346	10542.48	118751.527727
5.518	17294.3069795	9985.84	86924.492625	9471.68	172454.643598	10541.02	122742.381128
5.519	16555.4851587	10004.88	132873.71	9512.695	90376.0112111	10470.7	121209.972273
5.52	15923.131458	10018.07	93967.4693758	9500.977	154529.769304	10463.38	78293.0000328
5.521	16695.8054088	10045.9	134906.51038	9461.426	126782.595441	10527.83	76012.6956039
5.522	16462.6494415	9978.516	96310.2471597	9474.609	104425.785665	10516.11	93643.9132763
5.523	16897.4758318	10023.93	144903.744806	9499.512	73693.2304554	10520.51	125718.584068
5.524	15913.946385	10023.93	99937.0928859	9508.301	124413.736225	10479.49	92761.372452
5.525	16881.3993416	9985.84	88058.5437021	9511.23	88663.8843064	10492.68	144574.708562
5.526	16215.1779299	10019.53	76180.2242053	9549.316	107764.318749	10480.96	99346.2603536
5.527	18011.0555555	10047.36	116999.893281	9517.09	124948.827731	10549.8	74556.9351498
5.528	16198.124308	10035.64	75045.076107	9514.16	139049.142522	10533.69	60049.6656798
5.529	16416.2042561	9968.262	124937.304867	9462.891	120960.200227	10516.11	71207.0236706
5.53	17679.0522154	9953.613	114247.172683	9458.496	70570.1923599	10526.37	99911.1867141
5.531	16685.3377281	9972.656	141619.672414	9495.117	123386.15322	10533.69	135443.432056
5.532	17028.8131195	10003.42	136081.979256	9549.316	98903.3493475	10541.02	164250.047013
5.533	15930.6458463	9958.008	94634.8743573	9521.484	124932.801712	10516.11	83363.2527696
5.534	16869.1476725	10037.11	68275.0349529	9534.668	99279.2755849	10494.14	88778.7324837
5.535	17510.9820308	10000.49	96952.1424821	9481.934	94908.6344774	10549.8	61122.219728
5.536	16575.6151577	9987.305	124110.588061	9461.426	117743.911544	10467.77	122531.712337
5.537	17804.0740696	10010.74	106272.546251	9539.062	127340.329561	10529.3	132461.873792
5.538	17877.2855866	9988.77	86419.8720501	9508.301	81043.2983872	10495.61	118382.463715
5.539	16378.0563475	10022.46	104935.563728	9505.371	81677.2206057	10467.77	161042.820777
5.54	17758.7424136	9963.867	103266.66275	9455.566	80893.115121	10464.84	97489.1671593
5.541	15939.0566204	9968.262	117704.192263	9543.457	131730.601247	10539.55	107831.317252
5.542	17287.052353	9956.543	82329.5735655	9477.539	79212.6018243	10473.63	83991.358794
5.543	16692.7256983	10035.64	143553.114954	9527.344	127820.107208	10466.31	107656.924082
5.544	16506.8460346	10006.35	93472.7117612	9511.23	143550.881995	10456.05	140237.2734
5.545	17421.8287768	10048.83	46915.646844	9484.863	97232.6008611	10458.98	160609.259368
5.546	16238.844924	9987.305	109109.637107	9481.934	98072.6204728	10476.56	110281.766445
5.547	16726.3022382	10022.46	133781.40496	9459.961	92547.7137011	10486.82	142091.857836
5.548	16464.3204835	9997.559	111299.184711	9495.117	128196.934728	10494.14	152921.83488
5.549	17705.8082953	9969.727	98786.3696694	9512.695	98464.8255678	10533.69	121350.048565
5.55	16926.1713692	9968.262	83079.4109044	9515.625	68213.6297173	10476.56	107480.440615
5.551	17384.6421867	9994.629	111815.047211	9524.414	159331.182701	10530.76	138487.007582
5.552	16774.611544	10029.79	103500.306428	9549.316	84220.6967884	10505.86	81158.4859274
5.553	17373.1787587	10004.88	82633.0896501	9452.637	105540.585498	10463.38	83191.9994439
5.554	16774.5401715	10025.39	87478.4404894	9524.414	90831.3264655	10485.35	128920.198849
5.555	18313.3371747	9969.727	111299.679768	9483.398	107730.103137	10542.48	91855.672008
5.556	17284.2418236	10012.21	71592.2581283	9471.68	85024.1061314	10498.54	78210.9198051
5.557	16901.2424676	10023.93	96641.8104771	9546.387	114601.208925	10533.69	119818.847985
5.558	18158.7423165	10013.67	71536.063324	9537.598	161345.379332	10500.0	165299.428709
5.559	17417.528989	9999.023	127475.041514	9544.922	83594.6745137	10501.46	154785.857307
5.56	17541.4179292	9969.727	110179.646121	9452.637	77867.7090059	10521.97	101312.497345
5.561	18144.9390698	10044.43	124321.957085	9515.625	105635.366802	10480.96	82459.7566474
5.562	18728.3012199	9962.402	71583.8972655	9487.793	98831.2451026	10527.83	93686.6688326
5.563	19035.2154053	10013.67	137087.463485	9527.344	167674.677166	10486.82	144877.938873
5.564	17438.6236721	9955.078	142351.93011	9458.496	60562.3034397	10514.65	125766.122478
5.565	16605.6346205	9950.684	142275.893339	9534.668	92783.0962433	10535.16	86926.9137177
5.566	18062.7145209	10016.6	83205.0381444	9492.188	140699.085047	10467.77	96457.5305261
5.567	18000.7751188	9959.473	98241.6066556	9525.879	101171.548234	10532.23	135275.493414
5.568	18426.8760046	9972.656	148464.439808	9500.977	92920.5888239	10511.72	198549.947332
5.569	17258.6296805	10037.11	138102.612648	9459.961	109964.000879	10494.14	84736.4738803
5.57	17744.9360162	9996.094	131427.584437	9524.414	81822.1589453	10476.56	74014.7354363
5.571	18601.1647549	9994.629	126770.378295	9465.82	94662.0417885	10519.04	163566.13315
5.572	18810.3501914	10031.25	92657.7637541	9518.555	130683.065449	10497.07	133211.450607
5.573	18055.3957687	9977.051	70964.2647871	9514.16	111408.629168	10513.18	90078.8660446
5.574	18778.7728138	9979.98	109451.920068	9484.863	129811.165484	10480.96	108413.816804
5.575	18747.8935296	9969.727	137803.421742	9500.977	143864.555816	10533.69	193008.015509
5.576	18482.9747324	9968.262	197805.495338	9546.387	150323.617519	10542.48	98439.2926853
5.577	18260.1815077	9984.375	218070.116306	9546.387	109583.157669	10538.09	163417.424395
5.578	17433.6550147	10021.0	110761.549586	9489.258	141197.596765	10526.37	123239.175894
5.579	19138.4087356	9968.262	200937.650073	9476.074	106523.604163	10482.42	95742.7815816
5.58	18843.6699824	10023.93	94685.1341258	9540.527	178773.784247	10494.14	172360.972855
5.581	18969.0664107	10042.97	83712.3311011	9477.539	143720.349218	10513.18	73263.1582276
5.582	18757.0848918	10018.07	104635.279038	9502.441	84868.2408734	10486.82	120553.693299
5.583	19136.3580497	10016.6	119448.487258	9518.555	120860.782214	10507.32	106893.829868
5.584	18791.5792374	9999.023	186452.047326	9541.992	107829.24957	10548.34	110935.308544
5.585	17790.6247653	9955.078	148238.799226	9534.668	117524.947137	10495.61	81816.3546276
5.586	18835.2280907	10016.6	120775.481451	9511.23	113552.412587	10549.8	100989.525134
5.587	18499.1280257	9978.516	256314.942154	9461.426	113976.611132	10453.12	144262.506451
5.588	19034.8625695	9996.094	114672.836051	9527.344	134809.664872	10485.35	127567.973133
5.589	19532.028512	10006.35	93283.7452733	9531.738	129395.20984	10498.54	125559.195082
5.59	19092.1148388	10048.83	112805.00583	9492.188	98532.8960379	10521.97	128989.828163
5.591	19150.0380878	10048.83	77333.1804024	9451.172	117457.026954	10513.18	118807.048803
5.592	18158.6146749	9955.078	215242.913548	9508.301	110482.572073	10475.1	76311.2867015
5.593	19169.9363472	9966.797	137368.17201	9470.215	117387.84009	10500.0	119776.128249
5.594	19705.7634104	10003.42	116954.013874	9477.539	133853.639938	10494.14	133689.570165
5.595	18626.9437469	10048.83	86144.6654899	9476.074	116684.938705	10450.2	173085.41021
5.596	20051.0935382	10035.64	90382.9254871	9522.949	127970.810106	10538.09	176253.535083
5.597	19630.2955272	10013.67	90547.6211787	9544.922	125651.420455	10502.93	128017.181709
5.598	19643.410152	9960.938	154185.256333	9489.258	115531.541185	10523.44	115466.208958
5.599	19079.901833	10040.04	114252.00557	9454.102	61435.0795237	10508.79	95538.0206558
5.6	19561.0393828	10034.18	258563.415593	9470.215	66825.0080903	10470.7	194214.560432
5.601	20140.1496717	10037.11	110192.743911	9547.852	170461.455804	10521.97	97114.4516489
5.602	19587.852808	10026.86	117166.385904	9462.891	137833.358908	10461.91	145876.431327
5.603	20716.174238	10048.83	98262.4186849	9487.793	158748.132721	10523.44	83310.3829984
5.604	19654.5766908	10025.39	140918.751621	9489.258	84469.0833884	10536.62	242283.408171
5.605	19571.8314352	9987.305	129604.209225	9481.934	232241.534666	10536.62	114935.275441
5.606	19849.4008923	9987.305	181499.301701	9492.188	81158.656937	10466.31	128562.989906
5.607	19850.9139403	9950.684	113838.176798	9503.906	190453.064515	10521.97	120036.30646
5.608	21891.4503111	10013.67	100961.305996	9483.398	95337.0504293	10451.66	214222.560393
5.609	21142.8955334	10037.11	95437.6716993	9481.934	188128.910495	10466.31	106592.608428
5.61	20127.9422323	10032.71	156406.056297	9484.863	83764.2645564	10521.97	170800.77795
5.611	21705.6597205	9991.699	129944.53567	9520.02	163367.551342	10536.62	120797.694013
5.612	19556.418081	10012.21	102606.918479	9537.598	115558.149626	10472.17	156245.686372
5.613	21878.5413938	9962.402	111756.217652	9547.852	209891.197165	10460.45	133848.290389
5.614	20195.4804076	9999.023	115250.80969	9498.047	189504.815023	10501.46	143638.194397
5.615	21191.3182003	10016.6	146364.005625	9544.922	134360.565303	10500.0	168842.762626
5.616	20222.8890993	9971.191	120256.585663	9518.555	162378.369429	10475.1	87505.0982952
5.617	21028.6129204	10016.6	128381.2662	9481.934	224354.806149	10546.88	94147.1161158
5.618	22353.5598591	9978.516	133476.534592	9457.031	100936.384643	10470.7	106409.429266
5.619	20522.737391	10023.93	169412.198706	9514.16	125612.619033	10548.34	211239.697728
5.62	20196.2924131	9962.402	103955.03134	9502.441	134069.488739	10454.59	135698.115234
5.621	22171.8488282	9979.98	109573.751335	9455.566	125064.211849	10505.86	98012.5405812
5.622	23188.1765399	9981.445	93138.6245855	9518.555	183395.470568	10473.63	108389.801498
5.623	21607.1375921	9991.699	201564.30335	9534.668	116479.262457	10467.77	234069.267578
5.624	22564.8277515	10009.28	147283.328506	9455.566	136874.395209	10489.75	199976.765101
5.625	21829.3264736	9953.613	118787.488376	9530.273	101421.955326	10460.45	141823.792799
5.626	21382.1999963	9953.613	144635.568705	9499.512	127055.248077	10482.42	99123.684408
5.627	21473.3491722	10018.07	86076.5097492	9544.922	109531.348896	10497.07	139111.080674
5.628	22918.2558423	10032.71	132479.386004	9543.457	114502.48015	10539.55	152172.34461
5.629	21656.4764111	10015.14	171467.807012	9467.285	167313.824104	10451.66	297533.932959
5.63	21116.6844527	9969.727	153403.102779	9543.457	136814.693335	10451.66	115797.911611
5.631	20359.7962888	9962.402	150101.890937	9540.527	107988.309288	10545.41	106788.182549
5.632	21652.1077927	10018.07	133394.29927	9530.273	169892.777616	10489.75	153531.110387
5.633	21033.4889045	9953.613	116364.590303	9541.992	119598.709204	10479.49	93701.6220584
5.634	22341.4267379	9974.121	154823.367123	9536.133	119815.883481	10539.55	172119.595656
5.635	21329.4501812	9959.473	107837.179025	9461.426	130064.69317	10519.04	173625.738546
5.636	19854.2836709	10047.36	209110.172509	9490.723	185247.313172	10524.9	153225.160463
5.637	20943.5261962	9956.543	217179.194232	9543.457	97078.8998404	10498.54	110845.977468
5.638	21046.1210776	9956.543	144485.95688	9452.637	99009.0695839	10514.65	126398.366025
5.639	20917.7859051	9981.445	92917.8871463	9534.668	174418.237578	10542.48	127226.003273
5.64	20409.1486246	9979.98	111758.023278	9467.285	128705.234494	10453.12	102357.29465
5.641	21065.6746638	10015.14	108059.99481	9462.891	91020.283514	10521.97	70660.868114
5.642	21460.4480757	10001.95	180111.562462	9512.695	124431.796328	10541.02	139089.942268
5.643	21620.6282978	10035.64	111572.198773	9459.961	162795.140312	10486.82	127034.099272
5.644	22192.5324006	9991.699	126399.279666	9514.16	173374.37757	10463.38	109960.954212
5.645	22378.7962987	10010.74	169357.227838	9514.16	118219.907061	10485.35	128349.761836
5.646	21455.9679367	9984.375	109594.635656	9539.062	142094.514427	10516.11	146609.577842
5.647	20230.7816596	10021.0	110949.417546	9457.031	99768.2158673	10538.09	120059.815705
5.648	22534.3863954	9993.164	219735.916342	9461.426	100440.117673	10542.48	126215.742005
5.649	20952.2507768	10006.35	151363.219425	9473.145	165910.179648	10461.91	149193.578471
5.65	21396.8528454	9977.051	87311.9409989	9514.16	159081.755144	10488.28	187882.57825
5.651	21094.032766	10032.71	151467.267033	9502.441	212283.878452	10501.46	127980.28495
5.652	21260.7697056	9959.473	158759.217786	9543.457	191825.498993	10473.63	124069.903131
5.653	20758.0140458	9994.629	116674.712007	9480.469	101593.357001	10485.35	162092.176927
5.654	20617.2218629	10010.74	90844.2053793	9539.062	97551.4440375	10527.83	124820.201872
5.655	20937.5585939	10037.11	95172.1573887	9528.809	134768.615322	10524.9	109709.228282
5.656	20940.42983	10018.07	144693.02435	9506.836	208927.238785	10507.32	130305.090841
5.657	19846.0518895	10016.6	243338.526846	9522.949	132962.284989	10505.86	193361.182903
5.658	19850.0240055	10034.18	163951.95207	9455.566	215502.597011	10486.82	120530.689814
5.659	21064.548934	9977.051	136172.10546	9539.062	152521.840095	10460.45	174016.236691
5.66	19115.3676188	10006.35	116352.029247	9476.074	205094.661812	10505.86	110736.990122
5.661	21112.4893938	9984.375	99970.6357591	9471.68	97132.6125708	10542.48	80938.2853802
5.662	20896.8149555	9953.613	141865.541841	9477.539	132779.793462	10463.38	87285.790875
5.663	20269.1049787	10028.32	148905.076917	9525.879	87482.7504399	10495.61	129965.844062
5.664	20538.3784916	10048.83	92412.1621777	9517.09	145727.925511	10521.97	173419.214383
5.665	21191.7274928	10003.42	235039.624036	9506.836	114586.697851	10538.09	101160.459894
5.666	19420.4446153	9981.445	116128.547325	9461.426	151314.886198	10542.48	153364.567921
5.667	20719.035099	10001.95	132249.584269	9458.496	110853.164526	10479.49	120778.897474
5.668	20600.0035274	10004.88	187767.487892	9496.582	103035.571055	10495.61	118722.295763
5.669	20567.079348	9981.445	154659.963209	9467.285	181572.694092	10529.3	164683.860995
5.67	20225.1984533	10003.42	131424.911748	9512.695	151797.427181	10494.14	107307.896582
5.671	20345.2677196	10048.83	121835.441293	9467.285	86904.3561798	10545.41	131541.770949
5.672	20828.3107033	10047.36	86176.0954434	9521.484	152498.294493	10491.21	159459.399812
5.673	20053.6933348	10040.04	99530.2399806	9486.328	164535.989385	10511.72	152810.173022
5.674	19920.3509108	10035.64	121520.078559	9473.145	163056.833615	10532.23	125193.327979
5.675	17751.6815122	10001.95	139347.385272	9541.992	155547.375857	10507.32	230103.005147
5.676	19937.9651753	10047.36	140813.438555	9499.512	140077.080283	10504.39	130297.540053
5.677	20244.770428	10000.49	148725.942506	9505.371	146709.709736	10533.69	137566.732994
5.678	19961.2395334	9972.656	109214.046049	9470.215	138029.649294	10491.21	127171.170839
5.679	19108.9700591	10016.6	133031.751339	9524.414	112875.852359	10450.2	125254.617857
5.68	19500.6884518	10023.93	93047.8155751	9505.371	124967.280431	10526.37	119501.401086
5.681	17765.2516923	10044.43	171762.683765	9500.977	191332.037692	10504.39	155622.865505
5.682	18940.0024725	9997.559	170693.919258	9547.852	108617.868149	10489.75	101677.844031
5.683	18126.7119204	9981.445	113177.468662	9546.387	104344.625784	10458.98	99597.5124275
5.684	16810.5600358	10031.25	125538.787223	9512.695	95982.5067492	10504.39	77704.4570103
5.685	17838.5743109	9971.191	72731.8778566	9505.371	124930.358745	10510.25	156528.850517
5.686	16393.6557878	10004.88	95776.2440832	9527.344	179127.542659	10510.25	99417.7585662
5.687	17253.1800745	10029.79	122755.145727	9527.344	197981.474004	10500.0	108218.743384
5.688	16147.0777754	10015.14	135239.135866	9511.23	163545.444716	10530.76	87522.1817494
5.689	15206.28717	9974.121	124607.927308	9487.793	163269.122855	10523.44	96268.5354121
5.69	15406.5755395	9991.699	130395.880348	9506.836	58207.3187548	10464.84	74122.168944
5.691	15013.9927102	9991.699	123614.865761	9502.441	114786.061752	10546.88	92116.145623
5.692	15124.2487086	10034.18	64988.7332674	9481.934	61623.3519949	10502.93	69585.6469824
5.693	13514.067527	9999.023	76898.5096831	9537.598	107601.852651	10504.39	68126.297284
5.694	14984.2466041	9960.938	56614.8337537	9530.273	116353.990907	10542.48	74940.1178604
5.695	13842.0201516	9982.91	145227.927021	9495.117	100110.422296	10461.91	55895.2107545
5.696	13751.9542273	10009.28	79362.4191238	9465.82	104523.039913	10542.48	50130.0150038
5.697	14095.3216967	10016.6	69001.4373646	9465.82	115329.091522	10478.03	102032.459332
5.698	14100.8690716	10022.46	103475.454968	9509.766	134518.968912	10549.8	55076.3137923
5.699	13712.9432965	9950.684	77822.3745512	9489.258	134797.849444	10536.62	134029.064565
