# Same as before but with reallignment
5.5	744.858189257	9996.094	377459.817915	9527.344	5079.42717031	10532.23	3912.52748652
5.501	689.543676248	9994.629	407302.233323	9464.355	6984.98667812	10456.05	5144.46018295
5.502	734.859979387	10000.49	359589.468109	9486.328	4198.9764238	10450.2	3512.27082931
5.503	708.239448567	9999.023	467878.028584	9543.457	4326.63232894	10488.28	4617.73274271
5.504	689.406087045	9997.559	367520.898157	9508.301	3662.52809179	10458.98	3365.36369746
5.505	647.156278707	9997.559	358923.883348	9493.652	3736.49761635	10500.0	4874.18721653
5.506	580.989617813	9996.094	422423.399183	9476.074	3180.77585616	10454.59	3355.37300018
5.507	569.681045061	9994.629	360566.300245	9505.371	4237.75369849	10546.88	3387.189263
5.508	566.649812698	10000.49	373742.757584	9483.398	2688.09305658	10483.89	4528.17705549
5.509	557.015173381	9999.023	394691.052113	9473.145	3816.96854296	10502.93	5786.16409993
5.51	501.49330841	9997.559	351112.917998	9492.188	3150.18054712	10491.21	3015.07643079
5.511	506.605802906	9997.559	376206.117828	9474.609	3630.40399499	10485.35	2449.8301588
5.512	538.036026062	9996.094	339733.582679	9521.484	2911.60384542	10456.05	2871.07935974
5.513	473.447355106	9994.629	315525.39491	9473.145	2590.7761327	10504.39	3465.11855227
5.514	457.601683511	9994.629	353223.460112	9461.426	3377.92962549	10492.68	3439.14116287
5.515	475.097222206	9999.023	336220.816432	9476.074	2830.15845734	10458.98	2285.15362049
5.516	457.669267372	9999.023	319986.194759	9489.258	2316.75835513	10485.35	4425.53861502
5.517	471.738774497	9997.559	323643.680168	9467.285	2926.02879554	10548.34	3389.777188
5.518	456.621002865	9996.094	283043.50111	9489.258	2671.80638053	10461.91	3003.87176932
5.519	468.594539047	9996.094	317659.050557	9520.02	3043.47182797	10458.98	2637.23363834
5.52	454.193006031	9994.629	337183.293559	9474.609	2938.43467268	10521.97	2109.37705146
5.521	432.723775169	9999.023	246418.724673	9524.414	3600.91367287	10454.59	3386.71733688
5.522	451.443153933	9999.023	321118.323221	9498.047	2595.37126042	10543.95	2934.30802625
5.523	447.07245325	9997.559	300280.765508	9547.852	3904.15642715	10533.69	3275.10797184
5.524	459.201478001	9996.094	262014.389571	9487.793	3650.28315029	10501.46	3375.55800376
5.525	479.456597952	9996.094	286740.849326	9502.441	2653.93872038	10492.68	2212.44368696
5.526	489.702743016	9994.629	242785.923666	9520.02	2294.6228983	10458.98	2465.61452769
5.527	534.131682861	10000.49	236170.715355	9524.414	4805.50842539	10541.02	2407.14242305
5.528	564.469929706	9999.023	260499.085453	9517.09	3267.53361874	10453.12	3288.53008767
5.529	652.147549788	9997.559	236954.731708	9518.555	4624.23861368	10453.12	4165.38328723
5.53	650.898529279	9997.559	203012.196852	9546.387	6896.77259605	10532.23	5104.48787718
5.531	650.134897087	9996.094	225713.872957	9458.496	4397.53152442	10451.66	4900.81152632
5.532	649.850499937	9994.629	215329.251085	9474.609	4311.83006926	10466.31	5695.49395988
5.533	677.359538338	10000.49	208479.888636	9454.102	4209.42825691	10478.03	5155.95616353
5.534	677.693557446	9999.023	232158.375593	9541.992	5714.97287778	10520.51	5094.36469492
5.535	665.508593006	9997.559	200673.49631	9505.371	2836.96474918	10524.9	3729.12978108
5.536	539.953046319	9997.559	234456.509439	9490.723	4579.02237945	10497.07	3156.37417061
5.537	566.426317549	9996.094	216303.905756	9474.609	5719.9153983	10548.34	3896.38154523
5.538	599.457971743	9994.629	197257.536737	9503.906	3885.8176067	10507.32	5535.35255084
5.539	592.611302614	9994.629	230870.043605	9483.398	7635.22895717	10450.2	3014.61467288
5.54	690.583631156	9999.023	233929.721449	9509.766	4672.87240319	10546.88	2955.68147988
5.541	754.971408574	9999.023	224083.378814	9493.652	3214.67620963	10460.45	7277.91699046
5.542	727.545842334	9997.559	233751.137688	9452.637	3900.58435309	10475.1	4332.197823
5.543	736.100290741	9996.094	231318.336424	9549.316	4468.83086569	10466.31	7791.65082893
5.544	764.317482837	9996.094	208726.820985	9458.496	4973.80472049	10501.46	4060.7872845
5.545	773.642516706	9994.629	254776.520258	9495.117	3717.83054389	10510.25	5012.76604744
5.546	892.046945409	9999.023	215173.400372	9546.387	5680.28991837	10526.37	4752.64342931
5.547	922.025252679	9999.023	232571.139348	9486.328	5293.23227808	10478.03	5050.22171172
5.548	1076.28428971	9997.559	257454.606201	9541.992	6443.60974369	10479.49	5875.53665285
5.549	1374.4127006	9996.094	220823.842837	9452.637	11537.3798181	10543.95	7580.27270926
5.55	1700.33433595	9996.094	266537.388081	9506.836	17732.9952428	10511.72	10311.6347845
5.551	2008.00871763	9994.629	191122.2405	9528.809	17002.7663326	10479.49	19236.3473868
5.552	2597.02600464	10000.49	290426.274001	9493.652	19493.553796	10485.35	17589.0825779
5.553	3536.88613683	9999.023	198729.336987	9500.977	22660.922862	10495.61	15713.3239888
5.554	3189.55015627	9997.559	201050.38738	9454.102	21813.4160929	10467.77	21174.97064
5.555	3216.39093952	9997.559	192115.019091	9522.949	13176.8741605	10543.95	22582.5465324
5.556	2659.29963604	9996.094	262486.596466	9476.074	15036.357591	10530.76	18942.8829669
5.557	2184.52389298	9994.629	258340.034391	9534.668	14189.9184183	10492.68	11408.8304563
5.558	1751.11688546	10000.49	274626.206735	9534.668	13511.2749896	10489.75	10809.0506632
5.559	1312.89742961	9999.023	311347.469703	9455.566	10405.4131806	10475.1	6811.53059471
5.56	1167.48601025	9997.559	283539.665501	9525.879	6867.09003757	10507.32	5272.38660906
5.561	945.486875685	9997.559	285051.580951	9481.934	6268.03126604	10527.83	5485.92260651
5.562	814.027241814	9996.094	284968.11471	9496.582	5259.126193	10460.45	3937.69862576
5.563	830.285063844	9994.629	254260.908906	9522.949	7431.82773541	10541.02	5181.54441359
5.564	790.060569811	9994.629	276069.736081	9531.738	4636.66510129	10460.45	4047.96779721
5.565	873.538450694	9999.023	265294.685165	9528.809	5558.9230134	10497.07	5410.44614328
5.566	829.773878584	9999.023	254521.268454	9518.555	5227.20552835	10510.25	5327.55574561
5.567	772.624555557	9997.559	306625.954641	9499.512	4695.55035038	10466.31	8782.22528443
5.568	735.966459812	9996.094	288901.864583	9487.793	4197.3287057	10469.24	4158.75016079
5.569	721.550616746	9996.094	299042.413925	9527.344	6912.00683899	10457.52	3227.46151518
5.57	758.249094781	9994.629	343881.583151	9479.004	3641.78736717	10542.48	5678.5444308
5.571	716.466986795	9999.023	300501.002015	9530.273	4452.90245491	10508.79	6850.20541319
5.572	803.121475844	9999.023	337748.464428	9533.203	4468.26341122	10475.1	8103.96419559
5.573	823.621671232	9997.559	375459.585703	9528.809	6697.75391033	10545.41	6009.99869386
5.574	810.679560006	9996.094	334775.980699	9454.102	4047.25719335	10489.75	4449.95922406
5.575	824.526330468	9996.094	392050.967833	9495.117	5844.05576817	10529.3	5660.95738662
5.576	796.507312435	9994.629	419358.232806	9470.215	6140.6751028	10505.86	6928.61706284
5.577	890.401368625	10000.49	317962.839255	9511.23	5109.90486431	10464.84	5662.17767174
5.578	897.198738094	9999.023	381993.675512	9537.598	7172.03547992	10510.25	5444.94505945
5.579	921.94319813	9997.559	323896.176981	9549.316	3427.44617082	10476.56	8773.05405881
5.58	948.788307559	9997.559	307045.989898	9454.102	7522.14696404	10514.65	10246.4816321
5.581	938.503500354	9996.094	382383.792176	9458.496	5509.02543014	10501.46	5832.50973487
5.582	982.686259569	9994.629	340811.113741	9455.566	5364.1102906	10472.17	8710.28380119
5.583	956.874997909	10000.49	355359.963721	9531.738	8441.66203656	10457.52	4371.8221327
5.584	1079.07418041	9999.023	380380.871539	9459.961	5012.23473945	10520.51	6192.79169253
5.585	960.211319552	9997.559	285635.501941	9451.172	3936.63690153	10505.86	6434.15036976
5.586	939.899388143	9997.559	311418.26687	9451.172	6921.37623214	10458.98	6771.91990791
5.587	982.642620155	9996.094	347041.950572	9508.301	6213.49761411	10523.44	11187.9565909
5.588	1074.38944637	9994.629	312819.231721	9525.879	4101.1631082	10523.44	10957.4204184
5.589	1031.31162386	9994.629	332008.067977	9461.426	10631.4463142	10450.2	5919.36136541
5.59	1056.89798547	9999.023	320209.72038	9473.145	7389.64151359	10539.55	8550.27665015
5.591	1050.32637175	9999.023	274321.012608	9537.598	5619.40331893	10486.82	6873.27606701
5.592	1103.50059736	9997.559	385837.55818	9492.188	7420.25521674	10456.05	8589.69176256
5.593	1032.35175179	9996.094	297527.075154	9462.891	5465.92612831	10500.0	7591.4488831
5.594	1109.50359048	9996.094	319766.336942	9495.117	5788.9968811	10521.97	8839.65004888
5.595	1272.90623086	9994.629	432580.209141	9533.203	8130.31141159	10511.72	9528.92022619
5.596	1275.49801313	9999.023	344430.678124	9498.047	13927.8186814	10535.16	13500.3815423
5.597	1791.64864723	9999.023	317810.126974	9471.68	9218.22854682	10507.32	13981.27825
5.598	2379.38687182	9997.559	350686.45365	9521.484	17067.8088875	10492.68	26030.7467082
5.599	4466.24484279	9996.094	337601.390792	9517.09	31313.81097	10454.59	18989.8153842
5.6	25604.4960034	9984.375	199329.655696	9496.582	170615.584972	10549.8	102536.505077
5.601	4232.57420069	9994.629	357503.610717	9465.82	29867.2263617	10492.68	22069.6648121
5.602	2843.9480231	10000.49	398474.400797	9498.047	18212.317254	10549.8	11304.1499121
5.603	1772.17449839	9999.023	437679.274848	9543.457	10206.3903731	10461.91	10035.4799301
5.604	1667.70445345	9997.559	391596.88568	9527.344	15525.9657063	10543.95	9230.83580614
5.605	1447.86570182	9997.559	357202.177348	9517.09	8245.64284205	10467.77	8615.45676891
5.606	1267.11865297	9996.094	355980.918039	9486.328	11064.8133663	10454.59	10895.1955488
5.607	1263.76182758	9994.629	328360.142821	9471.68	6409.01776369	10458.98	6715.68949641
5.608	1133.49293774	10000.49	340046.453864	9477.539	7777.27550873	10498.54	6003.00959365
5.609	1191.20524373	9999.023	313953.915094	9473.145	7565.92503968	10470.7	9974.12604342
5.61	1150.19972368	9997.559	307687.828929	9547.852	5312.86811802	10494.14	7917.87960088
5.611	1221.37944944	9997.559	242185.09876	9467.285	9426.80733626	10524.9	11201.6847848
5.612	1167.28773059	9996.094	356361.737058	9540.527	9830.5732548	10529.3	7649.69709002
5.613	1246.18527662	9994.629	292432.45775	9483.398	6817.18688709	10456.05	9857.01425642
5.614	1200.62198705	9994.629	258547.14729	9476.074	7206.22611578	10516.11	8173.51286
5.615	1162.08611282	9999.023	306162.204586	9489.258	8625.20620166	10488.28	8642.69835676
5.616	1293.34317218	9999.023	233352.016706	9493.652	6620.86034707	10516.11	5971.22597509
5.617	1207.59351878	9997.559	300671.955138	9515.625	6266.83232193	10500.0	7428.87450611
5.618	1219.24349952	9996.094	258606.81727	9509.766	7628.5126682	10520.51	7957.9923406
5.619	1214.08999329	9996.094	266915.324192	9527.344	5462.63375681	10513.18	7270.07258679
5.62	1149.70186574	9994.629	289412.624672	9452.637	7862.7021428	10526.37	4487.19424586
5.621	1123.87101225	9999.023	261456.57842	9515.625	12566.5536245	10541.02	9559.67336875
5.622	1092.07402016	9999.023	313787.220301	9536.133	6565.54605795	10533.69	9510.7128901
5.623	1150.60416262	9997.559	291455.205277	9500.977	5134.77843614	10505.86	6407.49239236
5.624	1233.60373514	9996.094	326805.402193	9521.484	8931.1461676	10526.37	7198.69345001
5.625	1149.67015693	9996.094	320429.801982	9464.355	6806.55357371	10535.16	6951.80028572
5.626	1131.64297063	9994.629	341172.2398	9452.637	5816.76232666	10548.34	6842.14754718
5.627	1100.78057207	10000.49	285382.261444	9462.891	7829.16262356	10516.11	10353.1032432
5.628	1149.26461279	9999.023	407657.060679	9495.117	5627.40817307	10458.98	8084.12125143
5.629	1015.62578754	9997.559	340296.462725	9518.555	8938.62322091	10504.39	8386.28243277
5.63	1048.50862555	9997.559	297541.189277	9539.062	5692.43536111	10451.66	7612.67299409
5.631	1070.01214737	9996.094	346231.391634	9521.484	9542.80566565	10453.12	6698.64687191
5.632	1029.97955809	9994.629	342278.723932	9465.82	6220.94880915	10539.55	7100.96841739
5.633	940.326052029	10000.49	338619.10572	9533.203	8388.07121658	10479.49	5165.53567634
5.634	958.411486457	9999.023	316001.921491	9468.75	5988.65765703	10504.39	7976.50453761
5.635	900.057004772	9997.559	363685.259228	9480.469	3304.66363918	10507.32	6817.99922769
5.636	873.479497073	9997.559	347196.602657	9539.062	4562.41439076	10524.9	3683.93735448
5.637	965.887077835	9996.094	392941.18568	9492.188	5436.98480345	10467.77	8085.02198374
5.638	903.085345214	9994.629	335923.881148	9470.215	5644.54795693	10532.23	5141.4406379
5.639	980.783404793	9994.629	373755.02894	9530.273	5983.16557663	10476.56	5610.62003088
5.64	903.365388743	9999.023	372298.760787	9499.512	7841.99887536	10548.34	5495.123981
5.641	930.484167899	9999.023	351753.796723	9533.203	5199.39907655	10505.86	6824.40160928
5.642	970.412105222	9997.559	397384.489542	9493.652	7359.07298876	10532.23	4394.13017961
5.643	992.659116504	9996.094	291287.160034	9534.668	7359.35076692	10495.61	5063.89224098
5.644	1066.44741814	9996.094	309022.290642	9531.738	6927.21328081	10494.14	6710.86598592
5.645	1172.0638435	9994.629	411469.558253	9489.258	4809.11099386	10542.48	5492.48360488
5.646	1158.4287653	9999.023	366991.658914	9461.426	9982.51102565	10505.86	6079.11170234
5.647	1195.47029639	9999.023	378247.989877	9539.062	4980.82058056	10505.86	5761.72349367
5.648	1402.07473063	9997.559	422437.444299	9479.004	6139.23298847	10535.16	9385.33684931
5.649	1404.41333032	9996.094	329819.818198	9457.031	11220.2225296	10524.9	16545.9220969
5.65	1484.93821003	9996.094	420775.884395	9547.852	10339.6251408	10489.75	9219.65040245
5.651	1507.3309773	9994.629	414168.63788	9527.344	10068.2135872	10511.72	9296.68804546
5.652	1820.4203684	10000.49	345803.375587	9468.75	8183.28943778	10486.82	13128.6130442
5.653	1917.9601559	9999.023	398212.72761	9470.215	9031.53210825	10536.62	11885.3966564
5.654	2039.99965244	9997.559	432351.519115	9537.598	10536.7297478	10483.89	18026.1483068
5.655	2320.75350237	9997.559	462723.490423	9468.75	14256.2632088	10486.82	18140.6171273
5.656	2559.13613855	9996.094	474690.704607	9514.16	20153.4809532	10546.88	17748.9058468
5.657	2656.15981655	9994.629	425534.545367	9515.625	19011.8947717	10454.59	11385.2991731
5.658	2557.54831432	10000.49	461600.290327	9539.062	14459.5492665	10504.39	17457.9635179
5.659	2872.9098288	9999.023	437747.868839	9473.145	18526.7941855	10514.65	26117.6210733
5.66	2876.34105106	9997.559	366006.645066	9486.328	17116.054174	10458.98	22349.384187
5.661	2662.02938339	9997.559	505506.279765	9515.625	12246.8233015	10536.62	25685.8722281
5.662	2846.83585679	9996.094	443285.11068	9528.809	14638.7934528	10489.75	17678.5111133
5.663	2764.80722813	9996.094	353495.758217	9505.371	10768.9904692	10485.35	24705.5783879
5.664	3050.96800644	9994.629	510902.780265	9452.637	24315.5291211	10542.48	20752.3225921
5.665	3236.84010765	9999.023	508592.270604	9518.555	26599.5971182	10527.83	21131.6286731
5.666	3093.16890415	9999.023	549537.317905	9451.172	22080.8669622	10524.9	16814.2194188
5.667	3263.10935093	9997.559	608360.688579	9479.004	32288.1642265	10480.96	15973.6809984
5.668	3098.69102298	9996.094	584208.216714	9465.82	20232.0270574	10470.7	21220.765517
5.669	3251.55836334	9996.094	616546.927233	9461.426	15843.7268015	10548.34	15409.8718573
5.67	3290.82717119	9994.629	592078.000313	9525.879	19464.3740113	10514.65	31967.6916333
5.671	3004.48793834	9999.023	446658.24481	9459.961	27181.5417047	10457.52	24182.5788306
5.672	2996.51955552	9999.023	546807.559996	9490.723	24647.3657238	10472.17	18092.2263239
5.673	2937.01329081	9997.559	606193.771011	9470.215	23686.7470923	10453.12	33313.6899477
5.674	3045.51253796	9996.094	552062.184414	9505.371	13881.3498005	10466.31	26644.6145817
5.675	3018.35904075	9996.094	581425.712045	9500.977	14969.95642	10460.45	20352.8317254
5.676	3187.73186113	9994.629	671640.202764	9470.215	20350.6121759	10498.54	18524.246739
5.677	3040.13827372	10000.49	560102.523976	9465.82	18717.6142042	10482.42	19095.4102129
5.678	2597.53794316	9999.023	625759.939215	9490.723	23658.1979124	10454.59	10893.0219504
5.679	3253.63908158	9997.559	667195.975406	9549.316	16035.1454623	10483.89	26352.1029095
5.68	2964.86151586	9997.559	579308.179556	9547.852	16010.9319043	10519.04	21932.4142782
5.681	3150.77781541	9996.094	624973.871409	9543.457	16872.9208514	10549.8	17230.2185476
5.682	3010.13626705	9994.629	616959.224776	9534.668	27501.6513873	10507.32	24453.6049929
5.683	3092.9147085	10000.49	552266.212071	9492.188	20706.3919713	10461.91	19657.3037782
5.684	3309.96597255	9999.023	703828.156516	9512.695	22864.8745382	10492.68	22856.2339433
5.685	3208.69999586	9997.559	622176.758812	9454.102	18410.2754461	10546.88	22150.3602828
5.686	3442.14051794	9997.559	820904.880139	9486.328	40008.0480118	10543.95	31593.1378123
5.687	3800.5082167	9996.094	642942.450189	9509.766	15621.1390672	10502.93	20167.8518083
5.688	3705.79256409	9996.094	698485.282381	9496.582	20272.045916	10454.59	22176.8386798
5.689	3785.41536727	9994.629	855516.887749	9508.301	25193.2049604	10533.69	27339.8386401
5.69	3801.0131025	9999.023	814497.785463	9512.695	20024.6779013	10549.8	14137.0195882
5.691	4074.92159004	9999.023	726471.045405	9486.328	23333.1679207	10466.31	20515.8992204
5.692	4110.64447521	9997.559	698677.119645	9514.16	28418.1350651	10500.0	17323.9877091
5.693	4536.01815476	9996.094	820215.965583	9531.738	55661.9858748	10451.66	20552.3227116
5.694	4244.89960995	9996.094	928975.426534	9474.609	39554.8028876	10456.05	32497.8880816
5.695	5228.45085632	9994.629	864486.588421	9515.625	40593.4920403	10529.3	36876.743497
5.696	5137.94828912	9999.023	918787.574267	9455.566	27009.4896279	10453.12	30927.6064548
5.697	5238.09485608	9999.023	793804.161232	9500.977	25565.3921004	10475.1	24448.0635815
5.698	5211.44530519	9997.559	939347.812966	9531.738	23218.4060023	10472.17	35831.8180601
5.699	5655.69947564	9996.094	817464.3767	9524.414	33630.4681351	10536.62	55449.7499349
5.7	5565.09282703	9996.094	871341.369161	9458.496	25912.1989635	10489.75	38100.4854793
5.701	6053.28211003	9994.629	747255.215097	9470.215	44667.536989	10457.52	41386.8002276
5.702	5412.93705094	10000.49	914510.689118	9518.555	41131.3171635	10523.44	37991.3188869
5.703	5954.5288179	9999.023	1105686.43563	9525.879	34720.4724154	10486.82	42018.6478354
5.704	5504.41720335	9997.559	900954.467251	9515.625	30865.5532122	10508.79	50644.4136453
5.705	6285.93062092	9997.559	985292.563101	9511.23	28783.3359474	10482.42	43478.7990163
5.706	6137.32157458	9996.094	1124796.85558	9527.344	28084.470219	10464.84	52156.9673522
5.707	5779.05890926	9994.629	944442.065538	9505.371	42338.0577792	10486.82	20264.8097466
5.708	6100.32386381	10000.49	870916.607928	9464.355	26682.6843102	10495.61	33842.3842197
5.709	6108.91841008	9999.023	1024882.23343	9457.031	47434.1990577	10498.54	32320.0256439
5.71	6343.21021156	9997.559	864169.652857	9518.555	41315.314512	10464.84	37476.9447661
5.711	6056.47569556	9997.559	1007940.79839	9483.398	35014.4833832	10458.98	50693.0488203
5.712	6132.04929233	9996.094	894254.366693	9468.75	42262.8606811	10501.46	51943.3505595
5.713	6272.25683513	9996.094	983220.109599	9487.793	23309.2699664	10467.77	36434.72194
5.714	6788.39283618	9994.629	1040016.70797	9512.695	43031.9505936	10482.42	49580.5501646
5.715	6575.36761926	9999.023	1170186.21324	9465.82	80450.4331972	10472.17	26327.9910922
5.716	6336.29868474	9999.023	1065720.28959	9489.258	46616.6481066	10458.98	32430.9283406
5.717	6648.46154333	9997.559	1166092.56786	9471.68	43154.3563575	10476.56	45100.7621823
5.718	6406.56890404	9996.094	935131.509308	9500.977	28996.7480314	10450.2	43748.7612287
5.719	6249.98026906	9996.094	1190131.51547	9462.891	36821.0332514	10502.93	52191.4526039
5.72	5700.54158699	9994.629	1232026.54189	9534.668	31011.5588424	10483.89	62762.3028929
5.721	5344.89344595	9999.023	1211875.13961	9533.203	26481.1284061	10536.62	30553.2415246
5.722	5374.25597729	9999.023	1257851.8401	9486.328	33497.8859935	10545.41	19500.3145306
5.723	4814.3447516	9997.559	1308043.18141	9505.371	38134.184782	10472.17	28860.5904359
5.724	4636.26101151	9996.094	1229120.55515	9502.441	31794.9461992	10504.39	40375.2239476
5.725	4249.73646693	9996.094	1351121.67031	9473.145	25300.5057971	10500.0	23456.8657126
5.726	4015.63002463	9994.629	1309577.65482	9514.16	19576.6209594	10488.28	28849.2682448
5.727	3860.15048074	10000.49	1243979.19383	9525.879	26159.4198951	10479.49	28561.6391593
5.728	3982.57370086	9999.023	1293333.72282	9495.117	20352.739135	10516.11	14354.5303483
5.729	3313.12081213	9997.559	1356275.44107	9503.906	21232.9413224	10461.91	24316.852048
5.73	3007.68389845	9997.559	1203891.38451	9502.441	19641.3925055	10470.7	25435.608283
5.731	2942.72558503	9996.094	1312037.45788	9528.809	17618.7889088	10523.44	15297.9932962
5.732	2890.36530502	9994.629	1412154.28957	9455.566	18997.0065503	10451.66	15696.7848571
5.733	2601.90162036	10000.49	1262996.00084	9520.02	14139.8739817	10492.68	15532.1920576
5.734	2380.3997456	9999.023	1469707.12497	9509.766	13756.1052499	10536.62	13527.1845196
5.735	2357.87607711	9997.559	1131073.39494	9546.387	22513.0953823	10472.17	18278.3401212
5.736	2356.50392287	9997.559	1284607.48376	9531.738	16388.8426466	10495.61	8302.19380429
5.737	2072.23135359	9996.094	1409434.98041	9457.031	10963.5252974	10549.8	6404.76388722
5.738	1715.32297634	9994.629	1145091.15956	9479.004	14624.468061	10529.3	8523.75427215
5.739	1610.28162879	9994.629	1315117.86384	9479.004	8182.71960913	10492.68	7821.59111193
5.74	1580.56196155	9999.023	1234602.20987	9524.414	12204.2902325	10519.04	7929.60694906
5.741	1248.53870517	9999.023	1000702.75566	9457.031	7570.90207261	10470.7	6747.38919216
5.742	1350.66099229	9997.559	1161467.92089	9506.836	7705.01652754	10538.09	8151.97075118
5.743	1217.35065078	9996.094	1026833.87324	9531.738	9301.2180874	10507.32	8087.67038391
5.744	1229.76701342	9996.094	982198.656569	9537.598	6720.25351941	10489.75	14001.0631387
5.745	1176.56813387	9994.629	1037005.37159	9512.695	6100.34637924	10500.0	9131.62967976
5.746	1049.51161224	9999.023	898281.027053	9537.598	3986.7747376	10514.65	5911.49872065
5.747	1051.67465577	9999.023	954681.209673	9502.441	6798.35529207	10513.18	3929.99413928
5.748	1117.46656993	9997.559	1069289.15436	9539.062	8959.61915939	10545.41	4787.400686
5.749	1044.5965127	9996.094	842452.058522	9498.047	12021.046392	10539.55	5976.33677047
5.75	998.184126284	9996.094	835158.803861	9454.102	7400.55249985	10523.44	7310.50913533
5.751	1062.37648153	9994.629	853641.166585	9464.355	7623.22820115	10520.51	7180.84894941
5.752	1024.87307386	10000.49	718081.735965	9495.117	7503.67143484	10478.03	7096.33742842
5.753	1016.24124087	9999.023	824179.22383	9506.836	4785.68284123	10479.49	4520.43304594
5.754	1042.84715952	9997.559	768592.143966	9546.387	5143.91129932	10543.95	15339.8640059
5.755	1077.23265852	9997.559	806527.379414	9470.215	4397.58213138	10539.55	5882.32660689
5.756	1082.70381696	9996.094	825797.464948	9521.484	7904.63927269	10489.75	4945.5562272
5.757	1037.7823959	9994.629	744332.75698	9499.512	4885.49071844	10454.59	5680.88272242
5.758	1065.67260096	10000.49	704469.782588	9499.512	7296.49692617	10453.12	6950.3930773
5.759	967.392539753	9999.023	853409.878363	9506.836	6042.69670276	10478.03	7537.19863386
5.76	1069.43533207	9997.559	735823.218917	9459.961	7942.28113028	10505.86	5445.59992193
5.761	1035.12831439	9997.559	786444.039898	9517.09	16250.7660522	10489.75	9486.75302401
5.762	991.362421396	9996.094	820646.948222	9500.977	9591.18724331	10533.69	6368.02904772
5.763	1076.77422014	9994.629	633650.233153	9506.836	8351.50881493	10495.61	8230.08094427
5.764	1106.41422819	9994.629	867656.98387	9528.809	6295.97077723	10458.98	7331.03420457
5.765	1149.77670843	9999.023	689142.916265	9541.992	3964.15749455	10514.65	7125.19208032
5.766	1120.28032454	9999.023	721806.58408	9537.598	7219.04319273	10491.21	5436.4193725
5.767	1165.31238873	9997.559	762105.018731	9486.328	8160.30663503	10472.17	13258.7831595
5.768	1126.53265924	9996.094	706396.620503	9486.328	6835.46578408	10491.21	10342.037904
5.769	1087.42680103	9996.094	720935.49061	9520.02	6072.43506471	10521.97	6579.91415267
5.77	1189.55580995	9994.629	824112.632349	9474.609	6561.27834404	10450.2	11295.5668564
5.771	1160.17702638	9999.023	643301.088993	9547.852	10865.3253466	10508.79	10114.0046709
5.772	1281.98521671	9999.023	624028.918417	9490.723	14219.5423583	10466.31	8861.3920843
5.773	1234.65537614	9997.559	684961.29441	9467.285	5774.43413212	10489.75	12716.8702746
5.774	1111.48621572	9996.094	668816.519469	9457.031	9924.28701063	10507.32	8053.48809031
5.775	1191.14587468	9996.094	653515.854644	9495.117	9597.41990691	10546.88	7029.86726032
5.776	1211.54798603	9994.629	672925.009756	9468.75	6589.00448463	10548.34	13171.1609659
5.777	1151.19918465	10000.49	586498.474585	9480.469	6384.41926571	10469.24	14390.538126
5.778	1237.10390658	9999.023	553804.124335	9540.527	10080.9956673	10514.65	8255.20994653
5.779	1327.82986888	9997.559	518941.132079	9495.117	9185.73738886	10516.11	6297.7161893
5.78	1171.12183536	9997.559	526085.210795	9498.047	6249.77079877	10453.12	6940.04416363
5.781	1257.58938359	9996.094	608998.113311	9537.598	11749.8638817	10498.54	6416.07708524
5.782	1352.79430304	9994.629	442512.638162	9515.625	7568.12305176	10542.48	8773.78404627
5.783	1288.42997732	10000.49	566549.824354	9541.992	6929.58571117	10549.8	7412.92375393
5.784	1291.21260877	9999.023	609444.07431	9474.609	10345.9656058	10526.37	6229.53089773
5.785	1312.11110369	9997.559	529652.651171	9461.426	8121.70709446	10482.42	7741.33485494
5.786	1409.18799393	9997.559	657820.87778	9505.371	6828.92362777	10475.1	12696.8309194
5.787	1497.61271032	9996.094	621559.298253	9459.961	7134.14271551	10530.76	6584.18161221
5.788	1383.27540615	9996.094	557301.903526	9470.215	6921.01903458	10472.17	15957.4868463
5.789	1366.48012081	9994.629	633835.875755	9499.512	10085.1883288	10495.61	12770.3581666
5.79	1420.45541685	9999.023	531913.462893	9496.582	11630.2831625	10464.84	7020.41178377
5.791	1285.45838745	9999.023	505249.457026	9502.441	7635.40798872	10520.51	10550.7353399
5.792	1381.4828813	9997.559	721605.009986	9459.961	9325.70074397	10482.42	5541.89482716
5.793	1352.80030401	9996.094	621205.090063	9458.496	8743.90693543	10517.58	6795.9235241
5.794	1414.33290014	9996.094	522510.108092	9498.047	7714.65295201	10491.21	6649.79315438
5.795	1459.52338538	9994.629	599524.781692	9505.371	8867.2894392	10486.82	5379.87503027
5.796	1417.74765062	9999.023	595629.922372	9508.301	6458.57969813	10485.35	5722.42768158
5.797	1385.95306507	9999.023	588718.170859	9541.992	8554.70453914	10461.91	8188.68162151
5.798	1505.48737617	9997.559	594856.216117	9500.977	13025.1326249	10480.96	6617.6539346
5.799	1476.9825207	9996.094	472415.590049	9514.16	8035.96536822	10523.44	10005.6224758
5.8	1629.39236379	9996.094	552138.860538	9544.922	10932.7462988	10519.04	8848.49491294
5.801	1809.99868317	9994.629	563754.428749	9527.344	18566.8592762	10483.89	10379.9214961
5.802	1672.22147528	10000.49	503585.34224	9531.738	10884.4354363	10516.11	13699.1499162
5.803	1778.21903367	9999.023	632663.329281	9468.75	19505.2671584	10454.59	10119.0110353
5.804	1728.99805398	9997.559	546448.018578	9465.82	9889.83236861	10482.42	15930.6240407
5.805	2028.51033475	9997.559	575667.480705	9549.316	10326.08163	10491.21	12760.5831488
5.806	2086.68250064	9996.094	621173.32234	9476.074	9866.19581313	10451.66	13172.9954398
5.807	2261.03373687	9994.629	510577.40041	9477.539	15670.841944	10464.84	7325.82246031
5.808	2462.14926793	10000.49	602745.381616	9481.934	16297.4748924	10523.44	14636.7370279
5.809	2450.93161076	9999.023	664855.837047	9541.992	20355.0769426	10460.45	10747.4398359
5.81	2573.1100303	9997.559	623828.882267	9476.074	30975.3970893	10520.51	16242.435724
5.811	2534.4246932	9997.559	679111.554914	9540.527	18889.4375103	10545.41	15049.8133198
5.812	2872.56776819	9996.094	774675.440589	9511.23	11431.1269851	10542.48	16839.7066645
5.813	2889.46629495	9994.629	549977.425166	9549.316	13034.7784913	10541.02	20926.6763765
5.814	3190.88704164	9994.629	704488.706283	9536.133	19533.992254	10505.86	15414.0788813
5.815	3297.37423583	9999.023	786528.551053	9522.949	19400.5392972	10476.56	19661.9645319
5.816	3746.803476	9999.023	793485.311737	9527.344	21853.4282886	10469.24	27263.2114976
5.817	4062.92454964	9997.559	929725.635142	9512.695	21693.8598059	10507.32	27238.3882832
5.818	3978.20679976	9996.094	716808.725166	9512.695	21964.7407511	10451.66	39170.4725698
5.819	4231.67015339	9996.094	822873.297443	9495.117	38004.5677114	10548.34	16227.687891
5.82	4491.57083259	9994.629	786986.625914	9547.852	39015.9874154	10464.84	28385.471999
5.821	4315.32869317	9999.023	687241.366067	9547.852	34945.6132966	10513.18	41458.1513512
5.822	5368.83623511	9999.023	778545.561343	9499.512	37681.8814234	10497.07	28182.4505665
5.823	5261.43184545	9997.559	612641.38863	9541.992	39953.8137068	10543.95	27711.8368576
5.824	5938.6503563	9996.094	552035.346531	9500.977	27626.9823821	10530.76	39604.1998988
5.825	5964.41055997	9996.094	580788.688038	9539.062	38777.3134176	10475.1	53178.4190498
5.826	6352.05538133	9994.629	674098.033952	9483.398	42943.9402977	10519.04	33719.5145302
5.827	6619.31444605	10000.49	506881.114	9512.695	58753.6473809	10527.83	61725.7905112
5.828	7022.07038594	9999.023	454919.504716	9481.934	20800.1114864	10541.02	49086.7034132
5.829	7353.9158729	9997.559	380213.483375	9455.566	36632.5294155	10479.49	48660.9802681
5.83	8139.61653425	9997.559	546490.927741	9459.961	40204.6233905	10508.79	33396.3182045
5.831	8693.42250915	9996.094	555953.995106	9502.441	53550.3683092	10466.31	68372.7133213
5.832	8500.01672422	9994.629	528452.068417	9481.934	45152.1528477	10451.66	71122.1306039
5.833	8773.37001764	10000.49	463254.200974	9541.992	97953.6318184	10485.35	41122.4810644
5.834	9519.73830267	9999.023	440305.821024	9549.316	32715.8048849	10475.1	45294.3146207
5.835	8960.43926496	9997.559	456919.190357	9514.16	73773.4082078	10539.55	55929.07264
5.836	9905.4375061	9997.559	501059.54057	9477.539	37791.0180315	10510.25	43860.4728733
5.837	10055.3434421	9996.094	550124.026651	9479.004	40076.0830113	10451.66	65934.795218
5.838	10601.3080537	9994.629	526454.129847	9477.539	59789.3864898	10530.76	53112.2028215
5.839	9732.38994367	9994.629	530448.780847	9541.992	78980.9746751	10489.75	51830.9999231
5.84	10126.6859545	9999.023	459481.445689	9498.047	54978.494116	10502.93	34039.9506704
5.841	9970.12246213	9999.023	496449.39316	9525.879	67717.7243429	10504.39	64270.0191744
5.842	10864.943551	9997.559	497971.730082	9530.273	69653.8687748	10514.65	96879.194629
5.843	10530.9388454	9996.094	448877.287016	9474.609	58722.1112161	10460.45	35382.0207216
5.844	9283.72549697	9996.094	351536.994052	9503.906	60543.8527126	10473.63	42291.7925989
5.845	9784.49175127	9994.629	447301.720634	9515.625	80028.7298437	10502.93	53240.8802706
5.846	9813.01186435	9999.023	620517.735174	9539.062	70069.6604835	10482.42	54587.5959052
5.847	9050.34654301	9999.023	684779.849015	9544.922	41453.6001607	10451.66	47001.8439911
5.848	8440.15442081	9997.559	538268.922777	9543.457	45484.2374211	10486.82	39611.4830969
5.849	7854.24341827	9996.094	636695.534007	9461.426	41810.1552196	10498.54	39950.6895701
5.85	7433.88630635	9996.094	486813.49334	9455.566	44235.2504814	10461.91	62625.8001854
5.851	6659.72234748	9994.629	604182.445119	9525.879	42732.4616675	10502.93	39086.6637504
5.852	6322.781053	10000.49	673036.932596	9508.301	33710.8333723	10501.46	48516.708378
5.853	5227.14644354	9999.023	413074.198383	9518.555	28920.2171872	10491.21	39146.0141183
5.854	4876.9503531	9997.559	593574.714106	9517.09	26800.9607003	10542.48	27134.1791875
5.855	4279.52319651	9997.559	574530.82406	9465.82	25583.8855903	10473.63	16969.8856576
5.856	3784.28498801	9996.094	650335.909267	9536.133	22384.1540313	10514.65	24343.6566969
5.857	3243.25598103	9994.629	576997.351617	9518.555	41495.0171652	10482.42	17642.2093294
5.858	3202.86766062	10000.49	506075.849934	9457.031	23169.5699823	10545.41	15293.5037094
5.859	2710.89576083	9999.023	558651.490134	9506.836	15569.972196	10520.51	13678.6053192
5.86	2501.49673537	9997.559	474837.270053	9489.258	22454.7898056	10482.42	12667.9401464
5.861	2346.03700257	9997.559	496667.590496	9490.723	15401.5091094	10516.11	23953.7065328
5.862	2141.88984202	9996.094	544866.399415	9520.02	16701.1832209	10539.55	15456.2494173
5.863	2038.40986405	9994.629	495082.24028	9534.668	10045.9439165	10501.46	6524.24281515
5.864	1948.60851844	9994.629	514477.76656	9528.809	7164.4959077	10526.37	7536.66800607
5.865	1760.28685942	9999.023	550918.747007	9487.793	7181.15213009	10456.05	13086.8616584
5.866	1584.24234091	9999.023	405153.225023	9514.16	10199.6734715	10458.98	6252.23407216
5.867	1546.77862226	9997.559	618512.176318	9517.09	10671.7620792	10498.54	13238.7224836
5.868	1476.15925448	9996.094	519932.719994	9506.836	7257.95334622	10479.49	15597.4691932
5.869	1435.09811076	9996.094	463974.508381	9454.102	17352.6679764	10520.51	9211.29204916
5.87	1345.64205709	9994.629	588730.275854	9486.328	7269.12011402	10472.17	9713.41167152
5.871	1404.0015983	9999.023	577363.908256	9512.695	5691.74191369	10502.93	11379.1081407
5.872	1149.00785876	9999.023	573812.927567	9487.793	9111.09916797	10511.72	9876.19244458
5.873	1184.58299041	9997.559	536651.036145	9495.117	6332.27419235	10483.89	7285.21015151
5.874	1261.78491435	9996.094	475171.076501	9517.09	6876.9116161	10536.62	8884.55638873
5.875	1191.75325419	9996.094	570996.68443	9468.75	6907.84196187	10508.79	4362.02406603
5.876	1249.56617555	9994.629	598210.021836	9457.031	9461.33565634	10504.39	12325.6362128
5.877	1226.54351688	10000.49	633812.696706	9518.555	7155.25447788	10505.86	7250.37964926
5.878	1209.65981366	9999.023	505483.804843	9525.879	6635.17701038	10529.3	5497.86640124
5.879	1150.42253333	9997.559	522405.830986	9471.68	10593.3674554	10541.02	5772.91297504
5.88	1392.03182301	9997.559	550463.501045	9524.414	10610.8438954	10473.63	9150.94362851
5.881	1109.10695713	9996.094	596011.71147	9521.484	6930.59548597	10546.88	10147.4411179
5.882	1052.78729466	9994.629	457092.230287	9541.992	7800.07309543	10524.9	6418.9431185
5.883	1168.18174885	10000.49	564047.118355	9481.934	4697.71270892	10457.52	10301.7472843
5.884	1183.56627907	9999.023	597235.737536	9536.133	11150.4177007	10511.72	7393.52224813
5.885	1154.58813467	9997.559	497692.506796	9533.203	5859.40588763	10526.37	10843.2368561
5.886	1166.25378365	9997.559	535631.203365	9451.172	6126.96762606	10470.7	11664.8746853
5.887	1129.60290704	9996.094	519549.597747	9533.203	7428.5520846	10542.48	9001.28201401
5.888	1079.66979447	9994.629	441308.313544	9539.062	4861.88263329	10461.91	8097.6424701
5.889	1035.56992221	9994.629	516387.763045	9511.23	10051.4009501	10527.83	8338.71516611
5.89	1053.29238121	9999.023	438838.067974	9481.934	9182.88312437	10539.55	4804.29007545
5.891	1175.0505906	9999.023	399699.506423	9499.512	5992.59084933	10494.14	5996.92606091
5.892	1089.85818176	9997.559	488282.139677	9465.82	8461.07894428	10476.56	7955.88442171
5.893	1104.14125351	9996.094	416732.450455	9461.426	5069.91070286	10500.0	5910.72311802
5.894	1109.79141706	9996.094	441425.028803	9479.004	9400.97921369	10479.49	6751.28647895
5.895	1019.50296812	9994.629	521996.220981	9459.961	5474.33077795	10463.38	4218.79440218
5.896	1101.47730074	9999.023	387283.373963	9503.906	5379.96596648	10549.8	2747.86232907
5.897	1167.11135378	9999.023	385236.93742	9465.82	6372.77509737	10502.93	7605.55528375
5.898	1146.67658692	9997.559	358783.66404	9541.992	6721.65140735	10482.42	6873.70405094
5.899	962.764305592	9996.094	372007.412022	9502.441	8081.82998008	10542.48	10160.5943099
5.9	1129.31330607	9996.094	409852.96208	9486.328	7204.69037836	10479.49	9859.51236863
5.901	1126.52624388	9994.629	393175.214271	9511.23	6864.1854265	10489.75	9096.77563174
5.902	1178.16033838	10000.49	377625.701492	9512.695	8319.74973213	10485.35	6487.34461774
5.903	1120.08883065	9999.023	440601.603284	9543.457	4671.65030928	10451.66	10725.9955866
5.904	1255.61344097	9997.559	430303.922015	9471.68	6237.55719969	10458.98	6211.55403472
5.905	1209.06180662	9997.559	360475.62347	9464.355	5587.73673919	10479.49	4451.30404715
5.906	1225.04577555	9996.094	437862.234873	9547.852	6267.97776948	10466.31	6068.69035178
5.907	1255.13980164	9994.629	328611.65935	9508.301	12859.5872351	10538.09	10645.2584017
5.908	1325.50012275	10000.49	397271.785209	9544.922	11703.1985922	10476.56	10952.0543737
5.909	1224.67150319	9999.023	460153.681831	9480.469	7709.81743611	10529.3	4293.71892955
5.91	1128.98118628	9997.559	289898.223197	9509.766	7050.58564618	10482.42	6199.14298044
5.911	1192.1680039	9997.559	337997.630601	9506.836	6468.51073308	10480.96	5622.23285914
5.912	1203.14107629	9996.094	360158.386131	9512.695	11755.9501738	10467.77	8410.21607421
5.913	1267.36128006	9996.094	250765.078702	9517.09	8862.75487978	10463.38	7729.42680964
5.914	1287.83961948	9994.629	318045.793152	9522.949	8725.66847098	10516.11	6012.85553791
5.915	1265.50955247	9999.023	267660.951183	9518.555	4981.54730017	10488.28	7265.87978871
5.916	1235.66747732	9999.023	257570.780211	9484.863	6410.42112952	10486.82	7493.87710221
5.917	1255.03347867	9997.559	242371.352273	9461.426	6998.34437273	10514.65	6703.1372102
5.918	1156.37265299	9996.094	230450.151114	9499.512	8083.89921083	10472.17	7448.38744469
5.919	1143.9064082	9996.094	227766.097197	9479.004	8803.52009378	10513.18	7747.34617273
5.92	1139.03337146	9994.629	266197.132889	9474.609	6358.97163552	10486.82	6693.30535934
5.921	1105.40295346	9999.023	290250.138194	9512.695	6268.66411974	10507.32	7946.73078219
5.922	1157.81769613	9999.023	254416.143577	9540.527	6528.15972692	10507.32	6078.24815014
5.923	1057.67264773	9997.559	235147.341744	9457.031	7782.5105465	10470.7	10995.4915244
5.924	1041.47006891	9996.094	248082.557456	9471.68	3237.95271361	10508.79	6412.68791939
5.925	1069.24506387	9996.094	269996.600245	9487.793	9321.08121952	10472.17	8572.54483764
5.926	971.91224969	9994.629	267971.772997	9508.301	6142.60610771	10456.05	8016.86378347
5.927	954.321734436	10000.49	176717.45233	9477.539	7043.01371006	10488.28	6134.16287651
5.928	934.891045271	9999.023	232837.452977	9512.695	5035.73898858	10453.12	9564.43049416
5.929	1004.8047712	9997.559	203482.823582	9521.484	8714.58970617	10456.05	6523.37610569
5.93	1006.50989089	9997.559	197503.532575	9521.484	5192.47957195	10510.25	5985.60957608
5.931	1053.14330394	9996.094	244858.984579	9451.172	5965.72084812	10536.62	6173.73695993
5.932	909.22791663	9994.629	208635.174953	9514.16	6048.91688092	10467.77	4318.23658638
5.933	846.4148421	10000.49	155058.930838	9512.695	3044.36925111	10479.49	5677.41463187
5.934	904.416977923	9999.023	170220.105316	9508.301	5085.49175676	10464.84	4795.3484149
5.935	872.29881015	9997.559	153983.824541	9461.426	4565.64319066	10498.54	3509.33679045
5.936	877.715432984	9997.559	156589.665079	9486.328	3637.90510154	10523.44	7749.67712491
5.937	757.310661592	9996.094	202898.31637	9505.371	3353.5313069	10450.2	3709.92865354
5.938	784.134606519	9994.629	167959.726829	9458.496	4335.24278681	10504.39	3835.58470308
5.939	826.892390312	9994.629	179841.540865	9508.301	3604.39229391	10489.75	4545.78105013
5.94	785.352525395	9999.023	225493.273622	9495.117	5768.88525807	10507.32	6826.00403021
5.941	771.534592344	9999.023	169335.521691	9512.695	5449.50638927	10470.7	5250.71657094
5.942	767.556509563	9997.559	190455.214487	9534.668	5491.6386665	10532.23	5135.301907
5.943	718.937985998	9996.094	207705.201957	9480.469	4237.28633983	10450.2	4625.81456364
5.944	772.383050666	9996.094	181715.19088	9527.344	4423.07417782	10508.79	2687.27627413
5.945	671.684354305	9994.629	186244.067161	9544.922	3977.70395084	10500.0	5295.42641391
5.946	714.690908573	9999.023	204791.446369	9509.766	4374.62952091	10535.16	4793.11030494
5.947	735.752669769	9999.023	171590.647444	9521.484	4339.29585677	10497.07	3989.71669126
5.948	689.925325353	9997.559	168794.108253	9459.961	3709.40127889	10505.86	4168.43354225
5.949	650.058076047	9996.094	139306.72214	9502.441	4319.3963487	10549.8	3110.74918213
5.95	1287.87340542	9996.094	194628.743402	9498.047	7625.95961536	10451.66	7640.92767798
5.951	598.163463395	9994.629	207131.37049	9544.922	5028.78977699	10480.96	4112.14438593
5.952	641.179568211	10000.49	185044.373457	9549.316	4162.19595158	10511.72	4716.44544336
5.953	578.673319433	9999.023	227338.78948	9458.496	4198.4986365	10456.05	4038.79876263
5.954	578.632748707	9997.559	209106.959919	9515.625	4519.10751524	10491.21	4400.74115591
5.955	552.843163516	9997.559	224031.570824	9452.637	3598.51041251	10497.07	4693.12035945
5.956	567.874975481	9996.094	223436.22032	9540.527	2069.30714247	10498.54	2702.61129189
5.957	527.47313908	9994.629	190091.7849	9528.809	3087.26061572	10507.32	3353.00879486
5.958	540.121118221	10000.49	225250.478387	9467.285	4112.06349698	10497.07	2059.72520296
5.959	538.838366542	9999.023	249472.265339	9540.527	2628.60050106	10502.93	4140.93175978
5.96	506.795742259	9997.559	185274.438754	9524.414	2816.29913588	10523.44	3319.12580362
5.961	466.845857474	9997.559	177103.764483	9455.566	6435.30846407	10513.18	1904.03568278
5.962	493.653928425	9996.094	211284.749426	9517.09	3328.96109277	10532.23	3180.04360253
5.963	492.789167719	9994.629	180481.22259	9533.203	3524.41899954	10526.37	2813.99511285
5.964	500.566642654	9994.629	201160.800307	9499.512	5540.65030539	10535.16	2113.86643932
5.965	496.744211255	9999.023	174983.305721	9527.344	3358.57611959	10476.56	2908.83891542
5.966	479.90413319	9999.023	163562.144247	9520.02	3531.76040099	10460.45	2185.37722417
5.967	426.551483478	9997.559	168645.848841	9536.133	1970.92881829	10485.35	2190.48209178
5.968	474.064588465	9996.094	141902.826088	9495.117	3907.8240951	10504.39	3457.79802212
5.969	439.031552463	9996.094	121095.955933	9500.977	1999.65710696	10542.48	4191.39655356
5.97	439.564549267	9994.629	153547.760191	9505.371	3781.45477636	10504.39	2083.41861983
5.971	437.658662594	9999.023	121663.983592	9499.512	2800.75588055	10505.86	2299.06050784
5.972	497.529903801	9999.023	162093.160983	9527.344	2376.68692051	10458.98	3159.18466014
5.973	470.918210949	9997.559	133498.31746	9467.285	3975.35579503	10524.9	4695.24519001
5.974	503.556351942	9996.094	147638.503861	9486.328	2955.31507671	10470.7	3187.95197624
5.975	493.573101293	9996.094	144567.322665	9539.062	3632.63961949	10511.72	4271.92538477
5.976	523.818918286	9994.629	146771.955713	9500.977	3709.58451621	10504.39	5703.38536145
5.977	544.000123078	10000.49	173577.101953	9511.23	4808.68033777	10497.07	3761.34431431
5.978	517.572351916	9999.023	201052.349683	9490.723	1770.67002365	10517.58	3031.48660318
5.979	529.504603634	9997.559	183794.004566	9474.609	8030.23247228	10478.03	3741.06570525
5.98	592.72009898	9997.559	161218.425093	9457.031	3194.72424048	10458.98	3785.00853695
5.981	597.645424799	9996.094	193467.740352	9455.566	5447.81005936	10517.58	3088.48824564
5.982	575.546265804	9994.629	183337.810884	9484.863	4524.94880792	10543.95	2816.83648138
5.983	608.944013099	10000.49	227338.85306	9465.82	5101.80377277	10530.76	3673.66228439
5.984	555.162793326	9999.023	219895.581851	9544.922	5451.4863058	10527.83	4392.06396444
5.985	589.104101832	9997.559	175782.422272	9525.879	4407.02929662	10450.2	2648.36153816
5.986	598.755339389	9997.559	217973.384335	9520.02	4367.79040007	10476.56	3936.43670334
5.987	605.463882498	9996.094	199504.835273	9514.16	3247.97177312	10491.21	2800.95558225
5.988	653.137845857	9996.094	180221.981968	9464.355	4074.12170314	10497.07	3917.63522471
5.989	717.977348356	9994.629	179184.082857	9479.004	5397.93573772	10524.9	4758.98574466
5.99	750.55473242	9999.023	172895.04975	9506.836	4396.42785399	10478.03	3654.44009069
5.991	763.153487232	9999.023	167875.617574	9511.23	3746.23209132	10539.55	4082.61497891
5.992	911.805302817	9997.559	179964.002123	9493.652	6795.85971217	10516.11	5963.49449813
5.993	869.810470914	9996.094	151051.565292	9525.879	4540.07948435	10526.37	6731.61342941
5.994	973.256414097	9996.094	163991.962591	9537.598	7234.0638154	10491.21	8048.61166803
5.995	1073.71297219	9994.629	183275.813525	9511.23	7663.06873004	10488.28	6852.58817885
5.996	1267.79908598	9999.023	152888.852949	9527.344	7650.02820859	10454.59	5492.7826524
5.997	1321.72779163	9999.023	158896.432193	9518.555	6625.22504749	10472.17	7056.02399126
5.998	1378.76822958	9997.559	200748.809875	9458.496	7611.94439751	10514.65	17936.0762773
5.999	1313.5032815	9996.094	123564.254539	9533.203	8751.84732492	10524.9	4527.71864295
6.0	1369.00431954	9996.094	232331.530184	9514.16	8132.68032716	10511.72	5055.9654632
6.001	1539.04150643	9994.629	223823.452454	9503.906	7349.68534949	10514.65	11140.0286527
6.002	1397.60010182	10000.49	173268.072895	9474.609	14635.8049822	10498.54	9064.45805569
6.003	1293.20434583	9999.023	233566.902988	9522.949	9759.21452744	10539.55	12854.5735089
6.004	1372.31349674	9997.559	222453.373279	9533.203	7335.47798739	10535.16	6041.81129091
6.005	1581.47562098	9997.559	217261.570568	9496.582	8532.69413234	10529.3	12200.6922891
6.006	1571.37307677	9996.094	279213.356779	9479.004	6801.15278066	10473.63	12074.9255483
6.007	1560.63320834	9994.629	328566.026365	9524.414	9857.1358052	10467.77	9579.55816323
6.008	1701.54472719	10000.49	261917.638436	9481.934	9893.78864165	10470.7	5775.33871742
6.009	1676.64176937	9999.023	342015.014877	9534.668	12178.6150294	10450.2	11691.6966363
6.01	1746.44154798	9997.559	282878.344288	9518.555	16162.2285881	10488.28	12540.799779
6.011	1712.31599027	9997.559	318938.789943	9500.977	9052.67101164	10470.7	17389.0008678
6.012	1805.92102537	9996.094	263891.822961	9543.457	15501.3092271	10476.56	10664.5801705
6.013	1839.78845699	9994.629	296720.374457	9484.863	8297.04302125	10476.56	8969.68784124
6.014	1881.00802114	9994.629	333841.362155	9452.637	13100.5749375	10500.0	12447.4654512
6.015	1955.97160552	9999.023	257207.645136	9518.555	13120.401249	10536.62	14676.2693956
6.016	2063.5890842	9999.023	257390.524858	9471.68	12477.8019965	10483.89	13715.4844315
6.017	2195.78602131	9997.559	329074.902522	9502.441	12591.1570293	10472.17	10889.6446228
6.018	2381.15842748	9996.094	240860.015093	9468.75	13752.0396839	10511.72	16533.3602778
6.019	2657.66360136	9996.094	258093.283621	9540.527	16728.7079695	10532.23	16140.7806729
6.02	2323.67220122	9994.629	328184.472631	9462.891	12991.448564	10466.31	16361.3153672
6.021	2603.4963719	9999.023	229493.76453	9481.934	15496.6048702	10461.91	15009.3091262
6.022	2509.3184018	9999.023	300913.102789	9531.738	20272.0950315	10491.21	20517.7758283
6.023	2620.09909499	9997.559	338876.686125	9489.258	15818.2508508	10548.34	16315.9210955
6.024	2618.70409903	9996.094	296243.646605	9481.934	18260.0120669	10510.25	12440.7564469
6.025	2597.47890723	9996.094	386729.689439	9521.484	18302.1037423	10542.48	21408.9629508
6.026	2941.51033903	9994.629	388901.75388	9546.387	13448.3828642	10527.83	19638.9675003
6.027	2829.81509969	10000.49	295714.051616	9549.316	12484.1594836	10519.04	16342.3976692
6.028	3052.94110466	9999.023	335660.671093	9470.215	16468.6635768	10478.03	21444.187278
6.029	2993.16101303	9997.559	359476.122675	9481.934	16933.7935433	10470.7	17821.139291
6.03	2746.61475786	9997.559	424007.006204	9464.355	23047.6323887	10530.76	18675.9855472
6.031	3036.63159394	9996.094	431388.413137	9451.172	19319.6204235	10467.77	20537.8031265
6.032	3428.51679844	9994.629	455730.035273	9470.215	16145.1206022	10464.84	14690.9561815
6.033	3352.72971652	10000.49	429931.132829	9527.344	24443.3339321	10497.07	22980.4856281
6.034	3116.41450415	9999.023	407871.231732	9498.047	24129.3487831	10489.75	18461.3751463
6.035	3453.21852872	9997.559	289257.072562	9499.512	22293.0831558	10460.45	20110.1048266
6.036	3497.91017195	9997.559	403774.48069	9462.891	24417.739409	10457.52	34385.3873084
6.037	3572.75691519	9996.094	481895.342979	9499.512	21581.1745289	10475.1	30854.4061483
6.038	3559.77799386	9994.629	433079.441338	9454.102	20352.323222	10497.07	20208.9395514
6.039	3464.11024701	9994.629	524512.388035	9522.949	22855.4340709	10488.28	18563.7677476
6.04	3894.83433853	9999.023	488643.210423	9509.766	37769.0900618	10486.82	30442.4431783
6.041	4041.14241297	9999.023	549669.689237	9544.922	35854.2456874	10495.61	34544.6161169
6.042	4169.83923207	9997.559	557792.875565	9536.133	26748.9176611	10483.89	38651.8418855
6.043	3918.41932914	9996.094	573148.634058	9512.695	22850.8420055	10514.65	35359.7094542
6.044	4046.59291912	9996.094	550865.847867	9547.852	19006.2506526	10491.21	36289.0843215
6.045	4133.4791601	9994.629	637456.627525	9508.301	25323.3179619	10504.39	32045.6654715
6.046	4160.20755601	9999.023	491433.458238	9451.172	29337.9258032	10538.09	19779.8765278
6.047	4308.73057831	9999.023	552994.351376	9506.836	35710.9402016	10520.51	21302.2284377
6.048	4461.28945607	9997.559	466063.726338	9505.371	31672.1094201	10500.0	18085.7336437
6.049	4300.51269796	9996.094	449151.968549	9534.668	18663.8105651	10532.23	27238.8061883
6.05	4148.60073969	9996.094	596067.185655	9480.469	23713.8409428	10460.45	28804.0780877
6.051	4409.04418373	9994.629	664522.60058	9483.398	23175.7348788	10495.61	23067.1242238
6.052	4289.15441916	10000.49	450403.821182	9499.512	33546.2876531	10508.79	36083.9661328
6.053	4228.24510064	9999.023	665252.350493	9498.047	20118.3605753	10519.04	41974.0556354
6.054	4224.96963123	9997.559	477023.125842	9481.934	36383.8748489	10521.97	40025.3955819
6.055	4460.21735921	9997.559	524490.794491	9525.879	34369.2497427	10508.79	38267.093884
6.056	4408.72317106	9996.094	640481.153973	9479.004	27959.0451252	10458.98	18324.8555526
6.057	4479.60494569	9994.629	633701.592396	9546.387	20538.6001626	10546.88	29892.8290505
6.058	4187.07123147	10000.49	572871.807288	9486.328	17982.2256666	10498.54	34553.804593
6.059	4452.14727889	9999.023	659954.073338	9452.637	30694.8718542	10453.12	31057.1259799
6.06	4659.97431461	9997.559	580182.120939	9459.961	21479.4255179	10454.59	24519.4256321
6.061	4342.05988354	9997.559	627891.00753	9502.441	39263.0197383	10469.24	22842.5863987
6.062	4343.38324348	9996.094	596062.951275	9457.031	16436.1989093	10521.97	22010.3452272
6.063	3871.9906761	9996.094	653762.381704	9525.879	24073.8012257	10538.09	33638.9076262
6.064	3959.46333898	9994.629	457410.500777	9508.301	20158.332002	10486.82	25455.5807775
6.065	4149.37660726	9999.023	531105.236593	9489.258	22048.2726985	10523.44	25572.317369
6.066	4420.78774834	9999.023	535875.222684	9543.457	25197.9867455	10476.56	36494.0730579
6.067	3673.14826599	9997.559	619482.124349	9454.102	21113.2606928	10472.17	33758.1682491
6.068	3929.21380731	9996.094	576796.797662	9474.609	14820.4325684	10529.3	22176.3402836
6.069	4005.58106398	9996.094	618253.018502	9487.793	39369.4430262	10536.62	18812.0136084
6.07	4164.02577652	9994.629	766198.697856	9498.047	25829.0416393	10541.02	20184.2154175
6.071	4039.28302539	9999.023	681114.686739	9520.02	29191.1736862	10511.72	17961.234613
6.072	4214.89473108	9999.023	746848.23514	9452.637	30633.1908394	10483.89	41111.8713793
6.073	3914.21115711	9997.559	591955.097519	9480.469	22485.7355716	10450.2	20518.0240915
6.074	3738.25259286	9996.094	558640.867061	9484.863	25964.9612452	10521.97	43611.6061859
6.075	4065.87916085	9996.094	532623.472043	9477.539	26087.2776036	10500.0	34767.3822259
6.076	3860.78946943	9994.629	570411.292541	9547.852	22413.1923697	10523.44	38403.3140423
6.077	3907.11993469	10000.49	439460.588995	9481.934	23583.9358641	10463.38	39972.55459
6.078	4125.81830192	9999.023	515842.470411	9531.738	20333.1273398	10495.61	26643.651241
6.079	4380.91299835	9997.559	449779.764299	9465.82	19705.6148826	10516.11	25796.8941105
6.08	4358.95161363	9997.559	536301.038139	9527.344	28233.8431106	10502.93	48969.6101684
6.081	4057.32026634	9996.094	416705.447814	9493.652	23801.5439712	10483.89	24206.5600612
6.082	4335.17999065	9994.629	401993.869869	9541.992	19121.5329624	10473.63	53561.6124233
6.083	4215.94629377	10000.49	445560.581507	9486.328	19850.4786057	10469.24	29090.5160417
6.084	4443.69184832	9999.023	340120.131553	9540.527	22307.5000503	10458.98	35185.3095395
6.085	4311.96648146	9997.559	307703.345998	9508.301	29550.3881396	10523.44	23543.8530359
6.086	4261.88167015	9997.559	488082.231368	9486.328	28876.5806607	10464.84	23344.3591934
6.087	4397.82962551	9996.094	308681.038438	9544.922	26469.0111282	10513.18	25559.8591385
6.088	4469.53847388	9994.629	488500.171155	9451.172	30126.0058898	10456.05	33141.4480397
6.089	4232.34210609	9994.629	425231.550379	9511.23	31839.355948	10521.97	24639.7908418
6.09	4793.47570531	9999.023	263638.056565	9480.469	38138.6322375	10524.9	32244.9326443
6.091	4172.25502884	9999.023	269206.65481	9539.062	40219.4681241	10498.54	25631.020476
6.092	4848.0002004	9997.559	320576.065406	9540.527	20411.0151404	10485.35	20468.0558433
6.093	4468.9335852	9996.094	355465.482324	9518.555	19298.4373886	10478.03	31855.0852396
6.094	4426.58568024	9996.094	365873.340775	9534.668	18878.1873769	10514.65	38410.765338
6.095	4563.51446329	9994.629	440430.844405	9536.133	37862.2499078	10501.46	15283.5999293
6.096	4417.2349606	9999.023	343545.43331	9505.371	23256.8140257	10475.1	23542.2299208
6.097	4363.36582539	9999.023	507931.962592	9477.539	21925.7588455	10470.7	42486.0746951
6.098	4111.45416626	9997.559	443591.761988	9455.566	27098.5563134	10527.83	25548.4976
6.099	4462.25788542	9996.094	387012.98035	9536.133	34568.1161042	10545.41	29582.0986444
6.1	4258.11639156	9996.094	440176.527848	9480.469	25740.0248518	10458.98	30127.4655576
6.101	4225.6190364	9994.629	394278.435188	9490.723	31681.4779071	10520.51	32490.6798147
6.102	4253.68651374	10000.49	471489.974645	9473.145	22714.2471543	10472.17	35850.8537716
6.103	4078.7246582	9999.023	447331.245785	9473.145	34742.4251691	10492.68	23708.87129
6.104	4359.93392203	9997.559	541663.807141	9549.316	11684.9638952	10497.07	28082.9506777
6.105	4327.23857118	9997.559	404062.052006	9476.074	25884.0816606	10514.65	20407.1484193
6.106	4541.39454792	9996.094	331868.957303	9512.695	29876.5005314	10501.46	20158.1795265
6.107	4555.50744907	9994.629	338701.000148	9480.469	18645.40875	10511.72	37502.828441
6.108	4111.3029137	10000.49	361975.097211	9544.922	21235.3037271	10523.44	41111.3696218
6.109	4224.55561111	9999.023	347938.556676	9490.723	34471.1626541	10521.97	26216.6927743
6.11	4605.28143003	9997.559	287532.069247	9533.203	24933.5446021	10488.28	20073.4939088
6.111	4222.52421119	9997.559	277627.725786	9525.879	23480.0608124	10535.16	43747.9106792
6.112	4540.29878489	9996.094	237228.152357	9524.414	22141.127961	10458.98	36642.0776205
6.113	4172.71123316	9994.629	253447.0395	9484.863	30446.4607673	10549.8	31579.9543295
6.114	3972.26170078	9994.629	182615.842922	9468.75	29336.3219414	10472.17	17624.2676053
6.115	3653.5427077	9999.023	203715.860401	9470.215	24208.2690072	10539.55	32316.2763347
6.116	4185.29942898	9999.023	114984.32112	9546.387	22162.1552359	10491.21	22845.7120414
6.117	4161.91076512	9997.559	155573.866079	9520.02	18889.3336769	10451.66	18440.2394964
6.118	4297.30094852	9996.094	114677.881718	9470.215	46325.1821738	10535.16	31969.6488624
6.119	4375.59078209	9996.094	88428.0126171	9457.031	24321.9259974	10527.83	29293.8398163
6.12	3866.33014034	9994.629	128875.778346	9476.074	21437.132289	10497.07	23877.9626264
6.121	3777.92315874	9999.023	79807.7880452	9514.16	18877.0729941	10495.61	32672.284069
6.122	3941.49949894	9999.023	131645.313315	9467.285	35517.3988962	10453.12	26254.510766
6.123	3790.05712117	9997.559	47744.153118	9500.977	23023.832138	10549.8	20903.265641
6.124	3953.33108732	9997.559	92172.5531214	9541.992	21625.117309	10458.98	24307.6759446
6.125	4246.2063409	9996.094	55427.0851949	9541.992	31104.8655313	10489.75	35465.9157112
6.126	3865.61579147	9994.629	83085.6110162	9473.145	23660.0592698	10483.89	27204.534277
6.127	3885.71730488	10000.49	54467.4136687	9476.074	32163.4945055	10460.45	29733.1305116
6.128	4263.87012575	9999.023	79739.8425824	9455.566	22479.5559332	10532.23	21507.1350475
6.129	3985.2714895	9997.559	68358.8548557	9514.16	41212.4896653	10450.2	19244.1237908
6.13	3935.6738205	9997.559	96417.9355622	9524.414	30675.7828699	10535.16	55431.0134002
6.131	4335.69585567	9996.094	79404.2850832	9486.328	16919.1282671	10478.03	20221.2024357
6.132	4206.35932161	9994.629	83831.1823834	9540.527	17590.7314695	10535.16	35585.4461424
6.133	4468.84235412	10000.49	109750.822932	9459.961	33306.7406556	10535.16	21557.6239815
6.134	4246.36804346	9999.023	72190.7771525	9509.766	19184.8404901	10492.68	40030.8660507
6.135	4202.18419626	9997.559	88537.8543338	9518.555	18214.0812636	10500.0	26936.3438988
6.136	4112.94900977	9997.559	130224.91779	9530.273	20146.7749471	10466.31	18917.5724757
6.137	4028.78063076	9996.094	110249.932163	9521.484	29635.7834446	10454.59	30767.6084095
6.138	4155.25308541	9996.094	150421.658259	9464.355	28622.5370996	10472.17	25821.4951755
6.139	4545.98955055	9994.629	141591.542943	9540.527	26962.4762783	10464.84	23047.6015119
6.14	4083.3331617	9999.023	185948.66797	9486.328	26988.7959115	10486.82	18186.8845993
6.141	4457.94843814	9999.023	144112.376345	9473.145	15554.6712554	10501.46	30472.2155387
6.142	4239.87260829	9997.559	155822.043907	9496.582	27680.8333375	10470.7	19928.3918658
6.143	4440.56532318	9996.094	139077.676649	9467.285	31379.529878	10548.34	21897.9459542
6.144	4364.47019739	9996.094	147321.417988	9546.387	32466.7165184	10476.56	16915.2637253
6.145	4493.6264317	9994.629	171205.33916	9521.484	31147.3193643	10533.69	16415.2489746
6.146	4384.30289088	9999.023	166627.120034	9533.203	37869.7059701	10486.82	27278.2578278
6.147	4644.73854252	9999.023	169590.756266	9515.625	22084.5886703	10458.98	20964.0807273
6.148	4392.78854009	9997.559	268105.58698	9511.23	26446.2548524	10535.16	37835.1797034
6.149	4400.18976606	9996.094	200421.050931	9540.527	37520.0039873	10526.37	22863.2098347
6.15	4241.79367709	9996.094	190491.729634	9481.934	23224.4442492	10502.93	18485.4241625
6.151	4371.10439357	9994.629	224904.768763	9512.695	37300.322907	10523.44	41786.0247282
6.152	4195.1651068	10000.49	150929.768149	9549.316	30450.5780122	10480.96	17996.2224308
6.153	4532.45758712	9999.023	197255.138477	9477.539	28395.3304018	10466.31	23496.6116882
6.154	4538.15164011	9997.559	299219.382101	9520.02	18475.5502953	10508.79	32008.4676964
6.155	4623.9081884	9997.559	205734.387062	9502.441	24697.5157666	10489.75	32217.6113735
6.156	4747.77328149	9996.094	253358.642914	9502.441	27479.6732193	10457.52	31617.591721
6.157	4573.19808676	9994.629	295740.9013	9549.316	14614.0646415	10532.23	23573.038169
6.158	4184.80008448	10000.49	244808.691456	9495.117	27959.9241595	10469.24	43772.4143198
6.159	4547.26666504	9999.023	160604.58944	9539.062	20142.7992276	10491.21	29465.8189747
6.16	4770.68838962	9997.559	153195.001879	9531.738	28415.9050252	10543.95	32881.08712
6.161	4505.52298382	9997.559	128609.066761	9509.766	19454.0947464	10538.09	28693.5253174
6.162	4645.15685193	9996.094	122604.618303	9457.031	35054.8849656	10533.69	21728.3914603
6.163	4471.12377159	9994.629	94188.460915	9539.062	24630.240925	10457.52	31786.6263552
6.164	4847.31305169	9994.629	75989.5216072	9465.82	30361.7712473	10510.25	37817.3004154
6.165	5078.31459493	9999.023	99102.1985461	9539.062	24972.9424106	10523.44	35544.7277341
6.166	4866.7652691	9999.023	85774.8014255	9483.398	29455.0276867	10532.23	38691.5729832
6.167	5193.85856349	9997.559	118728.857933	9483.398	44635.313192	10513.18	69633.1051956
6.168	5534.43178265	9996.094	154021.218106	9544.922	25926.9384495	10538.09	43270.1477639
6.169	5361.93219096	9996.094	121662.028539	9534.668	55592.5578567	10475.1	20760.0872122
6.17	5747.99824449	9994.629	157382.439438	9461.426	51831.138328	10489.75	34866.2305532
6.171	5277.96123227	9999.023	142658.129545	9531.738	32730.9974625	10453.12	43308.535667
6.172	5825.87587049	9999.023	98958.4757292	9493.652	65917.1732726	10523.44	55244.3471796
6.173	6071.49312701	9997.559	231122.13659	9530.273	66894.3497164	10480.96	48414.9163833
6.174	6110.71093463	9996.094	115751.159022	9474.609	32410.4394924	10521.97	32053.8436277
6.175	6361.83713689	9996.094	184385.591187	9467.285	47331.0847956	10539.55	46689.2715414
6.176	7354.94873115	9994.629	201344.304891	9539.062	32126.3178707	10495.61	57164.7376901
6.177	6582.08850852	10000.49	226448.316394	9512.695	42634.102743	10514.65	45047.1053832
6.178	6865.32308914	9999.023	307263.305355	9508.301	39406.3337826	10461.91	50105.3322772
6.179	7386.14140758	9997.559	158932.457223	9522.949	41634.5571486	10485.35	43083.5827608
6.18	7256.69485751	9997.559	212126.001764	9461.426	42069.0361552	10545.41	75943.2085974
6.181	7802.26934432	9996.094	170249.512154	9471.68	45314.5968986	10548.34	54109.1413731
6.182	7808.99870928	9994.629	326195.856778	9452.637	53235.2482348	10461.91	43482.4398729
6.183	7667.7673509	10000.49	208793.757253	9522.949	81209.2688984	10456.05	84026.5711793
6.184	9030.29441819	9999.023	296150.189638	9471.68	82568.253642	10470.7	47264.3355122
6.185	8843.35149702	9997.559	213159.600759	9528.809	39117.3601148	10476.56	44442.0801913
6.186	10371.1943524	9997.559	360082.92736	9500.977	43950.9151335	10505.86	93095.6747081
6.187	9923.95725408	9996.094	377776.379177	9533.203	50389.5355922	10526.37	74500.3945731
6.188	10972.5366668	9994.629	361147.984762	9527.344	51176.9262128	10500.0	52929.3107568
6.189	11166.3210536	9994.629	434529.986099	9465.82	61371.2918307	10533.69	86276.8143311
6.19	11552.4927496	9999.023	247391.875813	9534.668	136492.951084	10514.65	96322.0495886
6.191	12129.7600254	9999.023	318405.605478	9495.117	82709.4689283	10463.38	133503.743268
6.192	12211.7297331	9993.164	192606.286961	9464.355	76805.6977645	10492.68	89707.7446951
6.193	14509.9962473	9996.094	442888.073575	9502.441	68856.888539	10453.12	60354.3484873
6.194	15242.5157758	9996.094	148132.03979	9530.273	133721.274287	10482.42	114325.059929
6.195	15579.8013601	9994.629	196005.709499	9462.891	82969.2765096	10538.09	106669.484702
6.196	16847.4109438	9999.023	225398.528961	9541.992	92458.3010549	10532.23	81478.5546961
6.197	17055.6656686	9999.023	189562.341272	9499.512	103968.877246	10519.04	131356.355024
6.198	17054.1191673	9997.559	178972.352992	9520.02	110113.850554	10482.42	112201.822183
6.199	18178.0458391	9996.094	221025.28258	9459.961	99112.7654979	10494.14	102494.332218
6.2	19014.063938	9981.445	100498.175396	9509.766	113660.485726	10535.16	120304.19001
6.201	18104.4568987	9994.629	231236.742423	9454.102	87047.0813869	10473.63	100171.65136
6.202	19100.3321245	9996.094	101057.384179	9502.441	113567.920295	10516.11	106897.810055
6.203	19760.6449937	9999.023	156438.944027	9534.668	125143.803497	10519.04	116619.81726
6.204	19105.3696588	9997.559	167427.633046	9458.496	108660.08071	10545.41	89322.1615983
6.205	18634.8629467	9985.84	116589.915475	9536.133	127962.641349	10501.46	99467.3086575
6.206	18607.396058	9996.094	162335.548245	9465.82	74043.5070809	10530.76	83420.2529136
6.207	18209.2436581	9975.586	117390.2501	9521.484	66411.7257386	10507.32	102132.78532
6.208	18014.4618544	10015.14	143766.636096	9462.891	149079.922249	10526.37	133445.300721
6.209	18417.2737498	9999.023	109719.710703	9528.809	126768.851446	10451.66	149847.035986
6.21	17590.7687202	9997.559	167856.556391	9522.949	95938.5168732	10504.39	149801.995225
6.211	17602.3596971	9950.684	106106.959637	9462.891	110062.951028	10454.59	187631.983511
6.212	17874.7980979	9956.543	117389.080674	9533.203	165840.878428	10545.41	109286.927447
6.213	18633.9230056	9978.516	138278.072685	9457.031	153324.302715	10514.65	140537.030953
6.214	17962.5651277	9994.629	142329.149387	9467.285	122013.544326	10523.44	93602.5215908
6.215	17627.6003836	10044.43	173778.006637	9515.625	83231.3993178	10521.97	50069.2099461
6.216	18205.6936271	10045.9	126176.704865	9458.496	130793.065549	10538.09	104221.134356
6.217	18180.7101186	9997.559	102896.103965	9521.484	103844.028663	10450.2	245408.264276
6.218	17702.8936014	9950.684	104221.856909	9462.891	64759.9171538	10485.35	125553.309433
6.219	17755.4401331	9952.148	93545.1499786	9455.566	112004.651143	10545.41	227539.476206
6.22	17514.0945805	10032.71	103777.877665	9536.133	90292.1362531	10472.17	108426.725356
6.221	16447.2355683	9969.727	81683.1695476	9459.961	69259.855282	10467.77	125679.034389
6.222	15693.8987915	9999.023	187925.822827	9540.527	155245.75807	10514.65	84196.6129109
6.223	15326.5693708	9997.559	131927.088373	9459.961	111224.805114	10520.51	114256.286801
6.224	15820.1102656	9997.559	429611.656359	9479.004	89910.2374951	10478.03	89462.1058203
6.225	15522.6431844	9996.094	133618.10084	9498.047	109662.724984	10527.83	80211.6929771
6.226	15863.2244665	9994.629	213874.726094	9505.371	114831.882799	10488.28	99486.589141
6.227	14624.0283844	9952.148	162462.65742	9517.09	100029.599273	10507.32	146952.115012
6.228	14871.0630411	9999.023	198221.333752	9481.934	67513.2462705	10507.32	75173.2197873
6.229	14542.2692312	9997.559	359036.523892	9461.426	130169.553257	10485.35	87925.2969099
6.23	14570.3370496	9997.559	319638.717113	9484.863	55963.7665094	10549.8	77050.7585526
6.231	13556.5747614	9996.094	241222.888181	9495.117	103818.224224	10508.79	96762.4768554
6.232	13382.6695775	9994.629	268608.663558	9505.371	68355.3528353	10482.42	84340.474286
6.233	12896.7835317	10000.49	161629.868502	9518.555	97299.515248	10494.14	119697.030153
6.234	12539.5735485	9999.023	270276.583684	9514.16	51343.9357377	10472.17	59685.5889838
6.235	11936.921238	9997.559	291673.823828	9547.852	78938.5380311	10467.77	65137.6047149
6.236	11893.0814452	9997.559	137633.454954	9546.387	47057.5747006	10511.72	61031.5841135
6.237	11773.0432501	9996.094	184044.823419	9517.09	105755.662806	10494.14	99135.7471974
6.238	10717.5108201	9996.094	137760.266368	9464.355	61322.174347	10530.76	118152.046477
6.239	10593.6812727	9994.629	156120.291908	9493.652	64164.7903399	10502.93	65435.0495961
6.24	10573.9952548	9999.023	138416.131923	9547.852	56014.204214	10526.37	59307.4580938
6.241	10877.541127	9999.023	184017.376185	9496.582	70857.5400529	10523.44	67731.6110565
6.242	10611.0864894	9997.559	383942.175064	9496.582	47282.6629955	10466.31	52935.0329755
6.243	10504.8818582	9996.094	162272.380363	9487.793	89376.117302	10514.65	78215.3499922
6.244	10096.152868	9996.094	157247.898078	9476.074	54899.0232447	10532.23	90884.5807244
6.245	9756.85814419	9994.629	212786.581395	9533.203	53489.4765371	10458.98	60604.8464347
6.246	8731.09528227	9999.023	226145.811244	9502.441	44478.7298597	10517.58	43907.7107454
6.247	8950.42454012	9999.023	180008.946043	9514.16	117853.977919	10530.76	57701.8982002
6.248	9522.16518786	9997.559	329967.461614	9517.09	51661.2580613	10460.45	51159.2337475
6.249	8088.34466174	9996.094	102475.977088	9508.301	45252.0088537	10526.37	44163.7892745
6.25	8938.05773852	9996.094	108091.969468	9484.863	58407.115067	10461.91	64816.9245718
6.251	8671.0609751	9994.629	154144.266581	9483.398	59351.9891984	10500.0	49271.9989419
6.252	8972.4086598	10000.49	158190.474663	9471.68	50245.4581862	10450.2	41487.7411751
6.253	8566.65177649	9999.023	187993.43183	9471.68	66441.7318893	10453.12	51845.0375068
6.254	8168.15844313	9997.559	213226.342581	9496.582	57792.0125662	10454.59	42583.8478805
6.255	8012.80306145	9997.559	209360.323546	9471.68	57404.2687674	10505.86	50287.135672
6.256	8500.98229564	9996.094	185961.205364	9458.496	45877.0841512	10488.28	51598.5707555
6.257	7779.01332039	9994.629	137306.573053	9498.047	40719.4943358	10532.23	40701.6947407
6.258	8598.59483962	10000.49	147328.230824	9508.301	61235.7498933	10460.45	56818.7442013
6.259	8538.24480568	9999.023	86051.0924068	9476.074	48783.1576468	10530.76	58339.812967
6.26	7878.83636944	9997.559	126852.022935	9484.863	44795.1529598	10454.59	65324.2641746
6.261	7824.58422177	9997.559	193445.539085	9471.68	62905.7754832	10475.1	34879.2377224
6.262	7617.17529356	9996.094	197753.201374	9495.117	32342.4210764	10470.7	49042.8086156
6.263	7791.89937935	9996.094	174532.422615	9520.02	57045.7571565	10460.45	64776.3256506
6.264	7811.41636993	9994.629	164422.918772	9505.371	43826.7371134	10520.51	48233.0100298
6.265	7510.02698879	9999.023	299002.801694	9496.582	41324.5475185	10450.2	59943.2862732
6.266	7089.30542624	9999.023	322643.053703	9468.75	63290.295676	10476.56	79160.5507142
6.267	7254.9121511	9997.559	408857.465869	9480.469	48869.4113934	10526.37	50463.1963089
6.268	7480.68767334	9996.094	174239.57792	9465.82	49670.6074486	10505.86	35540.9284046
6.269	7371.98538085	9996.094	322125.090881	9470.215	41972.7476135	10524.9	49552.8343827
6.27	7492.91663372	9994.629	279952.916193	9484.863	59869.643947	10485.35	37614.3308439
6.271	7262.40270706	9999.023	320878.841163	9468.75	58901.5063524	10454.59	33305.6430852
6.272	7433.76054547	9999.023	237122.53519	9500.977	50282.4229523	10494.14	47055.0463318
6.273	7429.89404274	9997.559	382034.273326	9477.539	87700.8436662	10479.49	48654.8544024
6.274	6797.6419189	9996.094	337658.441071	9506.836	61868.4247922	10538.09	60852.5080773
6.275	6856.88616868	9996.094	488442.024853	9486.328	54573.9560628	10470.7	35170.6382388
6.276	7193.97775886	9994.629	460566.140312	9509.766	36642.1220476	10464.84	38310.4296662
6.277	7184.53206469	10000.49	381002.478549	9487.793	41915.7993736	10545.41	34484.6127054
6.278	7405.16151592	9999.023	418362.294713	9544.922	58061.4826676	10524.9	38873.8749813
6.279	7401.78999261	9997.559	250241.48834	9461.426	56016.4173813	10497.07	45716.7716473
6.28	7106.59590001	9997.559	382595.713018	9486.328	43181.7212601	10485.35	45614.0925096
6.281	7473.45751212	9996.094	483722.529357	9500.977	41050.108022	10513.18	36781.1543986
6.282	7854.28163075	9994.629	329220.954717	9477.539	32690.4841522	10533.69	27490.5055331
6.283	7523.25669142	10000.49	405858.409596	9512.695	44241.7918643	10541.02	41177.2812493
6.284	7764.64040651	9999.023	382303.991616	9499.512	49873.3858113	10542.48	39524.6152866
6.285	7209.39638103	9997.559	332367.890471	9477.539	44638.5461918	10516.11	60811.3982886
6.286	6930.25135633	9997.559	362602.605897	9515.625	38486.2107225	10476.56	48423.2720516
6.287	6658.24888743	9996.094	398579.751897	9512.695	45333.3462251	10530.76	52785.4644362
6.288	7615.85039699	9994.629	311468.49975	9547.852	47055.3198556	10470.7	24683.476873
6.289	7492.49069206	9994.629	457703.336968	9500.977	45066.216294	10536.62	50789.4590754
6.29	7408.86230253	9999.023	300937.14029	9527.344	45162.6696592	10461.91	38896.8511453
6.291	7252.8106844	9997.559	219362.568998	9512.695	55723.464604	10508.79	31180.0286447
6.292	8024.18808296	9997.559	294663.231616	9465.82	68651.6424842	10492.68	43966.8734417
6.293	7193.91452582	9996.094	236257.060956	9493.652	39789.1688071	10498.54	37282.8343415
6.294	8038.31629523	9996.094	140611.235895	9487.793	71609.2932528	10498.54	35898.5904356
6.295	8220.9977489	9994.629	295087.410278	9517.09	49837.5102146	10495.61	43536.101303
6.296	8065.69050238	9999.023	182266.895454	9490.723	48898.805186	10513.18	54433.3672921
6.297	8176.68496299	9999.023	145101.183722	9534.668	29706.7678478	10514.65	44390.4103037
6.298	8077.48774733	9997.559	237105.718054	9489.258	38711.5812489	10500.0	48352.4795614
6.299	8643.99972772	9996.094	107518.661155	9480.469	64541.607311	10510.25	41964.3812609
6.3	21350.2932578	9971.191	118896.016465	9509.766	92166.3917217	10488.28	102818.257833
6.301	8534.3468671	9994.629	207737.002435	9455.566	59451.1505126	10476.56	60688.3627812
6.302	8379.26798622	10000.49	128000.086205	9462.891	49765.7141379	10464.84	52466.351128
6.303	8389.2629276	9999.023	165306.380352	9527.344	53786.5513323	10489.75	60422.5239821
6.304	9029.60529626	9997.559	120165.092544	9525.879	63510.8359495	10524.9	39214.4428189
6.305	8960.76935382	9996.094	110159.885623	9481.934	68722.8774683	10500.0	63139.7437001
6.306	9266.61166764	9996.094	103535.449259	9544.922	62364.3713685	10463.38	43870.118002
6.307	8730.63680715	9994.629	104013.825473	9509.766	53004.6194653	10495.61	47593.3618996
6.308	9515.67897212	10000.49	175269.04685	9531.738	38498.2285047	10502.93	61607.5718763
6.309	9672.1906317	9999.023	215496.207224	9537.598	39260.3242848	10494.14	65291.9920997
6.31	10075.6914361	10000.49	105630.270326	9524.414	84908.3543163	10527.83	43863.211096
6.311	10257.1070491	9997.559	246090.791585	9489.258	46672.0961963	10505.86	89819.7971212
6.312	10175.6740349	9996.094	134597.896188	9531.738	55197.3893429	10513.18	62507.1104327
6.313	9888.78275217	9994.629	216364.933711	9459.961	37086.4616382	10539.55	78703.2238306
6.314	10895.6269002	9994.629	307634.461607	9503.906	60959.631871	10529.3	50617.8339212
6.315	10520.1969107	9999.023	236286.929009	9462.891	49303.61305	10458.98	76587.8905068
6.316	10627.3534504	9999.023	336696.318427	9547.852	54527.337048	10456.05	89399.5177241
6.317	11650.6402318	9997.559	403164.754673	9524.414	92685.1834682	10510.25	88808.4255087
6.318	11644.9716777	9996.094	242048.7653	9462.891	55895.6045081	10505.86	62116.9654312
6.319	12415.0798561	9996.094	280905.705567	9527.344	57060.4002901	10456.05	45305.6469539
6.32	11488.1634086	9994.629	256141.131926	9528.809	65468.4169863	10473.63	79186.1554876
6.321	11781.3118693	10000.49	150757.772746	9476.074	105402.176458	10513.18	57204.6196664
6.322	12104.4594283	9999.023	344068.361733	9471.68	102397.178117	10482.42	142235.959819
6.323	12902.9259294	9997.559	222381.353491	9527.344	89659.8289354	10450.2	74004.1709877
6.324	13550.7844547	9996.094	323030.261029	9451.172	65424.5818346	10535.16	77342.8695488
6.325	12878.0667692	9996.094	215157.784359	9522.949	80173.0963029	10513.18	76121.23026
6.326	13679.6063757	9994.629	206964.528165	9480.469	116239.584625	10539.55	72426.7911609
6.327	12694.5802501	10000.49	99885.648965	9464.355	67608.8409007	10510.25	91166.5025541
6.328	13417.3606155	9999.023	283302.901381	9509.766	88814.7399243	10530.76	82840.6539041
6.329	14256.5234482	9997.559	298552.109864	9479.004	119105.917279	10527.83	122624.145264
6.33	13751.0018106	9997.559	270773.473934	9506.836	79651.2846093	10517.58	102466.142135
6.331	14696.2313403	9996.094	133701.772337	9499.512	129864.689169	10549.8	63300.7612958
6.332	14426.5299591	9994.629	161194.550999	9498.047	87575.9817102	10486.82	129987.191959
6.333	15276.9002059	10000.49	164725.798584	9520.02	102257.387579	10475.1	75923.7254382
6.334	15592.177837	9999.023	125062.002433	9522.949	67021.0842408	10539.55	115853.350597
6.335	15828.8467568	9997.559	151949.258546	9518.555	148725.851847	10545.41	93534.139605
6.336	14714.289608	10038.57	176575.264734	9544.922	105938.574864	10454.59	141583.302405
6.337	15473.3166266	9996.094	134754.695019	9512.695	83444.6643947	10467.77	120528.814189
6.338	16253.6710337	10015.14	123964.139916	9537.598	48056.3877043	10497.07	80579.1337695
6.339	16503.250379	9994.629	68456.8780536	9467.285	103167.484305	10491.21	98609.4771573
6.34	15962.6738017	9999.023	153660.756833	9539.062	182092.310439	10526.37	125166.974305
6.341	16849.0490569	9997.559	164401.352484	9544.922	106213.848865	10486.82	174773.462693
6.342	16817.0004829	9997.559	203412.810492	9481.934	76980.0394177	10543.95	103339.232413
6.343	17942.3950183	9996.094	203069.674111	9468.75	221828.818554	10517.58	81894.9310629
6.344	16611.6130667	10004.88	134115.759769	9474.609	99688.4409672	10482.42	119059.354776
6.345	17982.614854	10040.04	108990.079505	9525.879	116706.316388	10546.88	168990.191835
6.346	17008.565108	10032.71	113010.715522	9462.891	120202.835818	10546.88	65416.3084741
6.347	18361.7031248	9952.148	154113.545979	9471.68	79523.9999048	10533.69	94433.3235197
6.348	18357.1894627	9955.078	169457.205345	9498.047	113881.077049	10460.45	115216.745342
6.349	18138.1601252	10042.97	105191.700748	9533.203	92822.981738	10532.23	86898.7638802
6.35	18911.3038209	9996.094	82274.4532308	9492.188	96443.6427997	10472.17	162277.241422
6.351	18050.4622302	9987.305	77872.8223526	9500.977	108480.105793	10513.18	98481.6610226
6.352	16185.1366649	10000.49	148992.255171	9547.852	94713.2352315	10494.14	110438.402903
6.353	18450.234451	9977.051	80378.8129826	9489.258	158220.805754	10514.65	71279.9968702
6.354	17735.1846211	10013.67	159033.464042	9452.637	88607.8147807	10533.69	93417.4915502
6.355	19068.963432	10031.25	150120.4369	9499.512	89792.8773521	10495.61	182877.315389
6.356	17624.2918001	9979.98	130391.155943	9537.598	94166.4725971	10475.1	141404.491607
6.357	18040.627483	10009.28	108420.28771	9518.555	145158.634854	10532.23	86868.2345677
6.358	17159.267452	10042.97	73153.0011832	9498.047	134874.63308	10460.45	156612.45212
6.359	17355.1133218	10048.83	60125.3440006	9471.68	142805.671863	10478.03	118168.046154
6.36	17270.1128111	10029.79	113882.464657	9452.637	141679.461219	10500.0	149838.319514
6.361	18379.8204945	9996.094	84009.742165	9527.344	63491.3353333	10472.17	90769.0045643
6.362	16795.2395613	9978.516	96488.6007784	9533.203	110151.052594	10485.35	60613.5119949
6.363	17162.0000138	10040.04	73389.3859091	9477.539	112873.19668	10489.75	121138.183097
6.364	16662.6612073	10013.67	129966.338495	9474.609	136860.729638	10533.69	140209.858376
6.365	16350.3364058	9963.867	89058.0204554	9520.02	73334.0251026	10458.98	136528.530899
6.366	16418.4194494	10000.49	178865.316286	9495.117	85439.5961786	10491.21	73517.4432453
6.367	17130.7204457	10048.83	51279.7078544	9489.258	139673.132468	10526.37	111498.229593
6.368	15842.6853115	9996.094	114187.129612	9451.172	95793.2279568	10478.03	106061.872165
6.369	15216.2599221	10040.04	128567.33369	9537.598	122339.437902	10507.32	113814.718487
6.37	15032.5793501	9994.629	196313.274295	9539.062	103254.466007	10489.75	75691.4670568
6.371	13976.2338133	10004.88	79451.5284456	9484.863	66354.8879997	10467.77	160445.099952
6.372	14155.3914588	10010.74	74096.2661863	9459.961	58797.9061831	10470.7	106647.927207
6.373	14185.1334171	9991.699	100335.408446	9503.906	121808.187504	10539.55	76227.7448281
6.374	13323.8909206	9974.121	65135.1358217	9457.031	124964.966022	10461.91	73295.940912
6.375	13660.2613118	10018.07	55784.1806695	9457.031	95026.8748531	10478.03	119426.883131
6.376	13145.63684	9978.516	80083.6141502	9481.934	66060.567439	10516.11	82174.51644
6.377	12419.3390989	10000.49	144906.247446	9544.922	73526.279373	10458.98	56734.0996599
6.378	12089.0221098	9997.559	94561.4311615	9537.598	167533.197229	10539.55	103481.74579
6.379	12628.961015	9965.332	49461.460361	9480.469	68988.4482427	10539.55	53053.3404701
6.38	13177.5937178	9985.84	75193.287381	9480.469	72849.7581712	10458.98	87400.4922974
6.381	12169.8872439	9996.094	71398.8322048	9541.992	144126.719749	10527.83	94869.5897452
6.382	11939.415051	10021.0	57945.2203444	9518.555	77857.9219788	10451.66	72245.0435818
6.383	12562.3742459	9975.586	60915.6173158	9524.414	87824.2391856	10480.96	84655.0723779
6.384	10913.3696185	9999.023	137882.998818	9458.496	61212.6389906	10543.95	48170.7041317
6.385	11793.3641465	9997.559	114277.440367	9521.484	85675.5915913	10520.51	73381.8207824
6.386	11569.1632077	9977.051	96105.9157982	9455.566	47969.6711176	10458.98	76845.3880243
6.387	11087.5723245	10041.5	120157.85984	9511.23	56247.4276709	10463.38	51598.3042762
6.388	11446.1242609	9996.094	120293.827108	9481.934	74619.4213164	10479.49	65083.8300167
6.389	11638.6366058	9994.629	123909.777036	9471.68	99854.2010398	10548.34	60599.3794029
6.39	11538.6223961	9999.023	151632.86313	9468.75	50466.1366147	10524.9	71900.0352886
6.391	11224.2446616	9999.023	187985.138468	9476.074	48844.795137	10539.55	79009.860135
6.392	11230.0766789	9997.559	317492.44955	9536.133	65196.5635388	10532.23	78481.4253014
6.393	10898.1150547	9996.094	114267.49762	9524.414	100698.935472	10536.62	78790.085187
6.394	11967.5909011	9996.094	242787.166708	9515.625	98893.1497695	10466.31	61152.1926251
6.395	11052.8838827	9994.629	260811.250396	9493.652	65554.8681283	10483.89	71058.4652532
6.396	11388.2403615	10045.9	74843.3385109	9483.398	65898.5947332	10530.76	74022.7643633
6.397	11238.2764443	9999.023	277511.681006	9465.82	81421.6734384	10453.12	98785.0815177
6.398	11052.6336538	10010.74	110937.370004	9451.172	54029.5807002	10476.56	54133.7169769
6.399	12012.7694069	9996.094	158178.654937	9498.047	64498.0051514	10541.02	93784.1356553
6.4	11391.5044481	9996.094	134707.88846	9531.738	86793.7818947	10492.68	60857.8576287
6.401	12674.8154	9994.629	129754.533061	9503.906	40054.1426252	10527.83	67377.8756976
6.402	12581.1394182	10000.49	105453.446055	9457.031	90841.7696555	10478.03	66170.9024083
6.403	12640.4300823	9999.023	114618.541026	9514.16	117561.159457	10470.7	73713.463845
6.404	12171.7102196	9997.559	117086.247139	9473.145	73867.6734953	10485.35	68541.7394217
6.405	12928.2335692	9997.559	117231.476843	9500.977	84970.3625976	10476.56	93784.6738756
6.406	13330.2085306	9996.094	150931.541135	9492.188	63551.885338	10483.89	61770.6626266
6.407	13293.1072202	9994.629	98791.004215	9502.441	70889.6151709	10520.51	91070.0905257
6.408	12766.9138285	10000.49	184534.963034	9454.102	88617.3427034	10489.75	94136.6630616
6.409	13223.6724725	9999.023	158039.253979	9473.145	124525.111091	10456.05	85436.530054
6.41	14409.1055208	9997.559	240526.988719	9467.285	125546.160525	10538.09	97864.1422393
6.411	13358.0596338	10012.21	158125.822954	9455.566	112305.952458	10511.72	78482.8386955
6.412	13794.2543717	9996.094	169641.513749	9502.441	97496.1688603	10548.34	108520.193541
6.413	14708.8310443	9956.543	73052.2861213	9495.117	118133.610637	10548.34	93655.8219985
6.414	14918.969328	9994.629	103878.393288	9481.934	101174.559873	10514.65	84226.4013975
6.415	14711.3675128	10019.53	87846.5504656	9509.766	83572.894998	10543.95	69601.5163536
6.416	15089.0085054	9997.559	180831.966868	9454.102	154633.850662	10502.93	137197.303356
6.417	15602.5750989	9997.559	171966.108818	9539.062	148736.828216	10476.56	103566.160213
6.418	16347.9260437	10026.86	149512.84983	9505.371	115853.950648	10526.37	74831.6176183
6.419	16004.5047259	10032.71	130137.811212	9471.68	104084.617779	10535.16	124841.898649
6.42	15669.872489	9994.629	296101.837238	9520.02	120285.764523	10548.34	98363.4655733
6.421	15910.0204358	9966.797	80566.7789076	9468.75	118216.719925	10507.32	126821.114851
6.422	16124.5342479	9999.023	108319.366279	9451.172	87925.6535099	10483.89	118386.657454
6.423	17242.0487904	9969.727	120465.908334	9467.285	111812.265058	10546.88	122487.401984
6.424	17135.9415751	9997.559	250179.253462	9547.852	108504.449018	10527.83	96684.2996249
6.425	16469.2352283	9987.305	152664.00208	9534.668	73336.6134334	10482.42	108277.37567
6.426	16522.9679716	9966.797	106999.981604	9483.398	121903.207946	10533.69	136200.344948
6.427	16494.652535	10000.49	178664.189152	9511.23	107057.003965	10526.37	167815.342941
6.428	16155.0659471	9999.023	121783.083341	9455.566	126602.99435	10497.07	98593.3290275
6.429	16613.1714829	9981.445	113512.356259	9458.496	81372.1707678	10450.2	100427.347099
6.43	16464.8151046	10009.28	67729.1834111	9527.344	83961.0846863	10511.72	71311.4619815
6.431	16155.395715	9996.094	204942.763407	9506.836	133620.736388	10505.86	110283.94163
6.432	15664.7579629	9994.629	133096.207609	9492.188	107176.080047	10527.83	93247.2259943
6.433	16628.2350858	10000.49	123657.306013	9483.398	146224.789324	10469.24	155691.691488
6.434	15980.3034616	9977.051	98141.6701907	9549.316	55867.2308604	10536.62	95057.1433545
6.435	16416.1676285	10007.81	85746.9343122	9455.566	96147.9582828	10483.89	103033.490162
6.436	16005.1760454	9997.559	122991.740548	9512.695	115727.953635	10511.72	75847.6364007
6.437	16354.9720251	9996.094	198800.494558	9528.809	83173.5853523	10502.93	111434.010314
6.438	15674.3428217	10023.93	186314.614692	9476.074	171528.489345	10513.18	84233.2498105
6.439	16141.7471005	9994.629	121747.50641	9546.387	83775.5638775	10502.93	72284.3409161
6.44	16071.0035232	9999.023	92902.1522201	9490.723	149558.844114	10453.12	87960.7109966
6.441	15627.7794675	10006.35	182708.567334	9537.598	51559.213145	10507.32	130165.088186
6.442	14639.2844846	9997.559	110280.447029	9528.809	135386.222294	10480.96	125751.092502
6.443	15900.5964556	10045.9	119899.198216	9481.934	87499.261318	10530.76	109979.059578
6.444	15013.5214121	9952.148	76765.8968596	9509.766	91872.5577253	10548.34	93743.8770685
6.445	14691.0022219	9994.629	200593.751291	9505.371	84355.8322504	10497.07	85453.3170262
6.446	15302.5445074	10000.49	87690.5057713	9525.879	74838.8293754	10458.98	97410.5078635
6.447	13930.5647501	10022.46	96201.2993814	9492.188	71533.7717252	10523.44	139704.63982
6.448	13981.4325918	10000.49	90417.539533	9509.766	71235.8783649	10454.59	63163.4434649
6.449	13878.1888161	9978.516	129074.023708	9476.074	76853.7311625	10488.28	54884.1223853
6.45	14546.0804627	9994.629	112501.209855	9461.426	101873.459874	10479.49	89882.4105583
6.451	12938.6824283	9987.305	84662.452124	9540.527	106978.254606	10495.61	56642.2688169
6.452	13626.519953	9981.445	69242.9083787	9455.566	62802.3334458	10538.09	141716.549632
6.453	12813.9204886	9990.234	161175.373826	9476.074	71213.9968073	10460.45	99143.7183693
6.454	12996.7656967	9982.91	66744.9408632	9492.188	95313.8993881	10510.25	134358.654723
6.455	12318.2396285	10010.74	103413.81473	9544.922	121535.681033	10548.34	125246.536593
6.456	13112.3516763	10018.07	66905.8429202	9515.625	86002.8045939	10501.46	72427.7494935
6.457	12407.5495251	9952.148	90220.015158	9498.047	107505.796164	10504.39	95823.68187
6.458	11874.480361	10006.35	66579.8833813	9531.738	84399.3638718	10451.66	60650.2599045
6.459	12579.5901303	9999.023	67820.9924833	9467.285	75324.7621837	10464.84	66169.5525323
6.46	12345.24813	9999.023	104203.338181	9530.273	69117.480972	10513.18	77079.3436107
6.461	12487.6522374	9997.559	92133.69233	9518.555	78242.739165	10479.49	107677.646629
6.462	11069.3686612	10035.64	60441.5644462	9537.598	59116.3763549	10478.03	69638.3783165
6.463	11358.6939579	9952.148	75139.5840098	9546.387	45571.609785	10519.04	67294.2425586
6.464	10430.0832508	9994.629	99040.2414063	9459.961	104026.057559	10500.0	59209.7387636
6.465	11047.2504589	9968.262	71464.4598464	9489.258	54248.472663	10517.58	45750.0847023
6.466	11290.7064226	10035.64	82586.9071737	9506.836	55767.3870375	10530.76	62631.9695767
6.467	10531.9010881	9991.699	72219.741763	9544.922	50556.7293978	10451.66	108098.005342
6.468	10823.5930357	10044.43	108926.056962	9496.582	41469.6320564	10517.58	85589.875106
6.469	10602.8369444	9979.98	81273.6298975	9467.285	70274.3767958	10488.28	35920.6063114
6.47	9910.61533134	9977.051	46572.5474075	9489.258	45473.7072783	10542.48	56777.9845354
6.471	9582.58699996	9990.234	44306.9563373	9549.316	62282.2179492	10536.62	70791.8235938
6.472	9899.84488797	9952.148	48949.5067745	9465.82	76392.9781388	10498.54	55334.1411384
6.473	9385.69418952	10041.5	85802.4889799	9511.23	106341.012544	10545.41	50985.5802248
6.474	8606.7439865	9996.094	61547.0752578	9489.258	54677.4432998	10456.05	75656.2078106
6.475	8892.81892465	9997.559	67452.8248819	9549.316	28608.1498941	10538.09	54390.5681972
6.476	9065.5589838	10006.35	57622.3745348	9511.23	54233.8279026	10536.62	55140.5697048
6.477	8636.64836115	10034.18	96380.9287517	9473.145	38387.1847252	10457.52	78875.4384332
6.478	8956.78724236	9999.023	79088.4193528	9533.203	44747.590338	10478.03	73070.6034805
6.479	8754.68321805	9997.559	66646.7725747	9493.652	40827.9654167	10488.28	61109.2548699
6.48	7878.01839104	9997.559	53668.7556947	9533.203	58563.8660145	10549.8	39306.3787599
6.481	7860.77815136	10013.67	41959.1805712	9487.793	43893.6878193	10482.42	52115.9835826
6.482	8622.39079466	9952.148	68882.8601198	9465.82	53017.4852041	10510.25	38302.7259957
6.483	8177.34541676	10000.49	66134.3097367	9544.922	61736.4581905	10491.21	29547.9014496
6.484	8129.60893719	10031.25	68344.5450557	9454.102	73762.3697475	10476.56	49123.7608757
6.485	7768.56181633	9999.023	67617.1594326	9474.609	55367.9340643	10523.44	39909.0824616
6.486	7464.52426195	10031.25	41438.0733138	9527.344	56314.2596421	10476.56	38957.7572955
6.487	7704.95326558	9996.094	78893.3429753	9489.258	87413.132854	10532.23	36581.1948294
6.488	7054.66028754	10044.43	58830.843066	9546.387	40643.4838853	10476.56	45180.9458459
6.489	7431.89565844	9994.629	82387.8622682	9521.484	33645.0356236	10533.69	43602.195462
6.49	7372.1871857	9999.023	57862.0174923	9524.414	50469.3616946	10536.62	46999.1980762
6.491	7165.56270829	10041.5	58946.1678047	9499.512	52047.0836642	10456.05	31246.6521217
6.492	7280.17364876	9997.559	44794.4038422	9483.398	39014.7250272	10491.21	64491.6279862
6.493	7420.17600672	9999.023	29401.2416247	9452.637	43675.2736499	10539.55	35495.298614
6.494	6819.09498019	10045.9	45018.9793768	9536.133	37987.02204	10472.17	32770.9842176
6.495	7049.16761436	9994.629	57506.5208276	9455.566	48457.2204854	10543.95	48067.2364888
6.496	7242.36355381	10009.28	29077.2633428	9481.934	33377.7803112	10454.59	39697.0915174
6.497	6617.60736589	9999.023	80375.3502816	9481.934	65260.0205796	10483.89	44775.6839108
6.498	6185.51296551	10006.35	38261.1316838	9473.145	27597.4205528	10479.49	38628.6342548
6.499	6951.81400393	9979.98	29053.7981975	9524.414	36593.7126135	10538.09	36156.8474121
