# This is using continuous laser light, no modulation
5.5	32.9327420342	9996.094	472.907799638	9468.75	411.660910941	10497.07	213.52554565
5.501	35.6803321069	9994.629	357.125833539	9451.172	246.01284585	10497.07	244.798021788
5.502	33.172010694	10000.49	234.67016889	9500.977	248.477310632	10521.97	180.041893808
5.503	32.1333422826	9999.023	313.392971226	9503.906	194.244311561	10495.61	162.72092443
5.504	33.4220803634	9997.559	341.44853354	9455.566	319.280734315	10464.84	195.276127315
5.505	46.5456255732	10031.25	526.699185053	9474.609	229.379750117	10480.96	353.099457523
5.506	34.6466467441	10028.32	223.957623664	9515.625	258.132553483	10514.65	319.210664146
5.507	32.9454490706	9994.629	439.707177085	9537.598	176.852369214	10470.7	120.889509676
5.508	30.0940503626	10000.49	452.363250925	9499.512	278.293577065	10510.25	207.774673274
5.509	33.8104467585	9999.023	356.631741153	9512.695	191.013285099	10475.1	171.030012519
5.51	31.0146260093	9999.023	316.81299656	9517.09	288.061286355	10458.98	349.725478821
5.511	33.3901867037	9997.559	414.756324494	9474.609	258.048700273	10491.21	169.942530488
5.512	31.5565658599	9996.094	217.076926545	9512.695	274.905767906	10542.48	153.174623933
5.513	31.8758956784	9978.516	149.625937155	9546.387	233.485651855	10453.12	304.381922869
5.514	32.3354481893	10042.97	219.346966239	9547.852	237.560284359	10501.46	188.342340858
5.515	30.6087508683	9999.023	329.102592831	9479.004	209.605233152	10480.96	167.081015469
5.516	30.1260395673	9997.559	338.307509905	9489.258	257.550564329	10497.07	186.972734776
5.517	30.0099402042	9997.559	277.3067939	9546.387	273.836040162	10548.34	131.475219936
5.518	29.9127549333	9996.094	249.415029383	9530.273	223.584582023	10535.16	238.267692517
5.519	31.070662707	9972.656	208.575167596	9452.637	152.00420465	10545.41	231.568936727
5.52	30.7585042657	10021.0	239.286935252	9546.387	185.120357915	10463.38	242.619341928
5.521	29.7267933052	10028.32	201.536609021	9495.117	262.420750625	10457.52	336.025836749
5.522	30.4404319775	10035.64	196.360674001	9496.582	144.29901721	10456.05	193.406130968
5.523	30.0853491348	9956.543	196.184544462	9470.215	241.140852233	10492.68	239.35032921
5.524	30.791131961	9997.559	235.482559493	9492.188	211.404501216	10500.0	188.21806809
5.525	28.7507075718	9959.473	168.233699983	9508.301	140.371953026	10504.39	210.442854839
5.526	32.0329372898	10012.21	172.914283692	9540.527	143.714815679	10492.68	213.075597014
5.527	30.1492552818	9955.078	200.87255573	9486.328	129.726541071	10497.07	210.674396474
5.528	30.0909078941	10012.21	187.002249365	9477.539	159.95470136	10545.41	218.186433274
5.529	29.8809398035	9985.84	169.296606941	9518.555	272.780164598	10491.21	210.188492562
5.53	29.5835762372	9997.559	258.676777415	9509.766	158.424119616	10467.77	173.821242022
5.531	29.8683441399	9999.023	315.43657492	9549.316	110.608914102	10494.14	157.331276069
5.532	28.2890933853	9994.629	240.864019787	9549.316	166.349942893	10453.12	176.140991492
5.533	28.35641273	10000.49	366.787239617	9549.316	155.693164404	10500.0	163.155790193
5.534	28.5716553586	10047.36	223.092160632	9476.074	202.425407313	10482.42	277.291595787
5.535	28.1222572918	9999.023	408.906020317	9454.102	186.898031249	10479.49	184.314922838
5.536	28.015082563	9997.559	487.816902924	9458.496	182.679836278	10494.14	253.101535632
5.537	29.8247605735	9996.094	410.140357365	9452.637	180.706294242	10501.46	336.891939969
5.538	29.4545727326	9994.629	541.582512636	9541.992	272.101093195	10508.79	135.681881715
5.539	29.0422017022	9994.629	776.84964156	9473.145	128.34876133	10524.9	129.406565321
5.54	28.1623457458	9999.023	408.439877676	9547.852	230.724746535	10451.66	235.484823866
5.541	33.4075015445	9999.023	717.210405445	9451.172	427.359140471	10533.69	174.136611997
5.542	29.406724358	9997.559	663.501742215	9451.172	237.74989062	10470.7	224.363965059
5.543	29.7007448962	9996.094	456.769791951	9459.961	139.430431645	10457.52	130.876830878
5.544	28.567632532	9996.094	374.472432673	9520.02	244.066239277	10533.69	196.916054611
5.545	30.088916086	9994.629	487.695192814	9489.258	192.206345211	10488.28	199.355498711
5.546	26.4606266043	9999.023	474.072761577	9515.625	246.258398069	10475.1	179.375215697
5.547	29.1508108971	9999.023	361.454566496	9524.414	247.961284058	10500.0	224.742088606
5.548	27.2842865433	9997.559	440.183785676	9499.512	208.605011226	10533.69	280.98470943
5.549	27.6307222931	9996.094	531.108486555	9464.355	159.393233698	10530.76	255.660586068
5.55	28.0587185794	9996.094	521.816696071	9489.258	169.015761771	10470.7	143.097105002
5.551	28.9167161214	9994.629	351.73556202	9451.172	167.082904523	10498.54	182.930848635
5.552	28.7635017873	9999.023	349.695686413	9543.457	231.081592809	10549.8	364.288253014
5.553	25.5890799768	9999.023	525.736979109	9473.145	189.349436554	10479.49	168.166482149
5.554	27.4764389561	10040.04	320.910235794	9503.906	105.276809173	10502.93	130.60434183
5.555	27.4462729102	10025.39	228.934006862	9500.977	143.154175397	10479.49	190.640750622
5.556	563.502240169	10029.79	5247.63896221	9452.637	3038.01592901	10461.91	3901.47306411
5.557	29.0780551433	9994.629	521.523418376	9457.031	171.99359457	10485.35	220.069741193
5.558	25.8897295175	10000.49	590.946446007	9508.301	127.659708692	10548.34	200.571027327
5.559	26.1435316362	9999.023	395.37062711	9530.273	153.843834038	10467.77	112.564581475
5.56	24.3011322481	9997.559	715.172626096	9470.215	152.518658206	10526.37	205.614422801
5.561	26.5757317487	9997.559	644.785193561	9546.387	213.675164706	10456.05	137.457611427
5.562	26.3050118379	9996.094	716.367343601	9489.258	122.350817183	10495.61	226.274375503
5.563	29.2215556739	9996.094	734.053625263	9459.961	138.649332494	10488.28	140.743081641
5.564	27.2761429347	9994.629	1061.83073543	9462.891	130.391033823	10461.91	171.190989473
5.565	27.1841915654	9999.023	791.887476712	9458.496	252.628417112	10507.32	195.835293441
5.566	26.7535486518	9999.023	979.697844913	9520.02	136.520801794	10546.88	148.310617178
5.567	25.1479787934	9997.559	1330.31770125	9518.555	339.208476547	10538.09	268.698172592
5.568	24.8268347299	9996.094	1452.95181646	9509.766	134.864290205	10514.65	141.337330641
5.569	26.9248981841	9996.094	1537.66774187	9546.387	164.673427455	10480.96	124.509954042
5.57	26.3616509237	9994.629	2291.84951723	9493.652	158.376800316	10539.55	271.559951716
5.571	27.7917099409	9999.023	1731.12833795	9502.441	206.315117	10476.56	168.992054312
5.572	26.25311396	9999.023	1969.80477778	9512.695	163.268386628	10482.42	204.43808845
5.573	26.980823904	9997.559	1859.15503711	9483.398	212.015155308	10454.59	140.474873001
5.574	26.714315313	9997.559	1976.32784725	9536.133	114.208055659	10526.37	173.191814873
5.575	28.0045050816	9996.094	1506.13273563	9521.484	109.093863896	10450.2	186.101489855
5.576	27.4029772775	9994.629	1535.30137521	9487.793	107.862154389	10517.58	185.023906182
5.577	26.0940145585	10000.49	1407.62648198	9528.809	209.667208005	10538.09	190.336260325
5.578	26.2159740397	9999.023	1435.05182117	9509.766	109.970353931	10461.91	249.022863036
5.579	26.5497785845	9997.559	1136.57938436	9527.344	192.672576861	10523.44	189.955980563
5.58	27.3594343191	9997.559	682.743395285	9455.566	175.673972903	10519.04	171.681234319
5.581	24.8939548948	9996.094	968.889115576	9524.414	224.480790053	10532.23	109.920840981
5.582	26.5525085107	9994.629	823.459000882	9549.316	83.4384378018	10467.77	255.144458713
5.583	26.4098541638	10000.49	1093.5223338	9484.863	168.960815614	10511.72	128.114528037
5.584	27.8997579165	9999.023	891.038393939	9481.934	164.315360817	10472.17	200.876146562
5.585	24.9004180474	9997.559	838.425306231	9498.047	200.679503047	10480.96	125.676381544
5.586	26.4492266298	9997.559	1295.51232546	9518.555	158.413653284	10489.75	114.370146764
5.587	27.6764807672	9996.094	978.220588763	9514.16	104.12475817	10476.56	199.26099705
5.588	27.0707189516	9994.629	664.483944374	9514.16	189.378209117	10458.98	100.806411981
5.589	25.0540871104	9994.629	1156.3653721	9468.75	180.271301529	10523.44	177.912909275
5.59	27.6246233112	9999.023	776.495052877	9465.82	292.895073275	10511.72	189.918622452
5.591	25.6866294675	9999.023	768.524745757	9495.117	222.241708942	10504.39	106.660386931
5.592	26.577620478	9997.559	1066.27197895	9521.484	179.872496549	10542.48	144.570031854
5.593	26.6382316242	9996.094	1123.04394067	9465.82	255.46680937	10548.34	168.08228268
5.594	27.317240164	9996.094	555.973443771	9480.469	153.026305626	10507.32	161.110556801
5.595	27.0134515515	9994.629	1608.05310182	9520.02	196.276969391	10464.84	162.909579528
5.596	26.1108655316	9999.023	809.728248775	9547.852	243.151554259	10501.46	172.07358019
5.597	27.0746914351	9999.023	1545.21850324	9498.047	222.758826392	10485.35	169.792798086
5.598	28.0546701782	9997.559	1989.07760576	9483.398	159.680752733	10546.88	145.276054155
5.599	27.3070613624	9996.094	1676.34539908	9462.891	194.687566568	10526.37	150.639368315
5.6	2886.76980216	9962.402	23571.5094906	9476.074	29113.1131513	10486.82	32243.9546768
5.601	27.730379586	9994.629	2019.3299852	9525.879	142.257800418	10488.28	208.994496011
5.602	25.291547417	10000.49	1603.46649643	9537.598	191.070989191	10470.7	123.58432452
5.603	26.5776493155	9999.023	2026.4094715	9479.004	167.555613706	10505.86	151.696273525
5.604	28.5166991629	9997.559	2107.97162321	9471.68	181.023227246	10536.62	163.539189669
5.605	27.8286358424	9997.559	1742.36742584	9525.879	165.718821086	10520.51	207.326940717
5.606	31.2696291509	9996.094	2596.00824963	9459.961	163.595863083	10466.31	176.472893968
5.607	29.4483720603	9994.629	2174.20098102	9499.512	142.626197011	10450.2	167.930654749
5.608	28.1290120821	10000.49	2449.37428594	9537.598	118.778429032	10508.79	210.10675109
5.609	28.1942329032	9999.023	1899.32747221	9528.809	217.642355627	10519.04	172.763866066
5.61	28.1513433507	9997.559	1374.25247464	9502.441	163.817868598	10488.28	103.727285332
5.611	29.4092186493	9997.559	2266.76789113	9541.992	132.38952968	10527.83	158.233322461
5.612	28.3970477078	9996.094	2086.49748788	9520.02	130.370966561	10502.93	277.207927722
5.613	28.9430172226	9994.629	1797.01931436	9496.582	313.324439108	10511.72	168.96558049
5.614	29.5362440737	9994.629	2138.87561048	9506.836	173.300524044	10456.05	229.325937878
5.615	76.8136558781	9999.023	2436.05186743	9536.133	216.810707888	10451.66	599.410257813
5.616	29.5711260384	9999.023	1862.19142396	9464.355	320.61138324	10492.68	193.947801358
5.617	31.0918565363	9997.559	2735.18756531	9537.598	133.922636015	10524.9	277.248407577
5.618	32.8768793702	9996.094	1507.67293359	9502.441	207.84384816	10467.77	321.579749463
5.619	30.3866785399	9996.094	1919.80007222	9486.328	180.270193832	10476.56	147.3018379
5.62	34.1784109436	9994.629	2637.63333585	9503.906	197.552654335	10532.23	271.866333023
5.621	31.4814531791	9999.023	1898.45885366	9549.316	172.399887132	10542.48	180.66207861
5.622	32.0669295139	9999.023	2247.79726189	9515.625	193.636369314	10478.03	175.98585852
5.623	34.4790072561	9997.559	1698.26238798	9471.68	136.967265711	10511.72	203.139639878
5.624	35.8058103618	9996.094	1797.26821162	9511.23	305.911302398	10535.16	398.026386099
5.625	35.2536273357	9996.094	1861.18082721	9549.316	157.549900636	10526.37	189.102093261
5.626	34.0187268097	9994.629	1567.62771666	9521.484	182.802464353	10526.37	258.070278673
5.627	713.930983697	9956.543	1960.85489409	9455.566	855.504013777	10520.51	2809.82523833
5.628	29.1937807987	9999.023	1540.73252958	9464.355	167.620162243	10478.03	171.040619716
5.629	26.4064356514	9997.559	2287.06330999	9461.426	133.196637497	10467.77	147.776393062
5.63	25.63249129	9997.559	2161.93284769	9524.414	125.880318115	10510.25	104.43663154
5.631	24.7254512608	9996.094	2308.90690282	9454.102	149.639211948	10498.54	123.932688275
5.632	23.1564832377	9994.629	1844.45180716	9521.484	252.598726739	10467.77	139.61132319
5.633	26.0025950349	10000.49	2206.05112954	9470.215	90.9148142894	10501.46	183.42663777
5.634	126.420782334	9999.023	1558.50587194	9489.258	573.412860906	10513.18	674.417587737
5.635	24.2608006147	9997.559	1607.30305263	9503.906	208.215554605	10472.17	223.138531633
5.636	23.9645334635	9997.559	1465.3326687	9458.496	149.36377534	10482.42	173.777752502
5.637	24.4181947368	9996.094	1894.16387234	9544.922	123.643045332	10542.48	125.160025975
5.638	24.1891540734	9994.629	1466.58569412	9490.723	79.6876519434	10469.24	265.880798177
5.639	27.1038852635	9994.629	1321.98816951	9477.539	159.45767671	10511.72	203.520536245
5.64	28.1444638108	9999.023	1821.42756266	9452.637	86.1390481434	10505.86	244.931379494
5.641	25.3767315611	9999.023	1123.21606834	9531.738	161.349587766	10529.3	214.694634011
5.642	25.0245622539	9997.559	1753.13730963	9465.82	188.238200726	10482.42	197.867089474
5.643	24.8462780312	9996.094	1598.52316061	9506.836	191.651624899	10510.25	107.48057413
5.644	24.3248370562	9996.094	1106.83023487	9541.992	185.72623416	10524.9	118.344445353
5.645	1489.1225151	10001.95	9076.40297171	9544.922	9565.6354402	10511.72	11420.1862257
5.646	26.3293431057	9999.023	1459.81451598	9539.062	111.778132552	10510.25	200.041555439
5.647	23.9666911465	9999.023	1899.10403691	9474.609	137.843068404	10548.34	136.03787476
5.648	24.3190851631	9997.559	1703.03727164	9500.977	235.609099572	10505.86	226.426935361
5.649	25.46022024	9996.094	1004.6742027	9517.09	113.761137748	10453.12	144.145826532
5.65	24.8902852687	9996.094	1627.0393081	9454.102	154.192222349	10476.56	232.863561788
5.651	24.6597379308	9994.629	1412.13230086	9531.738	146.215820952	10470.7	185.476935469
5.652	24.0450469669	10000.49	1483.39314249	9541.992	178.673771522	10478.03	146.042328805
5.653	25.207579759	9999.023	1897.34727967	9499.512	148.350919629	10495.61	223.928043502
5.654	23.6468764809	9997.559	1812.70394846	9520.02	126.388269698	10494.14	184.688449267
5.655	25.1120952332	9997.559	1636.21213171	9464.355	170.894263641	10545.41	167.117934404
5.656	25.7110873272	9996.094	1163.81272009	9467.285	179.911146659	10461.91	132.808245715
5.657	25.0759270357	9994.629	1004.39629254	9518.555	182.672893007	10546.88	231.07825877
5.658	30.1787270891	10000.49	1003.44834854	9546.387	204.521377712	10533.69	207.020351853
5.659	26.4787119088	9999.023	1050.80118076	9522.949	183.322280797	10526.37	160.053798848
5.66	24.3393561878	9997.559	751.20313031	9499.512	155.837546697	10548.34	175.036464419
5.661	23.1505838709	9997.559	696.549516576	9525.879	99.6185541228	10464.84	141.86319469
5.662	25.2247763923	9996.094	351.144948271	9521.484	136.615163714	10461.91	143.753980798
5.663	24.7311085993	9994.629	223.078176662	9481.934	128.586061338	10489.75	105.760251663
5.664	23.94650637	9994.629	486.580487446	9506.836	124.237330306	10495.61	206.333803886
5.665	24.7261344285	9999.023	275.766390231	9527.344	108.50592407	10495.61	153.52407789
5.666	25.8949557774	10042.97	154.420665362	9467.285	159.133911392	10510.25	134.870545424
5.667	75.1950496314	9997.559	735.505680496	9483.398	304.403907935	10453.12	382.926582669
5.668	24.890027825	9996.094	502.782761294	9465.82	142.102454685	10548.34	167.663529444
5.669	25.8476406886	9996.094	820.545252204	9533.203	89.1089172691	10548.34	145.901486445
5.67	24.6130178035	9994.629	797.046802016	9518.555	132.079336731	10505.86	170.63681561
5.671	25.0250753853	9999.023	446.654788841	9484.863	132.894120428	10450.2	302.225166668
5.672	26.2484831179	9999.023	774.293836215	9520.02	181.544781556	10530.76	143.012852668
5.673	26.006637316	9997.559	950.847843543	9451.172	116.935181199	10527.83	185.800724281
5.674	26.4137871687	9996.094	1711.87139624	9477.539	203.783365554	10469.24	160.70437627
5.675	24.2958890649	9996.094	1812.34831823	9458.496	190.162890573	10507.32	205.282724074
5.676	27.0391572671	9994.629	1523.79336739	9451.172	113.235542389	10495.61	234.325297749
5.677	26.7613893368	10000.49	1709.93991505	9495.117	157.469249665	10520.51	142.000185532
5.678	27.8297436076	9999.023	2083.07460047	9528.809	299.503772335	10514.65	132.259562069
5.679	28.4152779256	9997.559	1572.1919007	9505.371	206.222360761	10514.65	95.7109700111
5.68	28.6668961201	9997.559	1670.15688074	9514.16	140.054911258	10541.02	241.179128244
5.681	27.8682460503	9996.094	2064.45605481	9498.047	175.577297097	10491.21	121.56217093
5.682	31.2763749249	9994.629	2245.09472486	9490.723	196.742769877	10523.44	207.26546026
5.683	29.2967728506	10000.49	2210.69005339	9451.172	244.976717781	10541.02	183.698410252
5.684	32.9131380761	9999.023	2458.96403866	9496.582	311.080885181	10536.62	248.61122125
5.685	31.9206153566	9997.559	2555.32232266	9543.457	203.180597561	10501.46	299.198633852
5.686	34.319738879	9997.559	4040.15286224	9517.09	193.328450215	10532.23	236.386109037
5.687	32.008109589	9996.094	3132.7983282	9522.949	296.918263999	10480.96	190.001240554
5.688	38.6651168249	9994.629	2717.98651593	9484.863	241.054330343	10470.7	206.941981569
5.689	43.0044517627	9994.629	2855.48640338	9527.344	162.140213502	10460.45	192.529081471
5.69	42.2355249073	9999.023	3406.59983336	9537.598	290.83320479	10475.1	399.791561279
5.691	44.4908014038	9999.023	2590.75799462	9547.852	311.096975833	10549.8	207.349208727
5.692	45.5857668628	9997.559	2456.3606871	9484.863	238.228026859	10517.58	138.809100049
5.693	43.0430674547	9996.094	2617.45290433	9549.316	283.370244161	10472.17	237.790661397
5.694	42.6977460493	9996.094	1899.77422933	9468.75	226.152738566	10533.69	302.08030606
5.695	45.0849753993	9994.629	1338.26003694	9457.031	232.343209036	10538.09	404.293432344
5.696	45.4271384927	9999.023	1029.43661189	9470.215	504.022669925	10495.61	373.695184067
5.697	44.5706464527	9999.023	541.732083455	9509.766	241.148216544	10467.77	425.059304447
5.698	42.4677031484	9991.699	378.291834303	9520.02	405.688804348	10454.59	476.854602014
5.699	46.8986169468	9969.727	278.618152254	9498.047	259.789222975	10483.89	468.792000626
5.7	47.977810115	10045.9	237.562750378	9457.031	262.174072097	10456.05	183.500315762
5.701	43.0290108257	10023.93	246.016772979	9540.527	388.762887744	10461.91	374.594741488
5.702	45.8748771863	9993.164	285.129799778	9537.598	497.476491088	10479.49	292.918565818
5.703	51.5099307857	9975.586	246.344123017	9479.004	262.844615262	10489.75	232.1972891
5.704	47.158180605	9997.559	533.847338247	9511.23	276.68769229	10460.45	293.239104414
5.705	47.5595321517	9997.559	563.84846949	9521.484	268.256615757	10458.98	330.483430491
5.706	50.4341315802	9996.094	627.483438804	9517.09	361.873102721	10532.23	316.478767775
5.707	48.027568719	9994.629	556.416385296	9544.922	258.156982111	10450.2	348.364290061
5.708	48.2327510684	10000.49	1771.5484519	9480.469	424.054965254	10524.9	401.601564069
5.709	47.9573959991	9999.023	1206.09974702	9495.117	259.609537423	10495.61	306.58078238
5.71	49.2352713486	9997.559	1175.35073665	9549.316	240.689038176	10460.45	216.046083585
5.711	43.3401058594	9997.559	1892.196491	9487.793	344.314361625	10480.96	292.571656701
5.712	49.1696195134	9996.094	2048.95086491	9515.625	323.597232123	10498.54	439.594656197
5.713	45.7899726167	9994.629	1562.1126007	9489.258	312.618176456	10470.7	362.792111746
5.714	44.8647379371	9994.629	1633.07828833	9496.582	228.945537068	10461.91	443.334751438
5.715	42.8908399291	9999.023	1407.35351628	9500.977	405.527467335	10517.58	345.227893911
5.716	42.3273089479	9999.023	502.30543557	9462.891	229.547463494	10472.17	268.088910465
5.717	43.292361	9997.559	1146.55181572	9464.355	281.070127835	10492.68	231.414764265
5.718	44.3265323496	9996.094	1102.06386041	9503.906	254.694202664	10543.95	349.866365606
5.719	499.112080971	9996.094	5596.97132002	9525.879	4187.57962781	10450.2	1607.58558983
5.72	40.7383548599	9994.629	779.447248858	9492.188	303.598443255	10495.61	321.93239112
5.721	40.6535616888	9958.008	371.668148958	9539.062	299.653522381	10466.31	266.080602157
5.722	41.0975586392	9999.023	1026.15591407	9520.02	219.4329356	10488.28	243.867828187
5.723	41.4208014735	9997.559	1068.96141953	9549.316	165.276576465	10530.76	265.347862914
5.724	38.5539055134	9997.559	892.143417968	9489.258	301.647426715	10469.24	217.131868608
5.725	41.4063936817	9996.094	721.519975806	9534.668	179.277587474	10539.55	234.85892709
5.726	38.310444158	9994.629	1111.90118332	9454.102	269.665723094	10478.03	249.242465666
5.727	39.9832641822	10000.49	799.664670688	9525.879	324.959108512	10450.2	281.938505496
5.728	42.9131511863	9999.023	998.962876303	9515.625	178.670413318	10516.11	253.039311603
5.729	40.5284414907	9997.559	867.008406748	9457.031	325.472142259	10500.0	265.405258199
5.73	39.0066372671	10038.57	260.527738863	9512.695	141.616461853	10508.79	346.55539793
5.731	39.3269949899	9996.094	454.966857255	9455.566	276.786544053	10473.63	212.141272431
5.732	36.3097614517	9994.629	443.993796139	9534.668	296.055431351	10546.88	208.485084419
5.733	35.5859777684	10000.49	287.835473107	9493.652	186.125283465	10472.17	237.759425892
5.734	33.9579146968	10028.32	202.328958168	9489.258	109.822138688	10497.07	130.41280302
5.735	674.211255269	10025.39	9475.59456986	9544.922	10390.9632549	10485.35	10349.6320865
5.736	29.258055493	9997.559	390.273213037	9505.371	166.417278273	10501.46	101.531819968
5.737	28.9961757305	9994.629	193.334594779	9479.004	167.187031749	10457.52	143.406696346
5.738	24.2549021559	10010.74	222.428910808	9525.879	120.709308922	10546.88	201.336599227
5.739	24.1475493568	9994.629	342.510778655	9530.273	189.103376552	10502.93	191.853495408
5.74	21.9882104802	9999.023	368.489308044	9479.004	133.3597085	10494.14	88.9044063725
5.741	21.4232996252	9999.023	633.485950437	9518.555	147.15953156	10546.88	228.858911268
5.742	19.8925631894	9997.559	1034.93133382	9543.457	119.817683884	10549.8	78.1581263881
5.743	20.4308691821	9996.094	965.383201791	9518.555	101.528887488	10519.04	107.272095549
5.744	18.1123298007	9996.094	949.843689379	9521.484	127.619096937	10538.09	133.758044096
5.745	18.6381244511	9994.629	1114.07136666	9479.004	86.4489520449	10507.32	153.455096948
5.746	18.7290263866	9999.023	1626.35690524	9492.188	89.759978308	10548.34	114.11728604
5.747	17.3286393741	9999.023	1864.20344639	9521.484	121.530460214	10532.23	93.6431471342
5.748	16.590513933	9997.559	3007.01754045	9471.68	130.681454599	10461.91	147.281891136
5.749	15.8079141866	9996.094	2441.09484526	9495.117	87.6129391817	10492.68	71.7610726942
5.75	16.3159380608	9996.094	2920.9408087	9547.852	111.280390414	10533.69	94.5736876217
5.751	14.1673823982	9994.629	3236.67016503	9514.16	124.502284405	10548.34	104.938907124
5.752	14.0867807026	10000.49	2799.06111866	9543.457	84.9677678014	10479.49	87.6398954918
5.753	14.7499315525	9999.023	3199.39214057	9465.82	91.6156857831	10502.93	126.625162455
5.754	14.9518507619	9997.559	3118.44412716	9541.992	120.005362868	10502.93	107.494014717
5.755	13.8307693588	9997.559	2033.66607041	9531.738	102.750508402	10475.1	74.0672649748
5.756	13.7077870602	9996.094	2844.28837383	9503.906	86.0714306124	10457.52	111.629878197
5.757	12.6051992018	9994.629	2222.96868771	9462.891	104.477762454	10504.39	100.236119578
5.758	13.4763010587	10000.49	2636.08863925	9470.215	55.0438019	10463.38	82.0723610182
5.759	12.7758797649	9999.023	2912.41421692	9505.371	113.196608526	10541.02	85.1793773351
5.76	727.594564728	10010.74	9818.5112974	9496.582	7063.28922884	10505.86	5659.13439402
5.761	13.5346370611	9997.559	2339.71157456	9468.75	100.410834632	10470.7	64.7253606283
5.762	12.9095490822	9996.094	2564.99405045	9459.961	98.5168925693	10505.86	84.8810387964
5.763	12.4389952292	9994.629	1948.02318006	9540.527	82.7420584217	10526.37	69.3180594797
5.764	11.4307123426	9994.629	1839.5896238	9528.809	102.40678276	10470.7	63.0508528678
5.765	12.0714221297	9999.023	2072.25682235	9455.566	88.1804272635	10533.69	131.173279133
5.766	12.1800580824	9999.023	1781.11570173	9544.922	84.3280018774	10546.88	80.9879855518
5.767	11.5742241831	9997.559	2338.30511989	9509.766	66.2787321082	10546.88	144.05203954
5.768	11.8143107745	9996.094	1658.64174363	9462.891	60.8889889296	10546.88	82.9718361577
5.769	11.4693415087	9996.094	1479.98961957	9537.598	71.3778818841	10505.86	82.5490225559
5.77	12.2876072503	9994.629	1977.50194229	9495.117	81.6400347518	10545.41	151.228681137
5.771	12.9516414158	9999.023	1231.30514289	9452.637	52.3575987055	10519.04	55.5064333978
5.772	11.9468213132	9999.023	1181.73669779	9499.512	55.2315330865	10464.84	88.8891303046
5.773	13.4529085942	9997.559	1256.03651294	9471.68	88.5391274072	10541.02	78.7368154037
5.774	11.9900454736	9996.094	1013.33284362	9462.891	67.5414881402	10470.7	47.7887417904
5.775	12.1394012525	9996.094	1131.82479089	9505.371	64.0086658731	10478.03	75.5084324961
5.776	11.6299036281	9994.629	1322.30436871	9493.652	52.7028779218	10482.42	98.6452071874
5.777	11.210106818	10000.49	1193.67711072	9549.316	46.5696234176	10548.34	56.6758169557
5.778	11.6045754543	9999.023	1547.36476658	9537.598	65.6408647613	10548.34	113.462072835
5.779	11.1613993842	9997.559	1559.05995245	9468.75	132.184965622	10526.37	107.366094525
5.78	11.439662502	9997.559	1223.1396545	9481.934	83.3135425531	10504.39	42.9769456639
5.781	12.3718600041	9996.094	1771.67311833	9537.598	59.3775854157	10549.8	53.515497628
5.782	10.268425431	9994.629	1251.38366475	9451.172	50.3391267084	10451.66	85.8424093482
5.783	11.7359225113	10000.49	1368.38629252	9546.387	76.785065512	10538.09	86.4471601261
5.784	11.5773211131	9999.023	1405.5897659	9544.922	78.9220998228	10548.34	83.794409465
5.785	10.4457266213	9997.559	1080.33577931	9530.273	74.7832055916	10457.52	64.0540309598
5.786	11.671603921	9997.559	1135.5243234	9459.961	67.7549375518	10539.55	89.670590403
5.787	11.7404682303	9996.094	1367.89397116	9486.328	72.8430054592	10546.88	55.2131295579
5.788	10.1115373107	9996.094	1434.83062419	9508.301	99.4609427497	10461.91	69.903982193
5.789	10.9864948233	9994.629	1261.53503586	9515.625	68.195436564	10482.42	71.6246504644
5.79	11.3231960349	9999.023	1597.90808714	9522.949	63.5410716694	10533.69	73.5419377667
5.791	11.5188587981	9999.023	1636.26175999	9458.496	71.9365036749	10498.54	35.3110465847
5.792	11.2411180071	9997.559	2171.59477219	9465.82	70.5949869039	10510.25	81.3673309527
5.793	11.567393427	9996.094	2075.94420617	9459.961	70.5724546181	10450.2	114.608459592
5.794	10.5712173396	9996.094	1713.0800726	9549.316	63.4402583994	10549.8	51.2986464538
5.795	11.7544085634	9994.629	2423.01564056	9547.852	96.1719197827	10546.88	76.2363694545
5.796	11.9845659146	9999.023	1579.16042815	9498.047	52.6413108774	10543.95	112.285733866
5.797	11.3155509116	9999.023	1791.86665453	9534.668	73.8441657623	10486.82	73.4474934979
5.798	11.579531043	9997.559	1492.67766527	9492.188	92.2754425386	10508.79	78.5527123905
5.799	11.6258245545	9996.094	1680.67266542	9500.977	80.6769914644	10464.84	59.2458483225
5.8	235.605289263	9996.094	1766.46475226	9474.609	2564.12234691	10523.44	1922.53379737
5.801	12.6512373946	9994.629	1695.64897152	9508.301	55.5020015718	10451.66	110.575355346
5.802	12.02375156	10000.49	1393.77349063	9486.328	97.6669968854	10548.34	82.2563620299
5.803	12.1366587412	9999.023	1687.33556038	9527.344	97.8649020836	10548.34	55.5014216373
5.804	60.9073409865	9997.559	1770.10163013	9547.852	335.0060866	10463.38	372.533123808
5.805	12.7423027215	9997.559	947.173073524	9539.062	81.9533857052	10527.83	66.5745973498
5.806	12.7108329362	9996.094	1299.51115775	9506.836	75.8708575618	10533.69	109.33129115
5.807	12.0507522057	9994.629	1177.65181371	9459.961	80.8216608358	10549.8	73.9124508854
5.808	12.2327278297	10000.49	950.147224592	9462.891	89.565474905	10494.14	56.9377868122
5.809	11.7225835681	9999.023	763.072544948	9464.355	65.2974370429	10450.2	125.097331297
5.81	11.7027239094	9997.559	934.11802568	9492.188	85.7896477702	10501.46	106.508988909
5.811	10.6376853903	9997.559	860.847855994	9457.031	60.9721188383	10523.44	70.6623939223
5.812	10.878310442	9996.094	523.03639858	9499.512	89.5111189743	10476.56	76.5381801229
5.813	10.8088520905	9996.094	614.198253362	9461.426	74.5693280322	10549.8	73.2839185885
5.814	11.5050889015	9994.629	401.041483749	9512.695	65.6555819611	10475.1	58.6860063381
5.815	11.1600914202	9999.023	262.672187372	9509.766	49.3744958189	10549.8	42.9339572334
5.816	12.2088419757	9999.023	181.211386557	9480.469	56.4760629236	10458.98	65.683472598
5.817	10.4220784694	10048.83	113.958790836	9500.977	58.3813850543	10543.95	111.035507453
5.818	10.9108404423	9996.094	234.298974519	9493.652	70.8611241389	10450.2	60.8805531208
5.819	10.5545961143	9996.094	280.127917038	9473.145	73.6125262385	10543.95	76.5193811367
5.82	11.1915496854	10048.83	104.638464933	9470.215	54.5355540885	10533.69	78.4719069744
5.821	11.9559009344	10047.36	181.502465462	9474.609	48.8763218486	10542.48	53.4371231452
5.822	11.0534202734	9999.023	183.52806768	9498.047	64.0523704768	10492.68	65.7911452558
5.823	11.5585940798	10048.83	63.9921536435	9540.527	45.5414476576	10546.88	50.7688422982
5.824	11.117236167	9999.023	51.7556467837	9451.172	59.3041974042	10498.54	83.7024394942
5.825	10.9782783785	9987.305	52.7154743737	9547.852	45.2106941236	10500.0	59.7881992071
5.826	10.5875770411	9994.629	49.6140229629	9487.793	108.366661374	10497.07	75.7677139809
5.827	10.6270258783	10048.83	77.9920394511	9493.652	80.0210339105	10549.8	111.224335682
5.828	10.5577735705	9999.023	218.405086835	9484.863	87.3987252399	10549.8	46.9375112471
5.829	11.4486690428	9997.559	121.446089908	9531.738	41.8346600849	10517.58	106.075852511
5.83	10.6568823628	9972.656	95.3675978244	9547.852	87.8958755614	10549.8	90.3403354794
5.831	10.9336456771	9996.094	97.5132793393	9455.566	68.9772155423	10510.25	49.7907142586
5.832	10.9048965741	9994.629	155.873865694	9549.316	35.6697544297	10548.34	93.0485819504
5.833	10.3948989558	10000.49	136.739539179	9549.316	81.0743837381	10548.34	55.985414794
5.834	11.8595897529	9999.023	194.055327835	9515.625	56.9373985705	10501.46	82.6019583642
5.835	9.83572840136	9997.559	204.363752938	9465.82	48.6584347151	10467.77	84.6548915397
5.836	10.2162049367	9997.559	192.498069052	9514.16	62.5593289843	10457.52	64.6954116077
5.837	9.97227394872	9996.094	145.036292384	9530.273	50.3536202079	10541.02	65.3864895513
5.838	10.5658437836	9994.629	167.547910167	9549.316	67.7505711573	10524.9	65.2411896522
5.839	10.2072891195	9994.629	146.402170271	9527.344	60.3583636513	10491.21	81.4703614554
5.84	9.71556441911	9999.023	75.8203669894	9540.527	57.9388833036	10470.7	71.8889403746
5.841	9.15008903304	9997.559	114.824366858	9527.344	54.1075861039	10520.51	63.2632015753
5.842	9.88849433874	9997.559	78.6736420022	9459.961	44.6633554156	10464.84	45.8686544979
5.843	10.7510190038	9960.938	65.5193131661	9471.68	112.318593221	10482.42	61.3264728405
5.844	10.4582966306	10004.88	74.156825894	9533.203	81.9390883958	10489.75	75.9315901415
5.845	10.3275188322	9982.91	60.9014658132	9539.062	48.503130195	10514.65	97.9124877834
5.846	10.2250316447	10041.5	124.204395899	9486.328	91.4906485755	10450.2	67.173591457
5.847	9.76492698829	9996.094	79.289338656	9477.539	63.6569955821	10450.2	114.786930732
5.848	11.1893026211	9994.629	73.9608218792	9464.355	60.1884598712	10479.49	98.6898247101
5.849	10.702358736	10032.71	45.0890204618	9522.949	59.5338144002	10501.46	60.373070576
5.85	11.9273615554	10029.79	64.8553285389	9549.316	59.3320429832	10453.12	130.947349511
5.851	12.1188979766	10022.46	63.6133626409	9500.977	72.0174546737	10453.12	97.0932550784
5.852	11.6476877956	10044.43	84.8921292921	9499.512	71.9764312285	10453.12	99.126835612
5.853	13.3866141758	9950.684	77.1078999161	9549.316	52.3800046459	10485.35	86.4576697786
5.854	13.0290865089	9966.797	53.8544333294	9500.977	101.347967123	10453.12	90.9792703464
5.855	13.3239169197	9956.543	108.997095373	9458.496	78.112010357	10476.56	64.3537182008
5.856	14.6633306997	9974.121	60.5960165856	9547.852	82.1014468777	10514.65	109.991152988
5.857	15.2345694807	10001.95	92.5148421404	9506.836	134.541889021	10497.07	117.86693001
5.858	16.4305565208	10022.46	67.3398410912	9467.285	157.28596592	10549.8	183.431753292
5.859	16.828652003	9999.023	235.655704113	9493.652	114.175142145	10549.8	199.38325439
5.86	18.6610937807	10029.79	176.270395604	9514.16	106.384064014	10479.49	123.228602256
5.861	20.2383373157	9997.559	249.991319447	9524.414	106.687792042	10546.88	120.559445064
5.862	20.1880445597	9996.094	177.429171115	9547.852	116.41969018	10536.62	128.720075441
5.863	24.0857905814	9994.629	292.453851541	9490.723	124.094363279	10527.83	139.445186218
5.864	26.5049483525	9994.629	245.407354721	9517.09	121.980325798	10527.83	195.548669471
5.865	28.6161615955	10018.07	263.386432612	9541.992	99.1512816893	10472.17	131.086916209
5.866	31.3082990936	9999.023	187.294030136	9490.723	153.169042373	10505.86	286.206935468
5.867	36.6091041001	10000.49	160.792238681	9493.652	294.71570085	10524.9	317.231134663
5.868	34.6981551175	10000.49	226.845370148	9502.441	299.703810527	10520.51	177.101805338
5.869	40.4583300301	9996.094	513.262463261	9470.215	396.365289824	10488.28	149.865800672
5.87	43.2640122288	9994.629	341.475102423	9528.809	178.002120149	10482.42	314.419868446
5.871	48.271744159	9999.023	461.826311618	9496.582	427.761090061	10530.76	304.632646968
5.872	50.9063655686	10025.39	355.877797578	9484.863	293.394429397	10494.14	372.77904874
5.873	49.2000753072	9997.559	815.91596	9546.387	203.797874205	10500.0	317.129943968
5.874	52.943907283	9996.094	503.633406654	9527.344	221.784588063	10466.31	373.899460972
5.875	51.2339516762	9996.094	620.039999654	9467.285	301.211874389	10535.16	308.443555108
5.876	46.6048950905	9994.629	651.759966819	9541.992	262.714871036	10451.66	301.879288563
5.877	45.4651783509	10000.49	671.193445032	9461.426	236.895919953	10475.1	289.031766909
5.878	40.3274339337	9999.023	632.173026401	9543.457	260.298705303	10516.11	252.399622096
5.879	38.3084313147	9997.559	534.078735292	9480.469	176.206416419	10479.49	364.546325595
5.88	34.7096449346	9996.094	316.232287164	9500.977	230.666060658	10516.11	308.699487425
5.881	35.8385265623	9996.094	345.024847998	9492.188	173.891957934	10498.54	358.403859375
5.882	31.242501158	9994.629	325.165967545	9506.836	204.609185516	10517.58	223.019623301
5.883	31.5984044806	10000.49	1131.10150344	9484.863	148.96975216	10532.23	188.832124975
5.884	29.5596849129	9999.023	1523.90880601	9547.852	176.4503979	10453.12	269.126397905
5.885	28.2266798661	9997.559	1344.99468524	9527.344	381.9231113	10456.05	161.477760433
5.886	25.8406886778	9997.559	1494.99509597	9549.316	121.057029902	10486.82	144.521786224
5.887	27.0958472559	9996.094	2322.3112774	9530.273	134.364571011	10492.68	240.747891496
5.888	28.1757551978	9994.629	1793.14620441	9484.863	228.967055607	10454.59	139.109918702
5.889	26.6642693499	9994.629	2397.75983792	9495.117	248.564951727	10530.76	141.906157389
5.89	27.6456542128	9999.023	2519.4464744	9503.906	134.601997534	10524.9	244.793445323
5.891	27.3189649176	9999.023	2276.50703456	9455.566	236.945882046	10461.91	122.971376803
5.892	28.808148654	9997.559	2466.28759486	9509.766	173.382069297	10502.93	110.190636479
5.893	27.3189365764	9996.094	2453.53991578	9489.258	223.114490534	10501.46	186.203952019
5.894	28.7364903139	9996.094	2838.4532243	9515.625	103.696108083	10479.49	172.343577713
5.895	27.8348357134	9994.629	3798.63678336	9457.031	202.50632142	10536.62	172.319358146
5.896	28.6523158554	9999.023	3069.20219113	9527.344	110.065057853	10532.23	221.189778039
5.897	30.7172013096	9999.023	3508.94184552	9549.316	141.172489502	10505.86	144.874463116
5.898	28.7187012293	9997.559	4763.31208176	9470.215	191.696107132	10461.91	193.263912413
5.899	32.0036082621	9996.094	4944.32230181	9527.344	154.98517824	10500.0	168.162783319
5.9	30.1471992248	9996.094	6448.0849181	9493.652	145.963175591	10519.04	140.165864423
5.901	33.2318907976	9994.629	5102.97499149	9468.75	179.348475997	10520.51	194.693875528
5.902	32.162710374	10000.49	6572.7047807	9461.426	225.183653284	10457.52	245.729730838
5.903	31.7307813438	9999.023	7324.31982462	9479.004	219.094936436	10486.82	264.914529106
5.904	33.7209620614	9997.559	5862.25463763	9518.555	275.341356761	10451.66	209.048719824
5.905	34.840784671	9997.559	6151.64920759	9458.496	299.539265154	10451.66	162.625760899
5.906	33.5230154728	9996.094	6568.30966227	9465.82	309.069102166	10548.34	175.381256385
5.907	33.9334670735	9994.629	6157.34360769	9506.836	191.759350512	10508.79	333.91597341
5.908	34.9760875194	10000.49	5677.32725696	9471.68	158.503306523	10501.46	204.577764082
5.909	34.4153915364	9999.023	7783.13331988	9546.387	220.153652321	10461.91	173.133033924
5.91	35.720199291	9997.559	7749.86819329	9515.625	195.187542348	10536.62	136.157370076
5.911	37.1790810217	9997.559	7572.70590924	9518.555	201.483425983	10507.32	210.180737976
5.912	37.3362650124	9996.094	10763.6343451	9493.652	183.085622985	10539.55	222.827831635
5.913	36.3283652135	9994.629	7281.82315389	9462.891	282.526823969	10482.42	380.263756097
5.914	37.537102621	9994.629	8927.00752471	9464.355	344.12416026	10513.18	321.045266033
5.915	41.7292916766	9999.023	10710.479259	9500.977	287.020518643	10542.48	227.257089559
5.916	41.4422214297	9999.023	10804.6681067	9549.316	254.120997145	10478.03	179.012263547
5.917	41.159155452	9997.559	16145.5442022	9509.766	357.885011965	10500.0	360.161989919
5.918	44.0732715761	9996.094	14966.6825501	9503.906	371.734571528	10456.05	244.56978871
5.919	40.5227866247	9996.094	13975.1984383	9539.062	309.491305826	10486.82	421.027941807
5.92	44.0944830518	9994.629	17464.2016119	9522.949	256.335152139	10517.58	238.740833188
5.921	45.3733720071	9999.023	16511.3563522	9511.23	323.757990175	10485.35	320.978832753
5.922	45.4552311081	9999.023	17172.1198537	9524.414	511.561919705	10519.04	188.045421609
5.923	45.2846392028	9997.559	20290.3613605	9495.117	349.402887233	10526.37	335.484056465
5.924	50.0848303214	9996.094	15627.1737745	9525.879	280.472323844	10495.61	517.213072358
5.925	50.3370724846	9996.094	17723.5693099	9495.117	342.619520307	10505.86	317.647214824
5.926	49.0786202686	9994.629	16607.6710078	9506.836	221.695785342	10541.02	457.785676214
5.927	51.4914747924	10000.49	17875.9066204	9539.062	682.76419813	10507.32	326.844946696
5.928	49.4594943775	9999.023	20431.4019051	9528.809	405.705178997	10470.7	305.00943963
5.929	52.1241396194	9997.559	21931.8402185	9470.215	231.661134115	10450.2	303.468651717
5.93	50.1016416592	9997.559	20946.9002759	9549.316	204.472670308	10492.68	322.886267631
5.931	51.9020042175	9996.094	25603.6711759	9496.582	330.529086303	10472.17	322.023470921
5.932	50.8468504718	9994.629	23266.8238968	9537.598	372.349972385	10450.2	275.444545626
5.933	51.3474557627	10000.49	21573.9063423	9455.566	351.823670343	10480.96	447.190608898
5.934	47.5884693318	9999.023	25852.428037	9493.652	449.881390063	10469.24	311.802293041
5.935	48.7897931159	9997.559	23782.2658685	9455.566	446.106502722	10488.28	241.404050799
5.936	50.6708379563	9997.559	22823.7208819	9458.496	347.523498735	10464.84	370.680196537
5.937	48.9283634114	9996.094	20177.310042	9493.652	372.031443885	10475.1	286.437769557
5.938	51.2177387139	9996.094	15874.3056803	9546.387	287.783098847	10517.58	301.627258129
5.939	48.9050128797	9994.629	16570.1093245	9452.637	269.04586661	10527.83	329.688672935
5.94	52.0383987935	9999.023	17761.2480291	9537.598	219.337770379	10463.38	359.961908086
5.941	48.7906631412	9999.023	17344.6056159	9544.922	376.217017968	10514.65	339.744993356
5.942	49.6888316267	9997.559	18360.3831288	9549.316	195.419804841	10483.89	498.379860823
5.943	48.1480211748	9996.094	20037.4251382	9461.426	311.515587097	10542.48	327.321517969
5.944	49.3163652139	9996.094	20349.0328656	9486.328	189.017521081	10488.28	440.394795895
5.945	53.1288877494	9994.629	21522.1689369	9500.977	484.318890814	10488.28	325.89749121
5.946	51.080822677	9999.023	21410.2255497	9514.16	299.573212946	10453.12	372.088512475
5.947	14853.3997018	9978.516	197895.363118	9544.922	186701.59979	10467.77	101846.364627
5.948	55.6391601397	9997.559	22787.2996815	9528.809	283.911409297	10504.39	314.995521228
5.949	55.3160068755	9996.094	16857.7159676	9464.355	400.042588032	10494.14	721.763651506
5.95	57.4344705531	9996.094	19384.5005528	9525.879	453.12756857	10451.66	425.728900401
5.951	52.5617909826	9994.629	19888.8381688	9527.344	382.178220165	10475.1	231.149962386
5.952	55.4165079241	10000.49	18461.290897	9499.512	286.635471924	10526.37	402.101758759
5.953	56.0799760718	9999.023	19653.1307683	9520.02	502.148444253	10478.03	164.99293675
5.954	52.3780242558	9997.559	16361.8320177	9487.793	241.541439411	10480.96	834.34008889
5.955	53.2454187013	9997.559	16881.2835885	9505.371	456.531842687	10482.42	348.604897135
5.956	55.1680571015	9996.094	13934.2580891	9496.582	274.601657352	10483.89	264.604176456
5.957	58.6258698281	9994.629	14814.3529503	9498.047	520.014487177	10510.25	279.952700105
5.958	184.365548529	10000.49	19586.3327749	9541.992	1377.68346162	10520.51	1047.06952092
5.959	57.3549455505	9999.023	15187.1215653	9528.809	328.298776268	10497.07	531.219589675
5.96	56.9302349873	9997.559	16306.9661262	9521.484	196.41717497	10472.17	331.782800543
5.961	58.4859459374	9997.559	18055.0333942	9508.301	409.493199574	10463.38	444.071277056
5.962	54.7523936593	9996.094	19893.3328496	9539.062	326.257096206	10458.98	520.963155947
5.963	58.9003289653	9994.629	24579.3415433	9522.949	482.996959824	10529.3	468.323434733
5.964	57.4858316225	9994.629	26143.0985887	9549.316	406.938899118	10514.65	437.034109344
5.965	58.5552606656	9999.023	24305.5088882	9547.852	821.906550541	10519.04	397.788978424
5.966	57.8110029778	9999.023	27495.5271442	9474.609	368.000309805	10497.07	489.496505977
5.967	57.155510672	9997.559	29839.0136154	9461.426	262.99662823	10505.86	334.13333593
5.968	56.7601518538	9996.094	26927.1725146	9528.809	294.194095354	10483.89	217.771950141
5.969	60.9065157245	9996.094	25692.4810775	9515.625	319.186746242	10475.1	258.975195357
5.97	53.5256067558	9994.629	31849.7102545	9505.371	424.492480519	10513.18	276.754398619
5.971	54.7011971338	9999.023	25279.602426	9464.355	455.68666453	10486.82	312.189777334
5.972	51.9051616805	9999.023	27776.0561454	9505.371	305.202326755	10546.88	377.399927044
5.973	54.2588995051	9997.559	26226.3531534	9474.609	324.515135808	10464.84	221.228768231
5.974	55.7118614238	9996.094	20482.2088966	9461.426	256.864835884	10505.86	282.86100658
5.975	56.6708293609	9996.094	22183.2926183	9525.879	299.908967471	10536.62	298.699928137
5.976	55.9151098952	9994.629	23719.238153	9487.793	377.828407587	10488.28	347.554327532
5.977	54.8299529607	10000.49	16893.7115164	9457.031	525.404897375	10520.51	335.837103111
5.978	55.7166373466	9999.023	19006.7375202	9540.527	632.378168164	10541.02	442.899037465
5.979	56.8281079364	9997.559	17917.6471987	9474.609	307.956222082	10454.59	422.002960396
5.98	52.9298948322	9997.559	13126.9345111	9522.949	293.670857226	10464.84	271.407130197
5.981	50.5771445686	9996.094	15634.5150353	9505.371	344.280212227	10507.32	349.328357961
5.982	55.207684625	9994.629	12361.7809244	9528.809	218.018828871	10501.46	357.382910474
5.983	54.192348985	10000.49	9216.784754	9495.117	274.332559945	10469.24	329.853875507
5.984	53.1113224268	9999.023	9818.88920668	9520.02	392.693104636	10516.11	292.559321619
5.985	55.2708516116	9997.559	7702.70049821	9515.625	366.849677956	10470.7	312.800543559
5.986	57.1878577508	9997.559	8358.21673767	9527.344	283.240680851	10517.58	664.065653514
5.987	54.1996426093	9996.094	7703.3936962	9490.723	407.025877846	10457.52	366.539190023
5.988	54.2824074069	9996.094	6064.37347293	9500.977	287.458673944	10539.55	318.612494324
5.989	53.9428980687	9994.629	6935.60216688	9528.809	368.693543768	10526.37	347.645570684
5.99	54.5944124835	9999.023	5452.03675745	9500.977	433.961939044	10516.11	305.524323446
5.991	57.6423004281	9999.023	6101.07523236	9461.426	286.804448951	10485.35	539.945112666
5.992	53.7190748283	9997.559	6215.11002873	9522.949	329.511152166	10507.32	318.911696853
5.993	52.1412168484	9996.094	6794.01188445	9487.793	241.217759981	10527.83	257.772069415
5.994	60.4435697449	9996.094	5492.7183253	9479.004	252.660493467	10475.1	421.61625801
5.995	56.15952999	9994.629	5823.35551338	9515.625	402.179202426	10464.84	336.170609443
5.996	58.1370512089	9999.023	4212.95325302	9471.68	329.356163055	10488.28	462.089326831
5.997	63.5480129344	9999.023	4867.00304879	9533.203	495.696164956	10519.04	609.601505187
5.998	58.4988529391	9997.559	4436.26477896	9451.172	256.420773715	10470.7	396.393374316
5.999	61.1507791902	9997.559	3086.85475829	9498.047	354.167137821	10498.54	390.521437128
6.0	68.9318872006	9996.094	2827.84436215	9522.949	456.997946097	10476.56	358.969713826
6.001	57.8727620852	9994.629	4933.58531598	9502.441	509.489241985	10508.79	557.045535686
6.002	54.8045581922	10000.49	3575.71693466	9484.863	370.154247282	10500.0	406.61718897
6.003	63.4665798135	9999.023	2460.13833495	9499.512	489.467600313	10479.49	216.700876631
6.004	56.2389026234	9997.559	2694.64849514	9473.145	397.148556355	10478.03	364.61783985
6.005	59.7916788948	9997.559	1640.47855671	9457.031	389.694421651	10527.83	250.121015623
6.006	61.7633910785	9996.094	2125.50063007	9492.188	543.123265675	10466.31	485.31526771
6.007	57.1998051944	9994.629	2366.9946877	9486.328	345.030590962	10519.04	587.870004951
6.008	57.0389566808	10000.49	1478.22868169	9476.074	246.714439263	10482.42	563.23815566
6.009	62.7279444527	9999.023	3152.37362242	9524.414	558.278883636	10507.32	448.380607757
6.01	57.0294337004	9997.559	3119.89661031	9498.047	401.043392308	10485.35	329.049455519
6.011	55.2369007011	9997.559	2194.79647045	9505.371	383.25157607	10514.65	403.448618482
6.012	63.9393233441	9996.094	2441.68032534	9534.668	368.739009907	10529.3	390.195742918
6.013	57.7095871435	9994.629	3018.13464137	9476.074	498.481744564	10457.52	571.592355306
6.014	58.3192763501	9994.629	2339.65109216	9473.145	341.819297501	10519.04	369.839908112
6.015	56.9858389727	9999.023	1783.58351795	9470.215	364.143431227	10508.79	276.909856711
6.016	58.2261801206	9999.023	1513.31652793	9514.16	296.308850269	10545.41	313.800414661
6.017	59.8453009929	9997.559	1686.10012256	9534.668	261.277810586	10545.41	437.693367632
6.018	60.4288697883	9996.094	2951.38986261	9524.414	309.436955327	10453.12	552.098038642
6.019	62.5958153369	9996.094	2068.87735331	9480.469	404.416678172	10497.07	362.619665452
6.02	59.6338321455	9994.629	3614.33134025	9465.82	439.159178507	10479.49	364.517094826
6.021	60.0908367455	9999.023	3059.87833334	9539.062	369.763110323	10520.51	370.061164951
6.022	71.2731825159	9999.023	4299.98596235	9517.09	326.910526757	10456.05	303.562589624
6.023	65.6599859768	9997.559	4756.67626899	9492.188	372.52699356	10457.52	413.279970277
6.024	60.2255034827	9996.094	3887.65563492	9454.102	494.76646196	10475.1	276.467454862
6.025	62.4249129934	9996.094	4794.61840415	9528.809	281.0117843	10532.23	292.784782211
6.026	73.0673600095	9994.629	5809.34574737	9522.949	377.328536168	10454.59	477.454099179
6.027	65.0478621557	10000.49	3978.12700854	9474.609	274.325040658	10475.1	458.807947728
6.028	62.0419215473	9999.023	4143.34025464	9455.566	410.526939263	10541.02	304.912537566
6.029	83.8855780815	9997.559	3567.60576641	9454.102	637.747436691	10453.12	869.646056132
6.03	68.8810357179	9997.559	3572.79893704	9454.102	261.527747011	10482.42	460.369706408
6.031	66.7098012973	9996.094	4638.59725778	9454.102	335.448405118	10501.46	425.023911024
6.032	64.3562041941	9994.629	3927.54582988	9527.344	444.772477634	10473.63	345.058463017
6.033	69.0117277331	10000.49	4071.06859997	9458.496	537.104223352	10508.79	446.117847514
6.034	120.832580816	9999.023	3834.59221764	9544.922	716.236953464	10548.34	669.019653034
6.035	64.1219488483	9997.559	4189.55373866	9524.414	701.147603358	10461.91	332.916873303
6.036	68.5937497	9997.559	5155.46967603	9505.371	440.286454253	10524.9	312.514148796
6.037	64.158717417	9996.094	5196.64294639	9515.625	386.213789385	10510.25	335.590551953
6.038	63.3817408304	9994.629	4757.98330918	9540.527	523.147343293	10513.18	407.940585869
6.039	61.1983010407	9994.629	5930.91378068	9511.23	494.77053947	10521.97	268.044596905
6.04	58.2604379677	9999.023	4734.02499082	9527.344	416.051994281	10527.83	511.247724447
6.041	63.8791314044	9999.023	5035.92378689	9540.527	505.82824109	10454.59	402.746572508
6.042	58.8855998336	9997.559	4975.75190451	9452.637	349.36101837	10504.39	299.494456061
6.043	63.0300543691	9996.094	5726.98804318	9474.609	486.326095457	10542.48	412.691828858
6.044	59.8108035067	9996.094	8280.79363028	9465.82	370.393450125	10526.37	561.821077291
6.045	59.7767016209	9994.629	6591.49623155	9544.922	357.01587305	10543.95	426.345655659
6.046	54.3634329783	9999.023	4191.63671506	9470.215	440.605030731	10511.72	665.655567059
6.047	61.427420736	9999.023	6026.33804986	9484.863	310.111241189	10466.31	332.473702225
6.048	56.7879583861	9997.559	4153.4840989	9500.977	436.341383808	10492.68	288.650046816
6.049	56.7241196718	9996.094	4128.01293874	9539.062	410.812863912	10492.68	220.786485797
6.05	62.6651919887	9996.094	4404.23660154	9528.809	255.90124551	10483.89	305.712978491
6.051	56.1331608139	9994.629	4395.59468497	9543.457	376.191092385	10536.62	300.954498764
6.052	62.222012561	10000.49	3724.40731523	9539.062	372.000214136	10538.09	360.99556116
6.053	61.0305166488	9999.023	4241.1273125	9503.906	234.075099079	10480.96	386.207631237
6.054	58.8902917065	9997.559	5714.40920438	9512.695	314.059748609	10475.1	379.190130305
6.055	54.998995072	9997.559	5128.8811226	9495.117	315.978503373	10450.2	706.968528548
6.056	64.1296780288	9996.094	4192.92872596	9534.668	570.259377077	10498.54	573.114491673
6.057	64.4394199673	9994.629	6733.09190503	9537.598	478.388071704	10463.38	556.900603176
6.058	61.2166014247	10000.49	3690.33279509	9540.527	511.532679386	10470.7	413.42674189
6.059	64.4349236719	9999.023	5146.71412763	9506.836	722.802037179	10492.68	431.657736085
6.06	64.7036953633	9997.559	6053.86511049	9454.102	360.18686019	10542.48	470.388283107
6.061	64.875012635	9997.559	7554.31160237	9461.426	327.108807615	10472.17	327.703754538
6.062	69.1483137048	9996.094	7274.63390961	9499.512	306.728581318	10498.54	591.50972756
6.063	71.5844197005	9996.094	5988.51777241	9536.133	329.965690701	10494.14	351.274847454
6.064	71.9037570445	9994.629	6742.97708668	9467.285	702.103564881	10498.54	373.648664177
6.065	72.9965792945	9999.023	6246.76062162	9543.457	466.281429221	10514.65	577.956343895
6.066	74.8585991868	9999.023	6331.12889607	9487.793	654.287846122	10514.65	589.841669021
6.067	76.2430786714	9997.559	7011.87714626	9537.598	672.414230601	10485.35	399.011074207
6.068	84.400420483	9996.094	6815.21021726	9467.285	594.288112934	10532.23	650.078337561
6.069	87.790813814	9996.094	6567.58575998	9476.074	617.155919854	10451.66	532.016574357
6.07	74.8295155621	9994.629	7485.7452139	9487.793	337.453481805	10451.66	689.002691424
6.071	79.034565837	9999.023	6916.42622045	9465.82	353.70890775	10541.02	348.855990812
6.072	76.4068212258	9999.023	8500.87041664	9489.258	202.832194868	10473.63	640.136166693
6.073	76.3008698454	9997.559	7233.76136586	9527.344	580.476898204	10480.96	550.69807825
6.074	99.1485628246	9996.094	4968.01522165	9530.273	527.892340797	10458.98	380.635070277
6.075	82.7287735549	9996.094	7528.96729141	9457.031	650.641488641	10501.46	336.919663829
6.076	77.6685881623	9994.629	9589.27343016	9473.145	355.632245801	10527.83	451.902211221
6.077	80.7561563638	10000.49	8249.82592398	9499.512	483.535901494	10511.72	1583.66085087
6.078	81.5598815177	9999.023	8492.08414977	9459.961	631.88120067	10513.18	605.414679403
6.079	78.4479932589	9997.559	7466.76523552	9451.172	494.077730888	10542.48	303.287250014
6.08	189.22306245	9997.559	9280.93964969	9468.75	1213.56058598	10473.63	1972.46994385
6.081	87.4883971836	9996.094	9469.46714857	9536.133	605.701538115	10489.75	375.717991286
6.082	94.0112098448	9994.629	7362.90047968	9524.414	622.030816721	10548.34	631.570644005
6.083	94.2928065464	10000.49	8488.87006164	9474.609	398.135352439	10451.66	450.194670229
6.084	90.650482402	9999.023	8281.69170254	9499.512	474.012811312	10545.41	565.829500737
6.085	97.3454746033	9997.559	6820.21514176	9520.02	600.836686303	10461.91	419.263225154
6.086	89.6768826962	9997.559	5167.29277181	9492.188	527.870723488	10453.12	585.924588642
6.087	93.0777521737	9996.094	6288.83433813	9495.117	582.729356062	10511.72	570.267480762
6.088	93.8897929478	9994.629	6531.2111097	9492.188	882.330583505	10543.95	878.79963863
6.089	104.934813577	9994.629	5354.03323086	9483.398	619.287167603	10482.42	492.604007484
6.09	101.587339005	9999.023	4122.92524397	9470.215	535.379438253	10469.24	840.524714653
6.091	106.406725505	9997.559	3498.2191955	9505.371	680.151263356	10543.95	766.20313849
6.092	109.845036682	9997.559	1985.97765853	9549.316	407.863813525	10510.25	868.536706711
6.093	118.36656371	10003.42	1338.85234916	9490.723	1071.22259597	10497.07	580.130658131
6.094	127.068914428	10001.95	574.649785774	9476.074	1322.91128386	10532.23	611.147234667
6.095	129.299220198	10012.21	740.532964101	9518.555	1005.73938439	10502.93	996.540792097
6.096	142.082764005	9999.023	976.020963809	9465.82	854.645624404	10491.21	1235.46153345
6.097	145.353377167	9999.023	1823.7446427	9511.23	639.474586318	10479.49	993.436508763
6.098	144.840274863	9997.559	3886.68009429	9474.609	678.549701418	10505.86	1252.96935283
6.099	154.734249286	9997.559	3464.84307713	9515.625	915.289637724	10473.63	693.781989016
6.1	158.460953187	9996.094	4845.16496428	9528.809	599.305881752	10511.72	1509.25590959
6.101	166.430658829	9994.629	5909.04073431	9484.863	1438.6901581	10523.44	708.231199886
6.102	167.864832813	10000.49	12149.3743714	9547.852	682.846128292	10463.38	1272.98210814
6.103	203.390167377	9999.023	10981.2503335	9520.02	1498.37935586	10491.21	1933.36280317
6.104	217.497648365	9997.559	11351.2795027	9464.355	704.56847886	10530.76	974.605597256
6.105	220.424604744	9997.559	12457.2490981	9520.02	1438.43611943	10456.05	1089.45523463
6.106	219.815921742	9996.094	19781.7488875	9467.285	1896.30819354	10526.37	1332.00815261
6.107	350.807240258	9994.629	20030.3556926	9531.738	2140.32605472	10532.23	1553.11227794
6.108	228.829919318	10000.49	13611.1999418	9547.852	896.777645314	10536.62	1512.12597072
6.109	229.538840812	9999.023	19087.3410548	9483.398	1464.22018934	10454.59	948.66106527
6.11	192.977625394	9997.559	19212.3705916	9477.539	1416.32026134	10450.2	1828.9859527
6.111	206.744385531	9997.559	26651.6128659	9474.609	921.344465973	10469.24	960.718391154
6.112	195.554126125	9996.094	25306.9637933	9471.68	1093.05053315	10492.68	1216.19013319
6.113	188.276235942	9994.629	22576.4305775	9520.02	1018.56790317	10494.14	1186.36427038
6.114	182.479252288	9994.629	26375.4774854	9544.922	1136.08134102	10501.46	737.800449202
6.115	163.952379939	9999.023	22565.9552743	9534.668	808.526050268	10529.3	917.526275024
6.116	156.920250106	9999.023	23993.2059449	9525.879	890.340827051	10451.66	1191.34220126
6.117	139.886056826	9997.559	17975.2480356	9480.469	864.868902461	10541.02	920.87924885
6.118	125.031607276	9996.094	26551.0574075	9533.203	999.18615466	10517.58	811.969365776
6.119	121.180078663	9996.094	20540.4687472	9534.668	580.939037537	10482.42	755.486555727
6.12	99.320198975	9994.629	21437.8923733	9480.469	531.470187119	10533.69	714.329943722
6.121	90.8655455533	9999.023	17720.578921	9540.527	668.543399705	10517.58	492.508561402
6.122	83.9157263784	9999.023	18794.1747504	9509.766	603.832767502	10532.23	763.274751461
6.123	81.4245418702	9997.559	19356.0907151	9525.879	576.919666434	10498.54	383.729363224
6.124	72.5126520843	9996.094	16010.8112917	9467.285	274.767642824	10483.89	366.900810451
6.125	68.3985725067	9996.094	16114.5024498	9454.102	462.120604607	10504.39	370.834756187
6.126	62.9092483983	9994.629	18418.9730869	9540.527	341.004015922	10476.56	289.061989598
6.127	61.2552252352	10000.49	12307.0701723	9546.387	402.04270881	10532.23	453.909610768
6.128	55.0904699471	9999.023	15059.9824719	9514.16	264.334351008	10456.05	460.506322323
6.129	53.4011878607	9997.559	11601.972071	9546.387	459.489110385	10458.98	254.625951744
6.13	48.3869659997	9997.559	8150.51785455	9503.906	312.465585036	10510.25	374.523293132
6.131	44.0164860871	9996.094	7713.22827874	9483.398	311.298352381	10482.42	311.644187575
6.132	42.929678443	9994.629	6549.8913713	9544.922	333.954321634	10464.84	288.677755273
6.133	41.4269508507	10000.49	5679.6599223	9498.047	205.268307367	10502.93	224.170553595
6.134	48.2495428011	9999.023	7728.33132843	9524.414	265.169785377	10451.66	286.813689944
6.135	38.0390563815	9999.023	5772.25297966	9473.145	201.60135389	10483.89	206.693778405
6.136	34.5539024442	9997.559	6788.63134116	9536.133	139.381222708	10456.05	244.378053179
6.137	33.9149542235	9996.094	5116.80778235	9492.188	131.440563596	10479.49	154.932800145
6.138	32.7089388544	9994.629	5952.06149297	9492.188	252.993176552	10533.69	116.446161595
6.139	33.99206541	9994.629	6850.0740343	9471.68	116.025467896	10492.68	172.11290275
6.14	34.1333412632	9999.023	6911.41571036	9483.398	195.020799073	10495.61	174.278732183
6.141	31.8545715537	9999.023	5816.92373738	9546.387	248.653891252	10489.75	379.566831807
6.142	28.8572244746	9997.559	7306.96326472	9528.809	213.55115599	10527.83	219.117551802
6.143	29.1251819076	9996.094	6371.23406518	9509.766	257.85062859	10507.32	259.773381807
6.144	28.4147524985	9996.094	7680.82667368	9468.75	152.137971828	10469.24	257.755942207
6.145	30.3262684735	9994.629	7234.98383881	9500.977	176.393248675	10467.77	276.764305853
6.146	38.7709841297	9999.023	6870.36780791	9541.992	289.604593208	10467.77	267.648443308
6.147	26.7567622705	9999.023	8751.11885689	9457.031	186.062536904	10513.18	277.569090483
6.148	25.7111702053	9997.559	9240.68947447	9511.23	182.615863803	10519.04	208.843645652
6.149	26.6818835909	9996.094	7003.2656828	9498.047	207.261268058	10472.17	145.970177127
6.15	26.4031485991	9996.094	9684.38247284	9477.539	181.588500859	10454.59	120.051199817
6.151	25.7960154222	9994.629	9037.22779604	9505.371	136.1437931	10466.31	266.734934584
6.152	25.6245459235	10000.49	8325.09735311	9503.906	155.548396082	10466.31	198.145252959
6.153	27.0668588615	9999.023	10136.0650169	9540.527	98.5820583993	10539.55	180.884622515
6.154	23.9189019069	9997.559	10482.1640385	9457.031	119.728227565	10453.12	118.968247831
6.155	24.5643819683	9997.559	11033.2362831	9468.75	226.860225428	10469.24	144.727123112
6.156	23.7411590839	9996.094	13394.9879128	9540.527	138.792854854	10482.42	156.607509485
6.157	47.9245296216	9994.629	14349.081185	9534.668	441.785022143	10514.65	353.315397996
6.158	25.3958879648	10000.49	16804.8454653	9515.625	182.59872253	10533.69	112.10277151
6.159	24.7774897786	9999.023	17849.6349365	9477.539	238.690834591	10450.2	171.100128416
6.16	24.6389855319	9997.559	16545.2588349	9464.355	109.344270529	10545.41	122.789444946
6.161	24.5160790749	9997.559	17168.2245472	9528.809	109.135286166	10535.16	228.127238265
6.162	25.6985310471	9996.094	20266.1623464	9486.328	198.607472441	10495.61	139.43559492
6.163	23.3831373454	9994.629	18911.1073476	9512.695	161.74067162	10494.14	151.078309797
6.164	23.53445498	9994.629	22284.2053304	9505.371	198.570055442	10523.44	97.5597212008
6.165	24.2957442428	9999.023	23004.528279	9489.258	139.656258983	10530.76	140.885430083
6.166	22.2725281243	9999.023	22532.6939701	9461.426	94.4448737687	10548.34	203.140040233
6.167	24.7224296799	9997.559	20895.0800993	9530.273	251.267364934	10548.34	124.206638082
6.168	21.9063807133	9996.094	19064.5432318	9540.527	136.8367521	10479.49	160.023315715
6.169	22.3929661473	9996.094	15780.3839299	9549.316	90.5545882034	10530.76	169.243029006
6.17	23.4640040964	9994.629	16816.3029551	9541.992	223.74488087	10533.69	143.923367505
6.171	22.8912880152	9999.023	13110.650854	9496.582	135.1500673	10526.37	134.37638642
6.172	22.3564031154	9999.023	10912.0715396	9537.598	139.656629425	10532.23	110.904457354
6.173	22.6391687434	9997.559	11400.3403445	9531.738	185.799462818	10527.83	149.442514478
6.174	21.9744119217	9996.094	8801.15179744	9549.316	86.7641198975	10475.1	160.757201355
6.175	22.6994160131	9996.094	8507.314576	9455.566	161.209340258	10523.44	93.7829526596
6.176	22.4408748779	9994.629	8631.54256295	9525.879	153.710949807	10488.28	152.758383647
6.177	23.3148719646	10000.49	7662.12050125	9521.484	133.765979035	10489.75	137.645451081
6.178	23.2534190186	9999.023	8430.14817203	9546.387	242.80744215	10542.48	211.610390707
6.179	22.5940114881	9997.559	7573.13986318	9544.922	132.036013159	10489.75	174.036276691
6.18	20.9537479403	9997.559	6875.0175404	9511.23	143.708521359	10472.17	147.974133381
6.181	22.7164732205	9996.094	8241.73778091	9528.809	176.756007585	10526.37	115.44778905
6.182	19.9894775641	9994.629	6126.70210879	9487.793	108.982623265	10460.45	136.036560016
6.183	20.4532216462	10000.49	6542.58730342	9524.414	121.397549766	10530.76	182.133573552
6.184	20.7143650751	9999.023	7281.02980931	9490.723	133.435380119	10532.23	123.901845521
6.185	21.6917207809	9997.559	5763.07945191	9549.316	161.155686068	10457.52	124.331269043
6.186	20.9835587967	9997.559	7382.56228078	9468.75	181.433577728	10535.16	94.1203572268
6.187	20.8984468323	9996.094	7466.48028699	9512.695	197.701443424	10486.82	109.135208879
6.188	21.8796909848	9994.629	5835.78290226	9517.09	254.085719466	10472.17	128.624670948
6.189	23.1778284935	9994.629	6815.8674476	9452.637	146.029298759	10453.12	267.589187054
6.19	21.5103763492	9999.023	7187.71527151	9512.695	213.099751174	10543.95	256.736275726
6.191	22.971283041	9999.023	7371.00570118	9499.512	159.078264452	10494.14	149.193416813
6.192	22.5051453947	9997.559	8747.36182135	9536.133	151.958007819	10543.95	194.392815117
6.193	24.7970283547	9996.094	8351.83871717	9534.668	157.660797094	10538.09	155.153407039
6.194	23.6445879094	9996.094	8828.2884366	9508.301	166.721466949	10456.05	155.943190734
6.195	24.2251605842	9994.629	8132.62152538	9462.891	205.008264447	10502.93	110.554792558
6.196	23.6753276038	9999.023	9222.33091498	9459.961	315.911006878	10508.79	248.001261996
6.197	25.7173231514	9999.023	8127.27009715	9454.102	160.971552709	10464.84	184.718315226
6.198	24.9419039602	9997.559	9048.6951808	9479.004	207.519595596	10505.86	249.115375918
6.199	25.2881969421	9996.094	7410.88133334	9534.668	102.387378096	10479.49	264.874981357
6.2	82.5097928124	9996.094	9354.85775392	9530.273	893.828480522	10521.97	546.514965018
6.201	25.8206887303	9994.629	7484.97260101	9527.344	197.207982462	10524.9	193.075651386
6.202	28.373979185	10000.49	5289.35714112	9499.512	163.584263868	10470.7	208.124258032
6.203	26.725661582	9999.023	8093.11744873	9495.117	183.300375822	10489.75	146.992961673
6.204	25.4269258552	9997.559	6253.91940739	9512.695	169.837050825	10473.63	214.589190011
6.205	30.0251779555	9997.559	5553.81608636	9533.203	181.965478207	10453.12	165.537627757
6.206	27.8084143598	9996.094	7417.44923798	9536.133	210.605441738	10542.48	153.9251042
6.207	49.6349621314	9994.629	7301.4675745	9508.301	428.109504715	10523.44	309.514210775
6.208	27.8031412236	10000.49	5848.78904641	9509.766	188.062077011	10543.95	210.442049468
6.209	27.5397079861	9999.023	8007.29819575	9547.852	160.958482516	10535.16	185.906978529
6.21	111.061315913	9997.559	7027.1663956	9512.695	508.846513223	10533.69	603.768170334
6.211	26.0382927701	9997.559	6704.85435838	9543.457	225.1936814	10535.16	179.213345557
6.212	27.4862290031	9996.094	6641.1237081	9518.555	183.836945788	10450.2	222.959886755
6.213	26.5635811682	9994.629	5283.72567472	9540.527	149.366643169	10521.97	171.048033641
6.214	27.0146889616	9994.629	6294.01429687	9533.203	189.493355752	10519.04	227.639390154
6.215	26.6934506973	9999.023	5011.42845885	9479.004	113.483743202	10453.12	164.685413684
6.216	26.2657853314	9999.023	5932.28344473	9505.371	195.908484987	10536.62	287.351971091
6.217	27.0101123528	9997.559	6461.91440483	9496.582	182.867371568	10491.21	166.06332221
6.218	31.5548099247	9996.094	6239.65122108	9465.82	148.426741359	10538.09	113.295536929
6.219	29.7228744624	9996.094	5181.72776449	9502.441	265.339758864	10451.66	191.527389961
6.22	44.6237703745	9994.629	5049.0429231	9455.566	275.020549889	10467.77	222.178741334
6.221	35.4114116102	9999.023	3514.79228021	9471.68	273.640944245	10524.9	196.484670519
6.222	35.0213759106	9999.023	3723.63762472	9462.891	249.930999217	10467.77	378.194979686
6.223	28.6674527411	9997.559	3527.52372567	9465.82	183.72296501	10511.72	244.177269763
6.224	31.6159069984	9997.559	2226.45940061	9492.188	216.288425271	10516.11	237.611475069
6.225	32.917939683	9996.094	2244.65175673	9540.527	211.919868863	10541.02	108.895819925
6.226	33.9751196799	9994.629	2098.00956348	9506.836	161.258675761	10543.95	329.603481322
6.227	31.8366470456	10000.49	1857.45477367	9489.258	139.203226012	10511.72	270.300029922
6.228	32.7139225772	9999.023	1647.45480208	9458.496	272.657980084	10549.8	192.596409017
6.229	30.1979144855	9997.559	2242.42011383	9457.031	140.808319991	10450.2	126.896575521
6.23	32.1071095372	9997.559	2695.98012368	9471.68	189.261634657	10453.12	185.640962879
6.231	34.5159657472	9996.094	3076.20019476	9503.906	187.934777376	10536.62	217.646420711
6.232	49.9878241169	9994.629	2255.22250115	9473.145	336.517996679	10475.1	339.08638046
6.233	123.081570093	10000.49	3433.84242075	9454.102	1067.3398312	10510.25	952.848850555
6.234	4916.03968365	9979.98	57912.5496161	9465.82	26336.2448647	10466.31	36157.9334021
6.235	62.6113681964	9997.559	1501.69680792	9522.949	756.599186959	10461.91	439.621651577
6.236	38.8419188855	9997.559	1893.94506189	9455.566	157.333818098	10519.04	192.172497539
6.237	38.53068114	9996.094	2365.77640482	9500.977	250.554210035	10454.59	219.904699431
6.238	34.8011555957	9994.629	2372.64145039	9476.074	179.226715393	10480.96	219.948221789
6.239	38.4133767679	9994.629	1699.69483059	9500.977	187.430616232	10483.89	167.364234904
6.24	39.2934032476	9999.023	2375.11487018	9471.68	247.027971463	10532.23	199.683131464
6.241	42.9531153185	9999.023	1924.58873192	9471.68	286.331665948	10450.2	226.97458519
6.242	46.7426142044	9997.559	1846.32505556	9506.836	225.398553278	10485.35	327.013557086
6.243	44.042194218	9996.094	1643.11080974	9512.695	364.733038364	10453.12	303.830135318
6.244	44.3209132586	9996.094	2008.92036717	9514.16	319.472087215	10491.21	198.065410072
6.245	46.7715322617	9994.629	2200.46175683	9486.328	221.280695989	10454.59	273.161088082
6.246	42.4994495654	9999.023	1868.41655557	9458.496	156.011179195	10457.52	328.435989868
6.247	39.9161015531	9999.023	2277.63056739	9508.301	571.349033765	10479.49	191.876160923
6.248	43.56013754	9997.559	3664.16572251	9499.512	416.10062861	10507.32	289.970312143
6.249	85.8221712986	9996.094	1940.3134096	9492.188	537.822381266	10523.44	536.115004786
6.25	40.7486255337	9996.094	2866.49677504	9547.852	224.130589248	10464.84	296.399255707
6.251	43.8000864826	9994.629	4225.29702918	9467.285	280.328096059	10453.12	297.216427696
6.252	46.2638548439	10000.49	3923.40413021	9543.457	377.558165493	10548.34	370.177180866
6.253	41.0537660607	9999.023	5056.83383359	9479.004	421.152998023	10510.25	236.075112887
6.254	39.6969373383	9997.559	4412.22178171	9499.512	292.876969347	10454.59	209.68166167
6.255	40.5194880186	9997.559	2825.84854662	9534.668	398.597008714	10542.48	216.955566795
6.256	42.3878673575	9996.094	3975.31498726	9508.301	238.319281191	10536.62	312.173792152
6.257	39.5222436128	9994.629	3248.46066533	9530.273	260.329308003	10480.96	232.601090715
6.258	41.7228042137	10000.49	3199.71517827	9492.188	211.516626684	10480.96	204.777987895
6.259	46.8609598848	9999.023	3084.525914	9492.188	215.895820074	10545.41	313.835469544
6.26	42.5551360792	9999.023	2497.62456433	9541.992	394.409480371	10475.1	305.869591593
6.261	44.8531458218	9997.559	2211.42430131	9465.82	350.095764878	10529.3	257.59830413
6.262	40.8930694481	9996.094	1720.38912505	9500.977	251.108121727	10494.14	212.148413841
6.263	47.0116586557	9994.629	1923.50765396	9518.555	242.534751188	10491.21	359.33899682
6.264	55.9222357691	9994.629	2072.82352939	9496.582	445.628955482	10510.25	323.659127368
6.265	49.5817810932	9999.023	1619.93303053	9503.906	165.96799051	10516.11	341.525767908
6.266	48.1866877241	9999.023	2007.95230358	9465.82	234.186916069	10523.44	309.416045094
6.267	81.0991639987	9997.559	2347.19211697	9467.285	559.324759605	10539.55	367.206473165
6.268	51.725680599	9996.094	2106.49815326	9539.062	228.093116261	10500.0	410.135563297
6.269	52.6190946543	9996.094	1640.84005738	9531.738	638.212036636	10501.46	258.556184922
6.27	52.2889720462	9994.629	1982.28928966	9527.344	462.580432831	10538.09	234.883242438
6.271	52.5695790936	9999.023	1865.63618319	9512.695	299.750711413	10486.82	307.014133566
6.272	55.1409495825	9999.023	2396.24923331	9462.891	502.202612122	10454.59	258.464886777
6.273	62.8615531276	9997.559	3098.08180696	9459.961	253.01904921	10466.31	242.659161652
6.274	56.5783697639	9996.094	2378.67246706	9522.949	407.383641137	10498.54	412.631449425
6.275	59.0605640924	9996.094	2281.89286961	9505.371	409.867643712	10507.32	341.919460896
6.276	58.4478843104	9994.629	3395.76405407	9534.668	365.688765875	10451.66	312.116447331
6.277	56.3957203313	10000.49	3296.79915723	9470.215	221.901684017	10482.42	402.625258306
6.278	57.8881848746	9999.023	4751.73266815	9464.355	542.732820419	10476.56	507.123375938
6.279	63.4508760093	9997.559	3309.1314745	9512.695	338.503379717	10454.59	334.183270083
6.28	61.6436795808	9997.559	3378.78051441	9468.75	330.211574427	10526.37	384.006651379
6.281	66.1659956169	9996.094	4230.80586523	9476.074	326.574407594	10450.2	368.249893233
6.282	62.7236117676	9994.629	3784.28008585	9533.203	547.438776598	10536.62	450.752336672
6.283	61.6706314059	10000.49	4114.71400831	9522.949	534.161220065	10479.49	275.974333963
6.284	65.3807910119	9999.023	3850.20393325	9465.82	321.728704696	10453.12	518.647834159
6.285	74.1697362931	9997.559	5048.48708579	9543.457	622.514245328	10527.83	333.900593372
6.286	69.3385775674	9997.559	2299.25310012	9549.316	249.190391762	10491.21	308.282137425
6.287	68.9486293594	9996.094	2660.72671625	9515.625	252.745794344	10497.07	408.64341252
6.288	71.7905116134	9996.094	2658.92700947	9541.992	585.86482299	10548.34	382.519924103
6.289	71.5290073423	9994.629	1281.23534366	9499.512	318.963171426	10467.77	493.411880928
6.29	68.831003372	9999.023	1678.71416374	9467.285	363.403049139	10451.66	779.833722158
6.291	76.9055338849	9999.023	2279.0849693	9464.355	424.721566777	10453.12	437.470340243
6.292	69.2259333599	9997.559	2469.76138411	9459.961	556.65757536	10502.93	543.766453315
6.293	81.7729070095	9996.094	2429.07743131	9484.863	329.791881131	10482.42	312.368763594
6.294	73.3421742456	9996.094	2519.12690027	9462.891	396.638592038	10494.14	430.206893288
6.295	74.2121145116	9994.629	3014.51834378	9541.992	433.54839838	10486.82	438.359390654
6.296	77.7530313462	9999.023	2869.95353275	9487.793	519.124718323	10456.05	518.168465403
6.297	71.8846849425	9999.023	3450.61447011	9480.469	612.766292215	10529.3	755.91292169
6.298	70.4215065089	9997.559	2542.81952228	9546.387	712.536310557	10458.98	324.769543348
6.299	75.2637942724	9996.094	2712.43503472	9480.469	506.50852673	10514.65	416.865263274
6.3	79.7398309962	9996.094	3407.32869579	9499.512	498.208294428	10476.56	687.227554552
6.301	80.4220575304	9994.629	3498.17540051	9495.117	580.520232866	10489.75	440.99029757
6.302	80.8813114878	10000.49	2641.1337955	9528.809	582.437189549	10519.04	448.595934723
6.303	79.6225531433	9999.023	2886.08771427	9486.328	550.976507434	10483.89	647.799451934
6.304	82.0086562629	9997.559	3381.29560369	9525.879	409.165868119	10520.51	421.051941905
6.305	89.3555583756	9997.559	3000.66994319	9458.496	606.002051296	10463.38	1010.17528471
6.306	79.8205699832	9996.094	1909.96483223	9541.992	478.722027597	10492.68	717.460403953
6.307	79.3044849865	9994.629	1178.74648147	9484.863	376.895492731	10494.14	506.773837858
6.308	73.2758184514	10000.49	769.435979099	9464.355	572.040866058	10466.31	509.700455113
6.309	78.7921673226	9963.867	877.833348931	9517.09	687.463127688	10495.61	521.334894449
6.31	78.7359765492	9997.559	975.840995868	9524.414	397.316662409	10488.28	450.7926317
6.311	81.2331635446	9997.559	729.547896461	9470.215	700.856902068	10482.42	512.28999571
6.312	82.6874876815	9996.094	837.966215023	9464.355	316.359536758	10532.23	485.119337648
6.313	78.9298679884	9994.629	927.887019873	9511.23	476.733850683	10454.59	330.873382231
6.314	78.2447632852	9994.629	979.893124365	9474.609	283.834674972	10542.48	631.839124576
6.315	76.4360654547	9999.023	666.814885126	9462.891	520.479045352	10457.52	915.704494218
6.316	81.9424086186	9999.023	1075.05406449	9487.793	447.076964783	10454.59	525.556785551
6.317	77.9404421347	9997.559	1508.29749829	9511.23	378.9171604	10548.34	535.619083553
6.318	85.3927330811	9996.094	1394.28713954	9547.852	699.710112384	10529.3	897.896769666
6.319	78.0256540826	9996.094	2860.25973736	9536.133	578.342333234	10524.9	451.068066609
6.32	80.0743165902	9994.629	2247.61969658	9474.609	590.889224855	10539.55	546.170116611
6.321	77.4034336521	9999.023	2234.9836161	9527.344	554.344195755	10542.48	524.904937649
6.322	78.364951686	9999.023	5154.01000677	9455.566	367.427947971	10536.62	501.061348173
6.323	77.7903617518	9997.559	5999.13067142	9467.285	401.796424459	10470.7	449.280282672
6.324	68.3350918742	9996.094	4075.22129074	9459.961	334.416208819	10456.05	678.815595408
6.325	74.4284494863	9996.094	4796.90118474	9506.836	497.996745543	10467.77	578.532865844
6.326	70.8422276206	9994.629	6222.58575584	9468.75	566.496150168	10498.54	377.515209372
6.327	119.506985305	10000.49	6744.63895409	9493.652	603.6883573	10480.96	797.104876899
6.328	74.5840081877	9999.023	5890.99240947	9498.047	646.254780161	10492.68	507.383217735
6.329	82.6900091339	9997.559	5873.50043378	9495.117	566.795937586	10456.05	565.337936473
6.33	81.1438291757	9997.559	7373.83851586	9544.922	482.108513723	10478.03	528.289815733
6.331	78.3185924483	9996.094	8577.15251982	9476.074	414.181681645	10549.8	257.351269047
6.332	82.6279809191	9994.629	8456.85061297	9499.512	715.052388431	10491.21	639.305984178
6.333	78.0904218895	10000.49	7976.48116996	9537.598	885.938264196	10507.32	527.081752252
6.334	79.4958440315	9999.023	10530.3069597	9451.172	364.484851751	10527.83	579.999613237
6.335	86.8256533408	9997.559	12679.1923202	9506.836	713.446444995	10491.21	614.357594359
6.336	72.1328446644	9997.559	9030.63398424	9451.172	408.354607322	10533.69	554.826482551
6.337	76.3387122755	9996.094	11981.705543	9534.668	407.269833667	10504.39	596.473247441
6.338	74.8920711867	9994.629	10970.6140433	9544.922	563.499579712	10504.39	416.225631585
6.339	80.4876538612	9994.629	13221.693506	9524.414	462.566366886	10478.03	433.896941861
6.34	85.1488127374	9999.023	10064.3493537	9490.723	921.041790358	10530.76	533.415856656
6.341	79.0231050915	9999.023	15116.0126961	9492.188	379.865991566	10476.56	564.147150581
6.342	79.8536174871	9997.559	13494.2573766	9540.527	383.477914375	10495.61	858.361396483
6.343	78.02634669	9996.094	14924.6288192	9490.723	481.025987165	10492.68	462.661434159
6.344	72.5926242652	9996.094	15639.426282	9512.695	558.195049875	10516.11	348.3785084
6.345	85.9125631063	9994.629	16978.946915	9458.496	380.423152297	10489.75	469.619611681
6.346	77.3334502972	9999.023	15939.6163744	9528.809	414.217981808	10529.3	377.93947014
6.347	78.9607076047	9999.023	17488.6131733	9465.82	364.270322435	10497.07	399.311058606
6.348	80.8797056397	9997.559	22539.72905	9477.539	723.587910355	10460.45	731.321269092
6.349	78.5174774727	9996.094	22129.3154847	9486.328	374.710349873	10497.07	644.602615203
6.35	77.4990628302	9996.094	20292.5803527	9528.809	550.426630016	10535.16	607.17768702
6.351	82.7968223164	9994.629	24014.469069	9465.82	386.683605742	10538.09	541.701344691
6.352	83.0731756929	10000.49	21809.1103613	9514.16	379.798485476	10476.56	433.695115658
6.353	89.7397373682	9999.023	26277.2054431	9500.977	665.483901054	10500.0	675.669786637
6.354	81.2652844603	9997.559	31003.6205041	9543.457	315.327180602	10492.68	696.864101176
6.355	80.5570251365	9997.559	27610.3798679	9464.355	806.211236279	10519.04	525.63426481
6.356	92.2250012907	9996.094	32354.4123767	9473.145	829.655636688	10457.52	662.287219672
6.357	89.4968127615	9994.629	32747.1508335	9452.637	445.773842246	10507.32	1152.2529305
6.358	93.3845930601	10000.49	36651.4216434	9508.301	733.504534074	10450.2	560.800134823
6.359	85.5053820912	9999.023	36527.0818708	9451.172	568.007579367	10457.52	740.209084103
6.36	87.6499076849	9997.559	33025.4915106	9479.004	989.670086155	10489.75	864.2738202
6.361	83.5449864736	9997.559	30072.3385715	9474.609	726.001672885	10463.38	432.409191357
6.362	94.0237270457	9996.094	30011.4368057	9454.102	712.85490068	10505.86	493.002777004
6.363	90.3490069322	9994.629	25881.9135142	9518.555	445.308754586	10514.65	323.076133624
6.364	139.767905083	9994.629	26161.163298	9451.172	732.554914884	10500.0	656.349707299
6.365	87.3228696111	9999.023	24607.0178529	9452.637	642.553858348	10482.42	677.619996782
6.366	89.5401340978	9999.023	26467.1254199	9479.004	578.026994445	10532.23	800.894040252
6.367	92.2237260031	9997.559	27365.8333149	9489.258	660.841369983	10520.51	242.275177053
6.368	90.0355660092	9996.094	25431.1347444	9477.539	794.244830432	10507.32	430.465990218
6.369	92.6148029616	9996.094	25106.4221874	9512.695	601.295331285	10494.14	442.826514089
6.37	85.8527056942	9994.629	29011.1624333	9547.852	586.379537495	10514.65	487.339823313
6.371	89.34068193	9999.023	24843.7887622	9462.891	784.873152908	10456.05	451.111648361
6.372	88.2900614462	9999.023	27439.4756096	9500.977	345.180007734	10497.07	768.845433162
6.373	85.2863179694	9997.559	29457.5205848	9515.625	535.426163683	10527.83	433.869748096
6.374	85.0342428811	9996.094	25848.57956	9502.441	453.875815309	10532.23	636.063253443
6.375	79.6348378398	9996.094	28733.9606029	9479.004	406.187658029	10521.97	637.173817044
6.376	89.5604649407	9994.629	26476.4141841	9531.738	692.538697244	10504.39	600.498245543
6.377	78.2846574743	10000.49	27997.6736332	9515.625	512.339827617	10523.44	468.774922578
6.378	83.2174474303	9999.023	28848.0913963	9479.004	503.788284712	10510.25	399.089452915
6.379	85.4444739665	9997.559	24109.5071838	9484.863	739.084098038	10510.25	401.925424207
6.38	74.9817666674	9997.559	24484.6036962	9467.285	379.404702227	10457.52	566.698666416
6.381	82.0727942588	9996.094	30484.5723955	9495.117	580.833348581	10494.14	510.629055699
6.382	74.4364262618	9994.629	26710.0222151	9496.582	538.89911028	10478.03	373.567018412
6.383	76.3933573529	10000.49	23748.0500828	9533.203	576.146520618	10450.2	434.863069148
6.384	73.0428390902	9999.023	22356.5279966	9489.258	298.511986466	10504.39	395.004094989
6.385	75.8539114106	9997.559	19926.7801125	9498.047	275.225264829	10508.79	317.803820284
6.386	73.1512688332	9997.559	19232.3781831	9528.809	477.497710648	10516.11	520.144550631
6.387	78.450049465	9996.094	24726.3327257	9499.512	404.125188343	10501.46	562.636021173
6.388	72.2228082242	9994.629	16555.6844922	9534.668	501.506777928	10489.75	670.57123141
6.389	77.325585325	9994.629	21155.2787096	9470.215	420.303649592	10472.17	402.425743147
6.39	72.8452298112	9999.023	18973.5687636	9484.863	809.272554054	10549.8	357.984416123
6.391	78.244813941	9999.023	17617.105793	9493.652	387.528466464	10543.95	498.747853315
6.392	76.1429639387	9997.559	18435.8422254	9521.484	539.496500878	10492.68	572.43770576
6.393	87.4121690077	9996.094	15898.8767318	9508.301	709.284028843	10470.7	694.707266406
6.394	79.686910758	9996.094	13598.580941	9495.117	464.985534322	10545.41	455.547808133
6.395	91.8599276001	9994.629	14300.6206908	9457.031	377.449533245	10472.17	517.924127567
6.396	84.319914199	9999.023	16817.5433001	9522.949	515.285176231	10524.9	475.551280742
6.397	88.6743250956	9999.023	15941.7647462	9549.316	483.914887712	10469.24	662.415744546
6.398	108.863001465	9997.559	15126.0865154	9471.68	586.154482805	10521.97	954.162510316
6.399	294.986641773	9996.094	13241.5542197	9470.215	2718.21836319	10489.75	2069.5634752
6.4	26456.14966	10044.43	186124.390704	9546.387	244121.420828	10508.79	145729.190832
6.401	283.571143317	9994.629	17450.3448516	9483.398	2196.07691698	10483.89	1921.82888217
6.402	100.052242347	10000.49	17031.0951231	9476.074	859.559429517	10497.07	503.328837255
6.403	87.6157844238	9999.023	19951.1036948	9484.863	730.734257356	10458.98	640.614109161
6.404	84.7838160773	9997.559	17073.8657038	9509.766	524.26497063	10475.1	441.009586277
6.405	83.050041291	9997.559	20353.1776724	9547.852	528.871163828	10529.3	885.669935244
6.406	109.807016576	9996.094	25516.7474177	9511.23	802.072507461	10486.82	570.13551993
6.407	107.809855281	9994.629	25008.4683074	9476.074	551.816116729	10451.66	685.323928082
6.408	83.7242691534	10000.49	25033.8546317	9527.344	549.579460772	10451.66	550.839516971
6.409	79.3504520833	9999.023	28174.1759971	9462.891	461.320637444	10460.45	577.428750987
6.41	86.9554074568	9997.559	24307.973655	9474.609	441.09646315	10485.35	428.794577448
6.411	80.3551367276	9997.559	27261.8041391	9451.172	493.293947875	10486.82	659.399404888
6.412	81.8244410809	9996.094	26234.3473996	9499.512	389.728824415	10500.0	568.093715809
6.413	86.3132153146	9996.094	25845.2128885	9499.512	389.419337411	10510.25	579.240789699
6.414	85.2534966652	9994.629	28694.517936	9458.496	598.370510214	10524.9	768.37154887
6.415	91.4962496286	9999.023	30621.0718928	9458.496	467.890269395	10485.35	616.780706357
6.416	86.6252431733	9999.023	30945.4403877	9541.992	734.273165621	10526.37	360.003510272
6.417	99.4987708028	9997.559	29631.8456697	9549.316	523.933811771	10523.44	669.759733169
6.418	96.5405289579	9996.094	26454.6735658	9508.301	930.383443726	10521.97	883.121915503
6.419	97.2362292677	9996.094	22836.1097189	9544.922	658.000885615	10451.66	629.290461881
6.42	99.4521433604	9994.629	21939.4839554	9470.215	598.495719124	10472.17	520.961890725
6.421	91.2624905804	9999.023	16355.5606474	9512.695	725.58529406	10491.21	575.815445719
6.422	92.7125488474	9999.023	14103.261504	9490.723	950.371849201	10526.37	483.17552621
6.423	85.655700648	9997.559	13934.0164351	9479.004	588.53680734	10521.97	716.947426482
6.424	88.1796795411	9996.094	8765.72742148	9541.992	531.175122704	10514.65	880.886072833
6.425	93.2989286616	9996.094	9608.03170606	9493.652	699.522478089	10545.41	930.062265707
6.426	77.7661526064	9994.629	8806.02920101	9500.977	481.551545282	10514.65	352.587438625
6.427	88.9537061668	10000.49	7359.77464154	9512.695	971.191140568	10473.63	666.227530872
6.428	80.9864116909	9999.023	8482.32691572	9470.215	616.52618884	10498.54	580.265775786
6.429	79.8822759452	9997.559	6907.65944999	9493.652	707.433288815	10511.72	745.221493965
6.43	94.2178848224	9997.559	5185.58941385	9455.566	660.310724251	10489.75	652.355109778
6.431	86.4831460878	9996.094	5630.27093349	9479.004	503.371474182	10492.68	694.315922203
6.432	88.4447004463	9994.629	3878.44977288	9462.891	804.730287046	10527.83	851.75631559
6.433	92.2421913431	10000.49	3634.25741342	9511.23	648.982370094	10486.82	665.931577661
6.434	113.724797031	9999.023	2724.27644638	9479.004	461.612458779	10542.48	1251.2434776
6.435	104.700452315	9997.559	1858.30624178	9517.09	748.68794702	10469.24	781.268136905
6.436	145.85928393	9997.559	2587.93450526	9543.457	787.663901116	10542.48	905.921606375
6.437	112.564704241	9996.094	2695.32457504	9546.387	396.869686425	10476.56	778.551849809
6.438	112.229057765	9994.629	1783.30278621	9508.301	524.132667835	10453.12	867.193695295
6.439	117.497282578	9994.629	2354.78655838	9549.316	467.497529829	10472.17	1060.18075188
6.44	113.293462647	9999.023	2267.66792405	9534.668	480.733387323	10473.63	677.367066997
6.441	124.143401142	9977.051	868.623221166	9512.695	726.029078887	10523.44	828.455719255
6.442	115.950036921	9997.559	3209.64708653	9547.852	806.729739096	10497.07	798.312134395
6.443	123.887509689	9996.094	3302.38793167	9503.906	826.996002783	10501.46	661.498985773
6.444	121.646402818	9996.094	3371.58282273	9503.906	1343.98001135	10497.07	806.8609225
6.445	184.794685056	9994.629	4864.7866394	9479.004	849.602936309	10454.59	1380.40206307
6.446	137.285413606	9999.023	2761.87131425	9468.75	674.679136192	10475.1	906.304344936
6.447	109.627249847	9999.023	3505.27260051	9487.793	902.452327994	10486.82	802.200998574
6.448	107.355919513	9997.559	2329.57706645	9500.977	617.211898926	10538.09	777.548521011
6.449	107.431162704	9996.094	2450.24951786	9531.738	496.338763477	10532.23	685.129595092
6.45	96.2667221574	9996.094	2635.01493991	9509.766	462.017416418	10461.91	438.679076068
6.451	92.4834856371	9994.629	4656.27372459	9511.23	1104.86963216	10510.25	450.446149164
6.452	90.4470711696	9999.023	3001.84159076	9454.102	532.325341605	10456.05	591.784915869
6.453	97.1831057823	9999.023	6599.26086082	9522.949	687.025593431	10501.46	510.399401245
6.454	98.2625661199	9997.559	3231.46529842	9500.977	1180.64806951	10456.05	536.946694544
6.455	97.6686055702	9997.559	3336.52328839	9508.301	599.59477186	10456.05	1077.79196471
6.456	99.4681813023	9996.094	3236.33571782	9515.625	439.450474554	10538.09	785.040065056
6.457	107.409599357	9994.629	3870.78008482	9468.75	417.84595315	10510.25	484.194245234
6.458	109.744425849	10000.49	2797.09926798	9471.68	892.950938984	10539.55	525.594730301
6.459	94.5663989821	9999.023	2707.17538217	9474.609	755.744333309	10514.65	792.321371733
6.46	97.1421398168	9997.559	1780.1964288	9537.598	478.320478201	10485.35	712.948304971
6.461	101.912139057	9997.559	3735.87940356	9489.258	511.983339464	10494.14	865.303577782
6.462	100.690785056	9996.094	1700.87396427	9539.062	531.193259138	10521.97	651.86467977
6.463	100.704205104	9994.629	2137.33674519	9454.102	796.758715901	10524.9	858.711161572
6.464	99.825550336	9994.629	2265.81606293	9518.555	545.058791127	10485.35	493.816396868
6.465	105.742541999	9999.023	1775.7044394	9461.426	464.120391465	10504.39	488.41567824
6.466	101.532567411	9999.023	1002.29960939	9533.203	1034.68136843	10539.55	906.555616701
6.467	100.4572001	9997.559	888.095999419	9490.723	486.757766666	10475.1	604.757321151
6.468	99.9182146957	9996.094	2190.19077401	9517.09	670.709859092	10530.76	525.011928203
6.469	98.4069462188	9996.094	1200.20342748	9527.344	751.691173031	10511.72	535.002353482
6.47	94.8087684058	9994.629	1403.71374471	9474.609	663.397926595	10498.54	627.39283079
6.471	95.3086783132	9999.023	792.690189686	9520.02	725.687155969	10450.2	497.97987139
6.472	92.9847161957	9999.023	504.343233995	9521.484	540.460819999	10546.88	549.868609093
6.473	99.9486591493	9997.559	614.152284106	9474.609	787.607107156	10451.66	438.578970395
6.474	90.1846416136	10016.6	575.730636606	9509.766	734.348821875	10454.59	804.537068947
6.475	100.012540211	10047.36	571.064420169	9514.16	817.793349976	10489.75	540.074314924
6.476	105.538228462	9994.629	1132.50035476	9476.074	523.54714963	10473.63	862.980716677
6.477	90.7172786666	9999.023	658.670682002	9534.668	925.037102887	10511.72	542.75006084
6.478	83.9383064141	9999.023	811.020258393	9461.426	311.1547069	10520.51	731.304350618
6.479	87.9045193031	9997.559	678.809179166	9471.68	953.236556315	10498.54	518.276041205
6.48	85.8187292194	9997.559	678.064779885	9505.371	568.215192052	10510.25	615.532197984
6.481	87.8504057775	9952.148	664.420605001	9525.879	563.28425549	10539.55	405.993070166
6.482	90.1833890116	10047.36	1166.04352361	9530.273	557.728863741	10491.21	451.624659444
6.483	88.9116026225	10000.49	745.346410539	9499.512	252.617231247	10510.25	669.983710025
6.484	83.8929440864	10022.46	459.119090092	9489.258	402.580931429	10467.77	556.715595446
6.485	85.4613206224	9963.867	656.463610681	9464.355	571.362519096	10524.9	499.392092356
6.486	84.3483121839	9997.559	837.458856082	9477.539	495.012001589	10466.31	507.833377985
6.487	105.816264046	9994.629	1159.93556748	9515.625	556.87712196	10542.48	707.300912322
6.488	84.6204199677	9994.629	796.840226157	9506.836	451.388241312	10456.05	630.100597256
6.489	82.3087449742	9994.629	1452.82589137	9492.188	411.31193874	10536.62	441.246081384
6.49	85.4217576229	9999.023	1773.22867965	9543.457	481.463316078	10457.52	602.142923865
6.491	82.870679492	9997.559	2217.30580193	9503.906	438.257465461	10536.62	500.878201004
6.492	93.7867899454	9997.559	3158.9076814	9474.609	732.690550717	10543.95	846.901053708
6.493	85.0203242313	9996.094	2551.49821716	9515.625	523.415627243	10539.55	448.550600919
6.494	88.5476577146	9996.094	2955.35387332	9499.512	912.427722764	10511.72	380.559028906
6.495	81.5774124456	9994.629	3262.19131879	9483.398	504.879992453	10466.31	532.995221011
6.496	83.1872723436	10000.49	2349.6822031	9457.031	541.10048134	10516.11	772.091319841
6.497	83.2070239475	9999.023	2367.85230788	9522.949	444.237612659	10495.61	630.635727971
6.498	73.5672084938	9997.559	3038.76597255	9503.906	849.227762492	10536.62	555.288640773
6.499	77.0956616849	9997.559	2494.26610163	9520.02	401.466128268	10538.09	458.796396423
6.5	75.3545459756	9996.094	2582.69712947	9499.512	365.44008512	10514.65	692.842706941
6.501	89.8170708268	9994.629	2243.12779647	9487.793	606.87994101	10513.18	345.395264459
6.502	78.1407337657	9999.023	2539.90638812	9499.512	492.70366328	10513.18	374.491980678
6.503	74.033477485	9999.023	3696.60987706	9549.316	221.925932203	10532.23	431.759342807
6.504	63.5085356958	9997.559	4200.05620005	9492.188	473.259895582	10489.75	294.112463794
6.505	70.9824378768	9997.559	3042.62190942	9543.457	531.513841061	10545.41	331.522039669
6.506	69.1232347807	9996.094	3085.06122734	9547.852	459.590057731	10526.37	365.263019296
6.507	60.195544522	9994.629	3273.38139484	9474.609	517.769083751	10505.86	250.353068528
6.508	182.471762548	10000.49	3742.44609336	9476.074	980.638562278	10517.58	1053.48959794
6.509	58.0120906966	9999.023	4148.63966679	9531.738	417.732782153	10535.16	271.626131669
6.51	62.3268523432	9997.559	3265.43372432	9541.992	295.924754008	10535.16	468.644795394
6.511	55.3478598427	9997.559	4072.73568743	9539.062	557.94219668	10511.72	517.054474057
6.512	56.5731341919	9996.094	5491.04224626	9461.426	262.099051264	10473.63	286.207915582
6.513	54.9340797088	9994.629	4896.82114152	9471.68	416.60152923	10516.11	569.115724333
6.514	52.8849580318	9994.629	2800.46496469	9520.02	461.257492296	10470.7	358.588655619
6.515	55.8298989751	9999.023	4273.30074187	9509.766	285.01618372	10451.66	229.358564741
6.516	54.6148923879	9999.023	2309.78561185	9512.695	219.69464045	10454.59	320.140283955
6.517	52.7087295031	9997.559	5378.52878446	9487.793	223.349364577	10450.2	384.501284903
6.518	55.3274073007	9996.094	4159.81485976	9537.598	395.608833627	10517.58	274.103142295
6.519	56.1322000835	9996.094	4592.12125499	9515.625	424.384631641	10533.69	345.281851352
6.52	53.7133615254	9994.629	4086.49766608	9476.074	258.651786293	10508.79	260.906980911
6.521	73.6713703756	9999.023	3075.39182348	9461.426	360.146998609	10491.21	426.803234065
6.522	58.1003658513	9999.023	2921.15484558	9452.637	324.161160901	10520.51	347.653297916
6.523	62.2047303057	9997.559	1929.84791075	9487.793	357.001252818	10453.12	401.343347643
6.524	63.5741158319	9996.094	1499.87979566	9483.398	601.056847084	10535.16	352.018922965
6.525	69.1890149122	9996.094	1992.97951714	9543.457	541.572069996	10479.49	474.437212199
6.526	74.7537781273	9994.629	2043.11052629	9452.637	557.322947582	10526.37	357.061106411
6.527	79.6397497082	10000.49	1069.55074309	9454.102	402.326046654	10461.91	452.06988433
6.528	85.6312811563	9999.023	949.32689318	9534.668	466.080821981	10508.79	419.038405056
6.529	90.7987972048	9952.148	555.811655867	9520.02	519.93361426	10464.84	375.055977655
6.53	91.5181261332	10025.39	631.495353904	9527.344	416.40562196	10513.18	322.017538138
6.531	87.4220680504	9996.094	518.92822276	9496.582	517.971015456	10466.31	582.819436474
6.532	78.8730272389	9994.629	767.84333676	9508.301	510.01558081	10546.88	832.185770084
6.533	68.2817239878	10000.49	664.775334819	9483.398	714.453034216	10457.52	358.161014363
6.534	1077.42564716	9975.586	5479.7697606	9537.598	5967.20775807	10492.68	8350.4445913
6.535	61.8972272522	9997.559	1448.02342833	9486.328	370.405091628	10535.16	351.58151801
6.536	61.6500157951	9997.559	1895.66524346	9543.457	465.822890623	10532.23	510.276872101
6.537	65.4954480431	9996.094	2564.66170093	9455.566	346.53415818	10470.7	356.43529266
6.538	60.9210811073	9996.094	3757.03057038	9531.738	383.161960694	10486.82	316.92694363
6.539	63.200969925	9994.629	3945.56264235	9518.555	459.103384388	10529.3	305.315128354
6.54	57.5371505423	9999.023	3973.86001363	9540.527	419.93191221	10508.79	316.337178646
6.541	54.2851065494	9999.023	2777.85981844	9547.852	401.03251366	10463.38	420.951907753
6.542	58.7021632934	9997.559	6245.22720623	9487.793	320.001402919	10516.11	268.975604738
6.543	57.2287035371	9996.094	6212.91915698	9465.82	334.495711703	10454.59	337.243552305
6.544	61.0245872835	9996.094	4869.42177329	9496.582	285.629755377	10480.96	281.960258203
6.545	61.9285226555	9994.629	5837.01222675	9459.961	361.832808629	10510.25	348.60186528
6.546	88.9277339948	9999.023	4888.86596187	9461.426	363.845985603	10521.97	784.514846015
6.547	61.3016257272	9999.023	4022.27573955	9454.102	611.502273578	10516.11	362.171216867
6.548	58.8589208532	9997.559	3851.29686194	9496.582	381.707256962	10546.88	350.129541695
6.549	56.4442764054	9997.559	2922.52154713	9541.992	299.870394075	10520.51	473.926230516
6.55	61.2193079658	9996.094	4372.68142583	9467.285	403.250763884	10535.16	428.96002295
6.551	61.4291590382	9994.629	3177.70630199	9457.031	409.007619083	10464.84	483.294851241
6.552	60.6374122065	10000.49	2320.37370223	9454.102	398.915916915	10548.34	521.412865657
6.553	2324.46628286	9952.148	17012.2308841	9508.301	18103.4405883	10541.02	17815.6072001
6.554	57.6562192454	9997.559	716.905984765	9468.75	376.798902798	10450.2	226.261400174
6.555	68.0480574353	9996.094	1058.6347063	9457.031	421.989758597	10472.17	359.161919796
6.556	63.089497811	9996.094	987.301739583	9454.102	368.17620186	10453.12	658.005016021
6.557	63.1286278107	9994.629	831.214849546	9517.09	466.051127827	10467.77	488.908328793
6.558	62.9272245403	10000.49	998.979216677	9496.582	384.864939585	10533.69	282.702162517
6.559	64.5370204095	9999.023	699.858712879	9502.441	362.083682185	10514.65	400.614253502
6.56	71.8277838228	9997.559	943.790446686	9502.441	400.498610373	10469.24	341.612710244
6.561	79.4347734272	9997.559	495.109575986	9498.047	463.528119915	10535.16	815.847310048
6.562	71.2953499267	10025.39	486.401421726	9479.004	416.324934832	10482.42	234.070965781
6.563	67.4430354397	9994.629	478.371181062	9528.809	319.728665216	10457.52	421.065785949
6.564	70.188666215	9994.629	391.225893259	9505.371	320.397749346	10535.16	400.557571196
6.565	68.2593874803	10001.95	424.815300039	9499.512	421.499311848	10457.52	260.17733677
6.566	69.9482832712	9997.559	633.111605582	9547.852	370.501388854	10533.69	461.225754728
6.567	72.3519264541	10034.18	435.73297976	9474.609	311.895939629	10483.89	381.736701099
6.568	75.5953744044	9996.094	1147.04109143	9508.301	739.142332317	10492.68	524.962203384
6.569	69.3166307921	9996.094	1062.7014862	9546.387	445.804712902	10461.91	361.261906641
6.57	74.208446727	9994.629	1490.18438689	9476.074	445.151294815	10533.69	535.633784624
6.571	96.055971944	9993.164	924.913225832	9459.961	473.657045613	10527.83	740.858391587
6.572	78.445973908	9999.023	2524.12681215	9518.555	343.408155366	10530.76	412.565049144
6.573	83.6436108688	9997.559	4148.74495241	9479.004	599.033755598	10542.48	555.845588545
6.574	70.8773059557	9996.094	4678.86762265	9481.934	549.2195417	10549.8	316.689685259
6.575	70.7839278548	9996.094	5112.9396486	9536.133	756.15223718	10464.84	626.132944882
6.576	65.4846399234	9994.629	5046.37742906	9455.566	402.466948972	10530.76	546.033751644
6.577	66.4195534776	9999.023	4347.39395936	9479.004	370.003613964	10501.46	565.471662291
6.578	62.5526019759	9999.023	3813.86202045	9533.203	372.147180257	10497.07	587.910873931
6.579	65.751913194	9997.559	3285.14626931	9549.316	250.072941809	10483.89	469.761420067
6.58	66.1731124055	9997.559	4062.82400095	9496.582	395.098332268	10541.02	423.626999712
6.581	109.331398748	9996.094	4879.25068515	9527.344	1076.0413383	10495.61	770.090109324
6.582	65.1851486901	9994.629	4535.29486472	9489.258	313.868709518	10507.32	311.480168152
6.583	60.9652519456	10000.49	4439.99265742	9502.441	320.420797624	10489.75	432.560135883
6.584	65.5747647773	9999.023	6369.34508581	9452.637	551.806985528	10497.07	307.572475054
6.585	102.562431768	9997.559	6284.95900019	9540.527	811.606667629	10494.14	593.358985512
6.586	68.1374321595	9997.559	4764.12714719	9493.652	517.804652442	10475.1	279.214631089
6.587	1721.36469331	9988.77	38600.4007092	9452.637	46572.4245749	10539.55	41031.121422
6.588	76.245207425	9994.629	4091.67235452	9509.766	680.017560508	10524.9	444.055179983
6.589	75.0672615366	9994.629	5490.32761102	9454.102	531.21803123	10454.59	555.23449812
6.59	75.5450853662	9999.023	2948.62643734	9517.09	432.58466242	10539.55	461.360844456
6.591	111.587683993	9999.023	4817.937063	9503.906	773.756609608	10470.7	723.320992024
6.592	82.9456249841	9997.559	4625.75485821	9520.02	570.196593456	10527.83	626.069071385
6.593	77.9209489928	9996.094	2470.22245139	9480.469	528.751368893	10486.82	313.400218168
6.594	86.8355775871	9996.094	1989.62562269	9502.441	533.625656644	10473.63	511.591025037
6.595	77.396978864	9994.629	2179.34836129	9487.793	261.251029387	10533.69	767.297401234
6.596	80.3460628381	9999.023	2098.82830937	9455.566	581.867342869	10475.1	497.123624618
6.597	73.8495688637	9999.023	1801.07177763	9481.934	389.020257711	10451.66	396.139109081
6.598	71.7692405873	9997.559	1408.37174725	9502.441	557.177583576	10498.54	690.351323345
6.599	79.2934156021	9996.094	1643.54168003	9465.82	391.086947171	10527.83	486.400646618
