# Two magnets in place, analyzer polarizer at 45DEG
5.5	3741.20209687	9996.094	975484.326205	9537.598	29923.8316696	10510.25	22479.4902372
5.501	3361.66009931	9994.629	1041460.65142	9464.355	12938.6673197	10472.17	17178.9542358
5.502	3360.63091551	10000.49	936510.352758	9503.906	15404.8482037	10519.04	21495.7789095
5.503	2890.86997624	9999.023	1121729.84823	9487.793	23898.1372326	10549.8	17507.3347924
5.504	2843.14948391	9997.559	893265.574467	9512.695	14299.3297208	10472.17	21477.5267731
5.505	2662.73617643	9997.559	878013.251381	9518.555	23063.393314	10549.8	16303.1288462
5.506	2589.02150272	9996.094	856155.235344	9496.582	21207.7674996	10520.51	14338.892005
5.507	2157.56443739	9994.629	820919.116525	9470.215	13077.0259561	10463.38	17334.0636778
5.508	1789.79955064	10000.49	766051.679691	9547.852	10513.6029646	10458.98	16770.8072129
5.509	1626.67798968	9999.023	759384.093706	9471.68	10263.0991756	10458.98	14874.7380893
5.51	1545.17411384	9997.559	746088.042708	9531.738	9024.40458412	10483.89	7978.88566032
5.511	1366.08667352	9997.559	748064.341833	9479.004	6435.06147035	10533.69	9913.80527899
5.512	1392.63602657	9996.094	820369.459995	9517.09	8321.08588077	10524.9	11505.3559965
5.513	1448.28544735	9994.629	655373.626608	9531.738	8158.72839872	10479.49	6409.67978947
5.514	1383.79817345	9994.629	700609.393337	9499.512	11257.035333	10511.72	8242.82166164
5.515	1357.54360529	9999.023	714453.886834	9470.215	4784.00359342	10521.97	7565.39578451
5.516	1309.21516141	9999.023	659682.70645	9464.355	6327.30741357	10526.37	6175.22490949
5.517	1127.19363586	9997.559	759029.66805	9511.23	9326.03660282	10538.09	5240.41892915
5.518	1161.99337106	9996.094	752024.363374	9525.879	6578.68921422	10492.68	8099.2453653
5.519	1101.34814537	9996.094	671582.030705	9487.793	4762.01444369	10466.31	8356.1257113
5.52	955.846573639	9994.629	760292.228701	9484.863	6356.82013804	10541.02	5593.8818196
5.521	849.849349991	9999.023	692254.550837	9511.23	6689.95064431	10510.25	3448.75451874
5.522	826.351279777	9999.023	664407.996924	9486.328	6294.8437655	10530.76	3933.92395554
5.523	826.474850075	9997.559	698065.134686	9496.582	4484.98040618	10533.69	5344.43130018
5.524	962.583310346	9996.094	630468.451844	9509.766	7298.3128224	10542.48	4370.00341515
5.525	869.823636319	9996.094	721993.952712	9490.723	4026.50732227	10517.58	5168.07092755
5.526	876.369168167	9994.629	752415.480482	9464.355	4946.54656841	10469.24	6427.16352413
5.527	742.532673922	10000.49	669819.422493	9518.555	4825.18763059	10485.35	5230.92058574
5.528	696.441172125	9999.023	723522.376705	9533.203	5836.33102156	10482.42	3512.28321941
5.529	621.332412271	9997.559	767978.23052	9493.652	3751.74333438	10517.58	3218.3190198
5.53	583.543762989	9997.559	677465.188231	9533.203	3220.72911919	10495.61	4913.12266885
5.531	674.394980491	9996.094	812224.582499	9476.074	6748.42293111	10470.7	3217.11982596
5.532	717.398195972	9994.629	750432.387824	9461.426	4780.42295104	10470.7	5697.38705816
5.533	824.394706499	10000.49	739695.909554	9508.301	5140.76632141	10456.05	4241.50111026
5.534	799.987706757	9999.023	841881.575265	9525.879	5267.74702881	10516.11	5199.95398846
5.535	723.870724521	9997.559	708226.38575	9508.301	3994.60115535	10541.02	2706.24431695
5.536	676.660684751	9997.559	746768.884211	9455.566	4010.47509262	10539.55	4151.95294541
5.537	535.052045449	9996.094	779680.180451	9525.879	3113.37503407	10460.45	3478.16744545
5.538	514.873490878	9994.629	625446.184676	9540.527	2907.85696246	10454.59	1839.8552249
5.539	461.678081339	9994.629	716776.430081	9520.02	3031.74938459	10519.04	3005.69744053
5.54	472.403674866	9999.023	681184.168345	9458.496	2894.43544538	10469.24	4379.55639383
5.541	420.600251372	9999.023	635166.463277	9509.766	3968.69219474	10485.35	2030.51290645
5.542	429.573761622	9997.559	687462.407493	9487.793	2847.41741974	10523.44	2371.62177999
5.543	442.932937037	9996.094	622290.079321	9499.512	1771.9354769	10475.1	2011.90463177
5.544	432.908531935	9996.094	530984.774158	9511.23	4189.81512146	10505.86	2600.31121386
5.545	441.485892325	9994.629	627521.022429	9464.355	5119.815526	10453.12	3891.52508783
5.546	455.209706098	9999.023	506646.621678	9528.809	3582.61224747	10538.09	2883.36314307
5.547	459.934280524	9999.023	543149.710778	9549.316	1912.19058805	10472.17	3076.16862372
5.548	415.456057774	9997.559	623518.431441	9543.457	1842.47907506	10510.25	2430.55857869
5.549	362.693790724	9996.094	516484.052	9480.469	3873.90786343	10527.83	2907.9159055
5.55	365.354805603	9996.094	567655.39613	9468.75	1464.91560363	10517.58	2593.32294513
5.551	353.384162169	9994.629	573748.109974	9495.117	2688.07831268	10476.56	2325.7038909
5.552	367.539195913	10000.49	554445.350706	9484.863	1939.03178371	10501.46	1676.89724261
5.553	346.446791918	9999.023	607194.98887	9451.172	4752.03370394	10524.9	1582.56377665
5.554	372.964775763	9997.559	620256.187254	9470.215	2898.29037757	10464.84	2157.05893446
5.555	389.215951447	9997.559	533168.735686	9508.301	2173.75272427	10453.12	1722.4059661
5.556	350.346937796	9996.094	608442.986684	9498.047	1936.79822266	10450.2	3134.48172453
5.557	353.894229586	9994.629	580061.510444	9454.102	2877.26128574	10524.9	3556.73998314
5.558	329.769911343	10000.49	553824.271341	9518.555	1505.50916822	10539.55	2402.35546419
5.559	316.090215906	9999.023	637952.12899	9536.133	1685.74217649	10482.42	1846.47470576
5.56	309.510583748	9997.559	497059.845488	9518.555	1327.24788975	10461.91	2043.86990922
5.561	283.594283685	9997.559	565801.858537	9499.512	2027.94176184	10480.96	1851.10550229
5.562	278.345224749	9996.094	585123.7634	9452.637	1361.09164378	10532.23	1557.07072853
5.563	290.135671418	9994.629	503162.868061	9533.203	2151.97587435	10541.02	1097.36021257
5.564	275.92189153	9994.629	564305.448091	9502.441	1762.92101487	10475.1	2436.32228771
5.565	285.493295364	9999.023	559997.52446	9483.398	1280.98560367	10498.54	1790.22840743
5.566	278.019955794	9999.023	487181.843325	9528.809	1366.39756855	10521.97	1826.72714349
5.567	249.547350439	9997.559	544361.743125	9462.891	2151.16465738	10478.03	1966.03278992
5.568	284.573954411	9996.094	521912.620222	9457.031	2226.744232	10450.2	2256.03458118
5.569	286.701494991	9996.094	496087.416023	9540.527	1017.7888944	10510.25	1052.03960435
5.57	269.971323781	9994.629	531055.426003	9473.145	2064.21836789	10489.75	1829.82048609
5.571	268.388982156	9999.023	444357.625172	9527.344	1372.57974422	10483.89	1446.51064755
5.572	242.568472106	9999.023	517731.46362	9455.566	1277.33086975	10523.44	1385.10104759
5.573	244.341381467	9997.559	497493.202562	9467.285	1519.32531454	10504.39	1600.61353543
5.574	252.766010448	9996.094	430622.284622	9527.344	1001.35323317	10520.51	1396.21545617
5.575	214.068828143	9996.094	434147.375901	9525.879	2048.21083509	10454.59	2203.49829592
5.576	219.06622564	9994.629	431297.999588	9515.625	1201.15405605	10460.45	1651.60444507
5.577	213.7285758	10000.49	350243.529989	9547.852	1919.23272101	10529.3	1305.08385242
5.578	237.815790444	9999.023	384649.171196	9543.457	1444.20496388	10467.77	2578.00228696
5.579	211.507844432	9997.559	356298.555841	9534.668	1498.22625454	10495.61	1417.20716642
5.58	241.05925635	9997.559	337730.123227	9471.68	1373.20521436	10483.89	1981.9206445
5.581	231.492490465	9996.094	374735.577939	9468.75	1217.55812249	10519.04	1627.65860111
5.582	248.195529547	9994.629	334955.976886	9451.172	1198.36215535	10504.39	1394.7644936
5.583	255.764465577	10000.49	363174.684397	9468.75	2042.21068906	10473.63	3204.4232351
5.584	222.203171946	9999.023	393476.416599	9543.457	1762.26824544	10513.18	1838.02936489
5.585	217.681289605	9997.559	338697.603742	9509.766	1546.44787062	10486.82	1263.26975135
5.586	202.127536587	9997.559	349387.138141	9527.344	1197.63417866	10469.24	1262.86326041
5.587	195.833139868	9996.094	390874.451749	9520.02	1309.28153863	10504.39	1012.44234808
5.588	197.65981812	9994.629	349561.06939	9520.02	1322.67384662	10529.3	2030.23402737
5.589	194.570435911	9994.629	383914.181846	9457.031	1196.90634587	10520.51	1128.67291778
5.59	208.715663398	9999.023	355857.972706	9534.668	2025.24204998	10482.42	680.611902778
5.591	199.054003292	9999.023	319775.899468	9547.852	1125.84892258	10533.69	856.774932513
5.592	199.775159481	9997.559	348405.090709	9536.133	1722.82638679	10545.41	1157.2566374
5.593	181.996443396	9996.094	324900.551272	9546.387	1603.79826198	10500.0	1114.32118516
5.594	178.253533235	9996.094	336716.317863	9498.047	1902.08169453	10527.83	1103.31080306
5.595	188.936476282	9994.629	374561.429092	9517.09	1412.48903231	10497.07	1420.01721254
5.596	191.663552628	9999.023	326354.554905	9493.652	1263.35210781	10456.05	1175.57076155
5.597	190.12301052	9999.023	336181.500633	9541.992	1145.67537398	10517.58	848.818041348
5.598	185.444153506	9997.559	349208.646066	9540.527	1286.27163896	10492.68	1241.92356993
5.599	199.500451397	9996.094	300285.021688	9514.16	1057.54181286	10451.66	1064.27333592
5.6	4920.60275201	9996.094	291940.046164	9517.09	25908.0503989	10545.41	38888.8483333
5.601	173.810148146	9994.629	306662.785332	9549.316	898.409037474	10488.28	1019.66662184
5.602	200.336215947	10000.49	273468.917383	9492.188	1212.09043595	10497.07	1715.07831227
5.603	172.938631618	9999.023	279144.625427	9452.637	1323.07667113	10538.09	1350.23056512
5.604	166.706004808	9997.559	248842.035389	9503.906	732.253910574	10517.58	984.453561987
5.605	162.024527346	9997.559	228779.148013	9476.074	1122.31598464	10457.52	981.187418701
5.606	178.1703209	9996.094	261551.611501	9525.879	1300.83238626	10502.93	691.993081217
5.607	164.993919288	9994.629	230241.750489	9522.949	1606.84178125	10527.83	729.935367126
5.608	156.835894049	10000.49	242973.982612	9527.344	903.767518999	10538.09	1454.89810573
5.609	153.543069387	9999.023	253037.169114	9521.484	968.61929231	10519.04	1156.4140515
5.61	150.905779114	9997.559	234789.159257	9477.539	1260.03634921	10492.68	730.666065571
5.611	182.603968177	9997.559	237866.026102	9509.766	1046.26954239	10456.05	1176.19518694
5.612	176.050159259	9996.094	252477.40923	9489.258	1036.46222763	10504.39	1081.23505369
5.613	184.374845773	9994.629	224081.104122	9547.852	1236.01092558	10485.35	1043.38768145
5.614	174.645551795	9994.629	227245.475801	9514.16	1792.34835196	10461.91	1378.84065762
5.615	180.045307802	9999.023	227997.10894	9546.387	969.7948551	10454.59	907.481003431
5.616	184.25982203	9999.023	208556.26276	9496.582	859.627175363	10527.83	1452.31792376
5.617	172.308826634	9997.559	266608.858008	9502.441	631.855567463	10467.77	1104.52544034
5.618	148.47182582	9996.094	220504.412672	9462.891	1759.24207797	10536.62	860.74316328
5.619	173.669243714	9996.094	231439.177126	9503.906	1265.99856766	10478.03	884.736804642
5.62	152.534763071	9994.629	259948.063215	9505.371	719.475815181	10538.09	725.495431775
5.621	156.487233005	9999.023	222101.518581	9524.414	1157.47549142	10479.49	977.93847554
5.622	164.440000475	9999.023	230610.334334	9498.047	985.153757587	10473.63	756.858946192
5.623	150.932179443	9997.559	230507.198312	9533.203	1162.62531863	10461.91	890.332399762
5.624	162.987444075	9996.094	199238.202288	9493.652	1625.41266657	10497.07	1134.05797662
5.625	164.045130154	9996.094	219334.861655	9527.344	1579.86140538	10476.56	915.199559345
5.626	162.656687769	9994.629	227623.094511	9480.469	1185.55771823	10469.24	667.583291227
5.627	165.875644729	10000.49	197007.425844	9511.23	581.945434521	10516.11	933.938865307
5.628	160.316451916	9999.023	216514.417659	9540.527	802.643514474	10504.39	780.533801182
5.629	157.069519718	9997.559	181931.289997	9470.215	1061.71821272	10451.66	1523.58831007
5.63	167.80417298	9997.559	185970.690306	9528.809	1278.38938466	10517.58	1624.59876115
5.631	169.113026314	9996.094	197355.11923	9527.344	944.114241872	10460.45	1005.15069074
5.632	170.839740798	9994.629	155120.527313	9520.02	617.582886487	10495.61	1624.70503669
5.633	178.627798332	10000.49	162122.010155	9457.031	1073.87127841	10495.61	918.322412937
5.634	184.251661861	9999.023	177877.674878	9540.527	926.366013243	10495.61	1633.16083863
5.635	204.149740869	9997.559	146929.403704	9514.16	1231.97918321	10521.97	1003.97690608
5.636	222.798380514	9997.559	163190.362025	9496.582	1995.70553794	10508.79	1887.17010823
5.637	252.768620869	9996.094	174209.411539	9543.457	1219.19972976	10464.84	2222.57608554
5.638	236.889098718	9994.629	132127.122135	9462.891	1415.3914657	10532.23	2238.21210577
5.639	245.83722566	9994.629	158969.583702	9543.457	1528.69803307	10532.23	1483.47781393
5.64	244.387931644	9999.023	148387.095055	9502.441	2401.4864969	10535.16	1714.8776968
5.641	201.274104453	9999.023	120171.342254	9451.172	1186.10846786	10524.9	1499.78172041
5.642	157.249518336	9997.559	145139.099948	9528.809	837.776647999	10519.04	1061.56864812
5.643	170.054622418	9996.094	131509.727806	9487.793	722.390368911	10527.83	980.490842463
5.644	163.945814241	9996.094	120375.804341	9502.441	1067.87039285	10480.96	1638.52071599
5.645	172.111039488	9994.629	132313.311439	9533.203	1141.29170785	10520.51	1192.91484103
5.646	170.677367338	9999.023	114454.759141	9487.793	1694.5674653	10526.37	1304.74901946
5.647	180.133896632	9999.023	118932.113724	9465.82	1055.50558383	10501.46	1629.68489011
5.648	171.94480478	9997.559	132515.935619	9544.922	1362.77400592	10501.46	1089.45910561
5.649	189.197792848	9996.094	112173.242449	9537.598	1537.89884812	10467.77	1246.04883635
5.65	180.976300329	9996.094	122619.089003	9503.906	1734.31734295	10457.52	762.336043689
5.651	180.388595956	9994.629	119318.868128	9496.582	710.798283136	10542.48	877.533642825
5.652	150.496308162	10000.49	111037.887645	9474.609	771.69599156	10479.49	609.383523105
5.653	168.166346857	9999.023	118575.389473	9461.426	1348.73441447	10505.86	1231.48975001
5.654	150.739451314	9997.559	103852.218631	9512.695	914.80780865	10494.14	814.426702724
5.655	142.778956903	9997.559	118385.895847	9464.355	1089.86451743	10510.25	1189.11454514
5.656	148.042966842	9996.094	134324.054844	9537.598	1531.78691337	10454.59	1369.8188635
5.657	153.981944357	9994.629	114921.57421	9512.695	874.716565342	10475.1	728.0485065
5.658	156.417644566	10000.49	115887.175146	9477.539	1454.01914936	10532.23	683.038801114
5.659	164.602481309	9999.023	129597.291951	9536.133	756.138398111	10453.12	728.921261826
5.66	161.894979125	9997.559	112081.937487	9451.172	1815.92486588	10492.68	730.107524314
5.661	163.236128186	9997.559	121895.840577	9511.23	713.429268071	10538.09	1401.18177389
5.662	156.783634658	9996.094	120874.02157	9490.723	855.532692415	10505.86	1201.16380612
5.663	156.026947376	9994.629	106489.581844	9522.949	870.893251742	10495.61	730.206358401
5.664	146.516560426	9994.629	110340.406349	9471.68	1225.53039611	10486.82	813.908189574
5.665	147.975564722	9999.023	110366.110752	9541.992	1406.49552929	10456.05	814.172659392
5.666	174.67304377	9999.023	108851.049678	9499.512	1338.21456695	10497.07	939.696842665
5.667	153.380160212	9997.559	125428.433025	9505.371	1023.28033886	10502.93	1465.3267329
5.668	162.627864858	9996.094	103819.391115	9518.555	683.63292644	10520.51	1045.36977244
5.669	163.941991985	9996.094	94039.7624431	9502.441	644.268869302	10463.38	1645.03134747
5.67	158.879321857	9994.629	109887.276726	9481.934	1052.1335936	10548.34	1188.79698363
5.671	156.201893731	9999.023	97728.6261237	9537.598	1564.76426001	10543.95	914.36399409
5.672	168.428164503	9999.023	94863.0422856	9544.922	1480.69710152	10514.65	910.448156706
5.673	165.571192125	9997.559	102369.577462	9524.414	988.332041158	10507.32	1086.98947073
5.674	180.669818336	9996.094	102388.395816	9465.82	1095.77629022	10536.62	1313.41553746
5.675	198.865892863	9996.094	105770.230663	9506.836	987.692077144	10519.04	1100.49257441
5.676	207.221865714	9994.629	102868.086837	9541.992	1229.6004289	10532.23	1306.47549558
5.677	237.047202074	10000.49	101104.535431	9518.555	1889.02583865	10450.2	2145.20279741
5.678	244.512973125	9999.023	97746.741885	9549.316	977.882880442	10516.11	871.369274233
5.679	248.139224757	9997.559	95209.7143713	9452.637	1106.79636395	10536.62	1931.8591743
5.68	226.019606169	9997.559	94742.5200458	9544.922	1548.44292549	10497.07	1617.11684198
5.681	258.442862778	9996.094	104155.772896	9461.426	1343.62233148	10457.52	1530.94464701
5.682	229.61343683	9994.629	76876.337754	9467.285	2019.42155984	10502.93	1475.98281142
5.683	228.516498354	10000.49	88232.7857246	9509.766	1476.40713589	10483.89	1651.90619156
5.684	223.774418507	9999.023	88075.9866941	9480.469	1382.1460823	10460.45	1085.09152001
5.685	195.073439059	9997.559	86464.9137133	9500.977	1146.86842918	10541.02	1138.79248613
5.686	136.685077397	9997.559	90425.9100136	9495.117	788.798334317	10511.72	851.819922597
5.687	142.582786871	9996.094	99559.0542207	9515.625	1287.51475509	10546.88	624.329068184
5.688	153.521448626	9994.629	71661.9880064	9492.188	1247.54715543	10507.32	906.254155017
5.689	157.071369923	9994.629	92608.1185848	9454.102	1163.72627832	10483.89	1271.62215583
5.69	147.52748038	9999.023	78568.814478	9530.273	1173.17911586	10511.72	561.901832813
5.691	161.802765444	9999.023	69895.9280865	9547.852	718.852854461	10510.25	819.471218617
5.692	155.213776379	9997.559	79514.1130255	9468.75	1298.42798217	10500.0	1166.38209795
5.693	171.060594316	9996.094	63937.8090629	9512.695	885.03818372	10524.9	472.86787386
5.694	166.069003521	9996.094	57294.1700702	9525.879	803.8362488	10467.77	1039.44276679
5.695	160.263114805	9994.629	60663.4338502	9498.047	822.52060534	10460.45	802.298473763
5.696	157.098403679	9999.023	57176.4406162	9530.273	906.002144981	10546.88	1126.43145764
5.697	174.59995682	9999.023	66182.0848187	9480.469	865.929141414	10460.45	1058.17311256
5.698	169.486950134	9997.559	55897.1904222	9500.977	1137.11059784	10532.23	939.071762728
5.699	165.270289224	9996.094	50924.8628637	9533.203	966.728096742	10535.16	661.267796493
5.7	179.291904745	9996.094	66326.3091558	9525.879	763.899782367	10492.68	1058.77382621
5.701	181.947259977	9994.629	57782.8372601	9502.441	979.921677367	10513.18	943.636866303
5.702	168.821345992	10000.49	49406.2375954	9484.863	977.596835609	10478.03	656.147917556
5.703	166.595522498	9999.023	62299.0101674	9509.766	1852.76400493	10505.86	1662.50924396
5.704	177.060355962	9997.559	73257.5867491	9484.863	992.004957121	10486.82	743.866007773
5.705	171.199312728	9997.559	64176.5068076	9458.496	750.77753968	10526.37	1155.2189545
5.706	173.230646652	9996.094	69926.7761299	9515.625	1095.52566585	10488.28	631.525221482
5.707	199.439591422	9994.629	70583.643402	9481.934	1438.36479949	10500.0	2461.38652871
5.708	160.859689404	10000.49	82515.477474	9457.031	931.908775934	10527.83	1358.93351682
5.709	186.208246413	9999.023	78832.7240277	9547.852	1436.23520847	10546.88	1067.14425823
5.71	233.982908875	9997.559	65825.3181962	9522.949	1149.00950121	10507.32	1334.73667574
5.711	221.542498875	9997.559	82131.960474	9455.566	1070.05432657	10524.9	1334.74075553
5.712	263.645415811	9996.094	83922.4789349	9524.414	2337.59880009	10545.41	1564.18058458
5.713	273.443273004	9994.629	70269.1012439	9465.82	1700.39601263	10479.49	1503.20380503
5.714	278.908821527	9994.629	69832.0907958	9474.609	1571.71397039	10479.49	1569.56095548
5.715	235.465692808	9999.023	66600.059515	9536.133	1629.92321776	10543.95	2013.91419045
5.716	203.953555027	9999.023	50975.690243	9531.738	2028.39372543	10536.62	1221.4180223
5.717	206.344269081	9997.559	64325.511533	9506.836	1200.20629923	10502.93	1394.32671488
5.718	201.703036202	9996.094	55428.2977463	9473.145	1424.99958851	10486.82	1552.96303133
5.719	221.134614676	9996.094	56900.3866137	9534.668	1678.32334243	10521.97	775.763354457
5.72	222.68016818	9994.629	71674.4868405	9524.414	1175.60045376	10529.3	744.855001857
5.721	186.188991944	9999.023	53966.693727	9495.117	1247.86102221	10532.23	1538.03805839
5.722	202.431918652	9999.023	59492.9235731	9467.285	1787.64465905	10475.1	1274.09076475
5.723	199.8573444	9997.559	68134.1311076	9479.004	1585.28293126	10542.48	1415.83503901
5.724	164.73428644	9996.094	57939.5869644	9451.172	814.728161852	10516.11	1098.69411085
5.725	198.656634138	9996.094	56276.5168572	9544.922	2579.41354797	10538.09	1307.09599844
5.726	160.343647553	9994.629	53994.0397272	9474.609	915.170547212	10460.45	947.811325748
5.727	168.912569877	10000.49	45707.3343598	9524.414	1294.08168061	10473.63	733.789608306
5.728	167.781663768	9999.023	53151.6336836	9486.328	686.1549747	10519.04	859.859041604
5.729	202.696515904	9997.559	51507.693018	9512.695	1469.44634158	10507.32	1277.99858425
5.73	292.317492603	9997.559	48609.9181592	9546.387	2070.72744018	10517.58	1760.6248232
5.731	493.03003375	9996.094	48610.9914489	9520.02	2393.14386421	10451.66	3980.50168234
5.732	652.563646961	9994.629	44964.6043442	9533.203	3948.12568783	10504.39	2710.93704941
5.733	561.708575727	10000.49	45427.4182416	9515.625	3367.48983044	10497.07	3177.11173697
5.734	359.058376671	9999.023	52437.8495389	9503.906	2565.74786077	10480.96	2860.25167334
5.735	497.014617473	9997.559	47041.5768496	9464.355	3764.62183907	10464.84	5016.38273807
5.736	445.261798425	9997.559	51594.370885	9495.117	2610.44639118	10542.48	3996.72579147
5.737	311.05827645	9996.094	71189.5564056	9479.004	2521.96320674	10460.45	2765.16476216
5.738	333.226879958	9996.094	43546.5740055	9530.273	1818.18915395	10469.24	1439.88529742
5.739	397.506756287	9994.629	68448.0550345	9511.23	2584.98068158	10508.79	4573.26300207
5.74	215.81817764	9999.023	63217.0647461	9549.316	982.300708772	10546.88	1057.00080942
5.741	285.830675187	9999.023	58895.135367	9506.836	1976.16797835	10489.75	2417.68401468
5.742	277.419794468	9997.559	61186.0210583	9500.977	1788.97660415	10543.95	2218.21674541
5.743	206.074970192	9996.094	76187.1436162	9487.793	1508.78819616	10473.63	1207.46569795
5.744	185.807454335	9996.094	74874.7111157	9462.891	841.416983287	10543.95	1303.97364561
5.745	204.886985883	9994.629	75179.1535793	9459.961	1157.61512717	10533.69	1277.44425984
5.746	185.639557797	9999.023	82951.5512785	9518.555	1314.16073208	10538.09	1054.96400573
5.747	152.108605005	9999.023	71528.9167291	9457.031	816.756455064	10507.32	667.247370333
5.748	154.257214148	9997.559	88937.8621277	9490.723	1682.77807964	10454.59	858.929673112
5.749	158.853603527	9996.094	89650.5940637	9461.426	864.57910302	10501.46	1147.9360182
5.75	162.781008599	9996.094	93902.0378614	9484.863	1006.39617085	10502.93	1664.12183376
5.751	171.705158145	9994.629	105401.813959	9495.117	1302.77588907	10498.54	1332.62200552
5.752	171.022149495	10000.49	92222.5514383	9496.582	1284.83387366	10523.44	1686.45108319
5.753	179.983652017	9999.023	104901.497704	9451.172	1211.19095626	10485.35	1279.09729099
5.754	164.789362159	9997.559	100565.163755	9517.09	1127.31035335	10501.46	1055.60319694
5.755	166.379131379	9997.559	95080.8112806	9517.09	877.519216682	10542.48	1330.41451845
5.756	162.575580326	9996.094	101426.313173	9536.133	692.93491624	10475.1	788.78880038
5.757	159.905024896	9994.629	92396.1898574	9515.625	863.063031882	10488.28	867.522737229
5.758	168.795760407	10000.49	93880.3817277	9452.637	913.13642736	10535.16	1445.72371125
5.759	153.093681093	9999.023	100026.589214	9459.961	1039.96740301	10524.9	1016.93281226
5.76	280.381691976	9997.559	84578.6797187	9474.609	1879.84714386	10516.11	1544.16003871
5.761	170.619108924	9997.559	91079.9911591	9495.117	1050.76844203	10516.11	1247.38627944
5.762	167.092566808	9996.094	95643.9090378	9543.457	1415.81893368	10485.35	2140.92480751
5.763	167.715201181	9994.629	81727.5697581	9525.879	1420.1587812	10527.83	1062.11243325
5.764	166.427746757	9994.629	88908.7443391	9495.117	909.131585083	10489.75	952.193962285
5.765	208.770082583	9999.023	90559.1964718	9549.316	840.324135313	10526.37	758.722167137
5.766	202.870357076	9999.023	78044.0142613	9483.398	951.848454894	10519.04	1173.14302453
5.767	218.240266429	9997.559	106197.354835	9484.863	1081.42953477	10521.97	2048.5302704
5.768	240.47009463	9996.094	70974.1109616	9481.934	1432.38114121	10513.18	1806.55292117
5.769	240.630621464	9996.094	74429.7794418	9479.004	1288.34477258	10485.35	1504.66778181
5.77	285.060285182	9994.629	85156.2222675	9452.637	2238.97166296	10529.3	1862.80859955
5.771	233.182130816	9999.023	72402.8811794	9487.793	1608.38692454	10483.89	1786.59639532
5.772	206.175472678	9999.023	69976.5991839	9540.527	1539.85108664	10507.32	1087.21607546
5.773	232.742676151	9997.559	80429.024285	9544.922	1580.9600606	10501.46	1281.38830941
5.774	200.543506906	9996.094	72715.1234197	9528.809	1006.60082213	10460.45	932.295967571
5.775	199.81884788	9996.094	70376.6186775	9515.625	1997.32765952	10450.2	2005.65818457
5.776	196.970961328	9994.629	91634.0826738	9486.328	755.487504585	10538.09	994.587450387
5.777	198.911134909	10000.49	74546.1184641	9546.387	1481.79152229	10541.02	1102.83544909
5.778	201.965759436	9999.023	85870.8436166	9508.301	832.879070492	10458.98	1509.33367385
5.779	194.538960493	9997.559	79151.6423716	9477.539	1392.77347179	10454.59	919.772351838
5.78	265.81053052	9997.559	74189.6048205	9537.598	1445.80034042	10460.45	2531.64804172
5.781	358.050876607	9996.094	92760.8243482	9511.23	1884.195578	10504.39	1860.06420908
5.782	434.240624381	9994.629	87159.7014619	9452.637	2257.63608791	10485.35	2255.00011971
5.783	721.877920107	10000.49	108610.95882	9533.203	5318.59149341	10464.84	4430.19761429
5.784	749.181590189	9999.023	100111.068999	9467.285	5102.22467021	10482.42	4636.40771734
5.785	900.879384092	9997.559	74338.3960165	9487.793	7530.84129296	10533.69	4009.19178723
5.786	1000.1709934	9997.559	80798.2038594	9457.031	5295.97889778	10502.93	5816.2595094
5.787	815.758459429	9996.094	107163.603539	9459.961	4545.52999587	10519.04	5958.13304495
5.788	720.081793498	9996.094	95639.9573603	9481.934	4319.25214017	10516.11	4292.82949181
5.789	798.970335847	9994.629	98688.8032048	9464.355	3848.07206937	10517.58	4577.25893114
5.79	943.264927463	9999.023	128232.509017	9468.75	5770.87048724	10450.2	6351.34903132
5.791	607.214224506	9999.023	99903.6921793	9484.863	4361.28440699	10507.32	6037.84900229
5.792	739.416861342	9997.559	99138.1277232	9533.203	5757.63083827	10543.95	4973.62466954
5.793	612.238740458	9996.094	79469.1693793	9512.695	4078.62316082	10516.11	6092.94863862
5.794	654.033191687	9996.094	81785.6631873	9462.891	5834.56555037	10538.09	3990.20272053
5.795	394.191821818	9994.629	98746.2774594	9467.285	1708.18727171	10532.23	1607.4888223
5.796	234.033569865	9999.023	95731.9053869	9490.723	1488.86317913	10535.16	1446.94177305
5.797	226.222701489	9999.023	82140.5652617	9492.188	1383.94441349	10521.97	1305.78252786
5.798	235.763559825	9997.559	102218.20112	9474.609	1464.83705132	10451.66	2089.63122195
5.799	248.838642636	9996.094	73140.4667511	9451.172	1784.40013303	10527.83	1144.01298463
5.8	272.499088498	9996.094	76800.7940762	9539.062	1266.31388824	10466.31	1600.25616903
5.801	280.304684012	9994.629	75338.1094593	9521.484	1798.84613583	10526.37	1494.15670283
5.802	270.949117605	10000.49	68615.3748125	9522.949	2010.7082989	10464.84	2202.33389619
5.803	291.396204911	9999.023	83310.8975756	9537.598	1806.62470405	10469.24	1955.93765808
5.804	319.889636513	9997.559	77214.4941926	9517.09	3713.10321008	10470.7	2386.40373979
5.805	337.912375712	9997.559	69558.4056474	9534.668	2606.32635473	10453.12	2484.88600017
5.806	343.751559662	9996.094	68061.5754425	9481.934	1767.35105934	10511.72	1670.58830967
5.807	341.519292123	9994.629	64050.0245073	9489.258	1682.32902061	10530.76	2540.71479646
5.808	325.108062763	10000.49	62416.0237454	9540.527	1694.67205812	10489.75	2658.5964997
5.809	320.231640302	9999.023	78094.2084476	9458.496	1822.18393699	10472.17	1842.0701483
5.81	334.499870729	9997.559	57950.1351859	9508.301	2357.50886183	10535.16	2514.55846947
5.811	336.710133712	9997.559	62397.371584	9508.301	3258.15719187	10501.46	2341.45691944
5.812	337.584055975	9996.094	49755.6432265	9515.625	2104.09104648	10451.66	1915.4989347
5.813	344.423548361	9994.629	46573.8192978	9468.75	1590.26346136	10457.52	1440.03091604
5.814	325.596575875	9994.629	46288.598959	9481.934	1497.05868105	10464.84	2189.41512579
5.815	328.244961044	9999.023	42063.314347	9515.625	2494.31366401	10486.82	1744.51914917
5.816	354.838259188	9999.023	40196.0035334	9531.738	4053.35160571	10479.49	1587.0935199
5.817	344.003106021	9997.559	49919.9071164	9495.117	1570.81366459	10476.56	1711.57157701
5.818	314.658976484	9996.094	45527.5980225	9524.414	1736.1261536	10539.55	1927.68147758
5.819	319.862523337	9996.094	47490.6800278	9549.316	1627.86907541	10539.55	2993.21614643
5.82	341.646831049	9994.629	44921.2648367	9465.82	2649.83489797	10472.17	2491.71432487
5.821	315.968304941	9999.023	46497.2901352	9502.441	1889.28546202	10514.65	2474.07904634
5.822	364.121250245	9999.023	44145.281963	9474.609	2432.70888379	10461.91	3637.58035727
5.823	364.733896757	9997.559	48075.9526762	9454.102	2632.13420941	10451.66	1576.21680929
5.824	397.24216699	9996.094	34687.3071527	9464.355	3873.47309506	10495.61	2273.62556188
5.825	440.856584484	9996.094	53697.687229	9536.133	2371.80193832	10483.89	2824.95806542
5.826	434.064795027	9994.629	41762.5120975	9540.527	2373.84831353	10450.2	2764.42104258
5.827	521.994896006	10000.49	60734.3864746	9544.922	4083.88155848	10516.11	2887.21791578
5.828	451.521470736	9999.023	56349.635104	9479.004	4731.41897774	10539.55	4185.96557352
5.829	482.725773782	9997.559	56571.0651285	9508.301	4033.18568333	10502.93	6818.97039996
5.83	432.915692657	9997.559	41893.2535238	9471.68	2990.73486226	10454.59	2049.75588361
5.831	414.776437408	9996.094	42058.1437554	9496.582	4081.10221005	10495.61	2912.47572245
5.832	464.774314153	9994.629	52063.6720137	9517.09	1963.85683267	10476.56	1882.58947355
5.833	439.981082054	10000.49	53276.7717184	9462.891	5353.91081678	10451.66	2315.04854089
5.834	456.920847438	9999.023	41011.426981	9495.117	2421.40324961	10457.52	1612.69906291
5.835	570.955157014	9997.559	36131.2531734	9522.949	2651.17952912	10476.56	4274.43621858
5.836	556.87552665	9997.559	30139.2237261	9509.766	2328.18590392	10502.93	3118.80768729
5.837	656.599223469	9996.094	35733.156195	9451.172	3772.5841959	10454.59	3644.22039053
5.838	606.345564118	9994.629	12332.031488	9465.82	3478.36632369	10497.07	4634.34454762
5.839	675.038209754	9994.629	24086.112763	9476.074	4997.65211928	10483.89	3941.43754824
5.84	910.773755044	9999.023	18893.9940974	9509.766	4557.27430384	10520.51	3935.65780374
5.841	790.041437819	9999.023	24178.2759719	9528.809	5798.63114722	10520.51	6044.75514138
5.842	1115.39344246	9997.559	38143.8361568	9499.512	6754.07668764	10467.77	8356.20044224
5.843	1622.89430839	9996.094	19707.3939961	9487.793	14315.2083102	10508.79	12821.5561562
5.844	1819.09327962	9996.094	16980.9363901	9473.145	13119.4262343	10523.44	17415.9236222
5.845	1890.70133237	9994.629	25879.6228139	9520.02	14352.87238	10517.58	10679.4191212
5.846	1489.96585553	9999.023	27678.0973026	9490.723	8943.86529594	10532.23	9470.82676878
5.847	1964.68508484	9997.559	21010.5844122	9537.598	16550.9516828	10453.12	11796.7952069
5.848	1763.80013132	9997.559	23847.4663144	9534.668	7728.76176747	10450.2	8947.04056462
5.849	2502.69289786	9997.559	14245.9929413	9495.117	16093.5176815	10500.0	14687.2925757
5.85	3448.60926495	9996.094	31735.605304	9512.695	19195.7166222	10527.83	20405.0627274
5.851	3679.76664911	9968.262	24866.176908	9468.75	30631.2247557	10483.89	22369.0725389
5.852	3830.49278096	10034.18	27946.7170752	9489.258	23696.8270587	10485.35	46780.9992032
5.853	3203.2347162	9999.023	21348.9444925	9543.457	23179.2455852	10480.96	18389.6300248
5.854	2864.45147297	9974.121	31622.1280973	9502.441	34362.5389813	10454.59	24862.7601581
5.855	2641.24335383	9997.559	29122.2033318	9476.074	20550.030607	10511.72	16515.0279965
5.856	2730.77963085	9996.094	32873.0768546	9511.23	12321.9760835	10549.8	11011.8740613
5.857	2798.8994676	10004.88	30844.7800321	9536.133	12075.9346997	10453.12	14234.3543839
5.858	3153.57121607	9968.262	30073.4987991	9512.695	16031.3406776	10489.75	23512.8973086
5.859	4380.93702461	9965.332	31782.8894854	9452.637	38769.1190488	10532.23	33271.0380682
5.86	4501.7536535	9978.516	37568.6686486	9512.695	26113.5966051	10501.46	31368.3474152
5.861	3980.81662722	9997.559	34842.2213534	9492.188	31797.3527266	10478.03	21769.1779585
5.862	5366.46877116	10016.6	42931.5524679	9514.16	55741.624064	10479.49	25025.051733
5.863	6484.33051895	9991.699	38481.7439836	9461.426	38444.6261165	10542.48	43078.3466033
5.864	5331.90561305	9994.629	53317.5532219	9520.02	44591.3089381	10461.91	36344.3608719
5.865	5466.82204001	9971.191	45693.1593213	9455.566	30527.3034049	10521.97	57077.2926302
5.866	4537.25722043	9997.559	51841.6450822	9520.02	29067.1002014	10456.05	25765.445682
5.867	5122.32072648	9997.559	62622.931872	9487.793	59744.842042	10526.37	30210.7621338
5.868	4557.5872717	9996.094	61508.6836529	9546.387	31752.2047335	10489.75	24806.4027954
5.869	3481.01909201	9996.094	42583.3034578	9470.215	22786.8455226	10480.96	42386.3552192
5.87	3381.94275022	9994.629	42653.4788329	9489.258	26253.0955022	10541.02	26025.2687846
5.871	2886.27657686	9974.121	24204.4892998	9468.75	15007.1911865	10529.3	15671.4829813
5.872	2403.48172045	9999.023	43645.5478563	9468.75	29107.5938961	10545.41	17817.8098861
5.873	2236.75181273	9997.559	48337.7919486	9546.387	21869.5770723	10511.72	10914.2160036
5.874	2193.03739286	9997.559	27913.5993077	9464.355	20277.7817088	10495.61	18504.0878503
5.875	1855.6312465	9996.094	17367.5778974	9527.344	6644.2610071	10480.96	17114.250411
5.876	1770.48539318	9994.629	13622.0142077	9509.766	16978.0029791	10521.97	5934.88225597
5.877	1551.52458766	9999.023	30785.3172331	9515.625	7531.42703689	10517.58	11239.0646433
5.878	1460.88722505	9999.023	32673.5317713	9533.203	7042.96038022	10461.91	8156.92047575
5.879	1215.48275619	9997.559	11682.5675208	9457.031	6886.75369666	10450.2	5956.27653099
5.88	1302.9545562	9997.559	17257.1109427	9528.809	7374.42168016	10501.46	11247.1747638
5.881	1244.84379792	9996.094	37309.4484238	9487.793	8196.95965092	10545.41	8121.96776042
5.882	1237.82469397	9994.629	24706.9203116	9515.625	12929.408947	10485.35	5925.37444361
5.883	1054.66276524	10000.49	25346.397306	9515.625	6797.91401259	10543.95	5187.99089015
5.884	1035.05177619	9999.023	30357.5393097	9500.977	5419.38151656	10545.41	7405.78047926
5.885	1034.2384305	9997.559	41546.7773474	9458.496	7582.60260521	10486.82	7474.12755701
5.886	967.546361758	9997.559	36914.7329337	9465.82	9136.99928163	10543.95	5006.72934729
5.887	904.065726708	9996.094	29437.9683229	9517.09	5287.26436273	10472.17	5587.1894971
5.888	970.574935293	9996.094	58668.1341561	9518.555	5028.79487243	10526.37	7551.11386945
5.889	1024.1312982	9994.629	58812.4664387	9493.652	8641.21292367	10527.83	7987.06219237
5.89	862.133477916	9999.023	66502.4937752	9487.793	6010.31973897	10450.2	6074.69549667
5.891	893.934303275	9999.023	57388.536095	9464.355	5535.75122126	10538.09	7319.40554253
5.892	978.70666503	9997.559	71619.2938443	9473.145	7466.87641148	10546.88	5675.99107341
5.893	1017.42891608	9996.094	75600.946797	9515.625	4335.0403781	10463.38	5603.47364332
5.894	895.94075389	9996.094	58453.2766795	9518.555	7961.37767328	10521.97	4112.04530491
5.895	1015.80847873	9994.629	68277.8373532	9462.891	6339.89560739	10500.0	9026.5605509
5.896	1039.87536982	9999.023	74720.5173691	9524.414	7125.07105555	10501.46	8747.12276323
5.897	1221.55517201	9999.023	114397.50565	9515.625	14323.8898564	10539.55	8266.74002939
5.898	1240.1822587	9997.559	78636.1204941	9502.441	8545.08145138	10511.72	7710.46205408
5.899	981.719959504	9996.094	78408.210045	9459.961	4494.13456244	10480.96	6673.36502832
5.9	947.866249891	9996.094	110576.914041	9496.582	5771.17647006	10513.18	7604.62862644
5.901	925.866456142	9994.629	118812.511597	9505.371	6232.21868242	10508.79	4471.81468797
5.902	946.830167902	9999.023	76883.4568958	9544.922	4474.85732416	10485.35	4911.13821245
5.903	917.412549565	9999.023	119876.559171	9468.75	4156.04737996	10504.39	3532.60336105
5.904	890.454282599	9997.559	113892.161958	9537.598	5704.716682	10483.89	5800.54331343
5.905	800.760596911	9997.559	114952.641517	9537.598	5338.33555195	10482.42	5201.34460371
5.906	865.806913427	9996.094	114258.832324	9455.566	6227.06847558	10486.82	6250.4209732
5.907	900.341543194	9994.629	125949.429809	9549.316	3529.5464862	10521.97	7874.14062967
5.908	1067.71194292	10000.49	136845.313915	9486.328	7066.54629034	10457.52	7332.89086496
5.909	962.662660128	9999.023	167781.993245	9528.809	8651.81978782	10548.34	4392.47508132
5.91	1130.51333787	9997.559	132947.170729	9540.527	8728.19484668	10505.86	4515.44215023
5.911	1168.8689827	9997.559	147029.251931	9454.102	8767.74558703	10495.61	10199.7997655
5.912	1224.16048192	9996.094	167265.801439	9549.316	4736.78560024	10519.04	10493.0673143
5.913	1255.06769366	9994.629	158935.081829	9502.441	6543.94397543	10461.91	6519.51875058
5.914	1195.41002552	9994.629	197043.633301	9483.398	6222.40045219	10533.69	5416.28260834
5.915	1289.20427579	9999.023	194815.573344	9459.961	8489.40491884	10549.8	7055.05126443
5.916	1551.96602126	9999.023	183613.299224	9520.02	10184.4288452	10519.04	6110.02418769
5.917	1797.98811798	9997.559	236706.120248	9530.273	14225.668288	10538.09	15487.6047704
5.918	2649.30559465	9996.094	231954.575998	9457.031	14014.9995371	10511.72	19210.0118262
5.919	3163.08015838	9996.094	201963.413749	9465.82	40644.2833155	10492.68	24909.2403258
5.92	3570.77865933	9994.629	196967.007416	9534.668	21393.8192804	10492.68	22163.4589705
5.921	3627.23569749	9999.023	232948.696343	9524.414	47191.8349484	10533.69	23473.3759811
5.922	3357.519072	9999.023	219946.063329	9483.398	27426.7683467	10546.88	21567.1189703
5.923	4119.44731025	9997.559	219498.778173	9474.609	33857.1896908	10511.72	18650.4379094
5.924	5451.91686013	9996.094	134153.49543	9496.582	33924.7619576	10500.0	36559.7782205
5.925	4651.99430017	9996.094	234136.176981	9508.301	40254.4538218	10466.31	25005.5545764
5.926	4732.54700226	9994.629	194228.527736	9476.074	26944.8762508	10542.48	19107.2069436
5.927	4707.2889981	10000.49	129879.36109	9480.469	32880.601955	10536.62	31047.0677976
5.928	6101.59358545	9999.023	253575.705026	9457.031	42487.6402007	10508.79	43287.8824443
5.929	5010.48542959	9997.559	173562.164515	9534.668	32925.4877367	10483.89	49090.2622356
5.93	4518.90610558	9997.559	146363.467555	9495.117	27104.4459202	10486.82	27770.6345019
5.931	4206.89975041	9996.094	268789.581323	9528.809	32180.0038785	10508.79	39086.8775592
5.932	5334.75385052	9994.629	192507.365777	9540.527	38997.663155	10530.76	29735.4908776
5.933	5855.72889119	10000.49	239304.921112	9502.441	32576.9982514	10491.21	47519.1611052
5.934	5943.84760673	9999.023	255951.056278	9470.215	42687.7752386	10542.48	27708.0033624
5.935	5759.52595977	9997.559	277647.066541	9464.355	38431.7647767	10532.23	49908.3290635
5.936	6482.35654145	9997.559	184804.347728	9473.145	46661.3515315	10526.37	36277.0410232
5.937	5449.23050375	9996.094	279860.323739	9451.172	49348.2538358	10450.2	34967.5643156
5.938	5511.37749164	9996.094	231711.758878	9487.793	41281.5458514	10513.18	34916.9666731
5.939	4195.33618307	9994.629	208920.22163	9458.496	26395.676322	10519.04	36055.361799
5.94	3137.25126089	9999.023	252194.022757	9537.598	20726.1551435	10458.98	13263.8585237
5.941	4138.04153211	9999.023	203253.55787	9520.02	16957.3342687	10470.7	18486.1364089
5.942	2011.80796928	9997.559	202005.179638	9521.484	16897.8178821	10507.32	12594.7326274
5.943	3609.28499968	9996.094	241609.014145	9493.652	25328.3173264	10473.63	25932.7301723
5.944	3061.28648169	9996.094	297869.496327	9492.188	14014.0182628	10479.49	19212.2405409
5.945	1608.40941097	9994.629	288504.715337	9458.496	14595.6121177	10532.23	12098.693982
5.946	1357.89372858	9999.023	291620.523668	9467.285	5814.59666317	10460.45	11013.7419537
5.947	1068.76664957	9999.023	286599.013436	9518.555	7079.83514045	10521.97	4445.82325237
5.948	997.776840665	9997.559	342446.72165	9505.371	7960.37558552	10542.48	9292.62920701
5.949	1619.87252732	9996.094	214076.442208	9544.922	13992.5580842	10463.38	12956.5054963
5.95	699.96895868	9996.094	247012.776682	9533.203	4205.13562011	10479.49	3516.9559653
5.951	680.333593655	9994.629	274352.874824	9474.609	4868.40265739	10542.48	4107.69199521
5.952	692.218399229	10000.49	216452.625051	9527.344	5060.64692971	10475.1	3776.90547239
5.953	600.519375373	9999.023	214907.882085	9511.23	2105.5143942	10472.17	2819.9165663
5.954	526.438633082	9997.559	208444.440049	9462.891	3622.77383923	10458.98	3416.06855245
5.955	540.102392726	9997.559	185254.424014	9518.555	4314.2593397	10513.18	2851.69486773
5.956	490.320029711	9996.094	171475.756999	9498.047	1776.67442813	10523.44	3136.07758836
5.957	466.383176954	9994.629	187296.38896	9484.863	2941.78377668	10489.75	3012.97405254
5.958	479.208967067	10000.49	172602.573274	9489.258	3177.31691853	10524.9	3330.20103207
5.959	623.446666414	9999.023	186178.163986	9539.062	2795.91846579	10451.66	3411.1353574
5.96	785.361103821	9997.559	153071.096107	9509.766	4391.13470609	10497.07	3155.69261242
5.961	613.957269648	9997.559	213025.373641	9536.133	4707.19558082	10476.56	5861.06094006
5.962	539.740803942	9996.094	193343.476046	9479.004	3621.64205283	10494.14	4655.14576825
5.963	519.709008037	9994.629	157796.124886	9533.203	3660.05017862	10464.84	4043.5969156
5.964	758.677658089	9994.629	213156.959729	9541.992	3979.30173388	10530.76	4429.35788477
5.965	691.454108347	9999.023	219269.921722	9481.934	3307.09611594	10545.41	4651.03838003
5.966	589.497741651	9999.023	223860.880102	9528.809	3716.71774846	10482.42	3373.93745352
5.967	668.123876574	9997.559	242015.028775	9454.102	5859.34449025	10492.68	3634.40422035
5.968	805.568375039	9996.094	187916.163935	9496.582	3245.87217366	10523.44	4583.95999962
5.969	633.501602124	9996.094	195797.737572	9546.387	2370.12922199	10460.45	4339.50588763
5.97	608.436527358	9994.629	175590.647663	9508.301	5418.55757193	10504.39	3891.94619942
5.971	482.642667202	9999.023	158547.149051	9458.496	4740.54742317	10517.58	2315.80486378
5.972	470.376246854	9999.023	167629.207201	9515.625	2556.2424385	10529.3	2775.3866473
5.973	473.710779268	9997.559	123788.595963	9451.172	1536.51935038	10472.17	4081.92843369
5.974	408.26692376	9996.094	106720.850835	9525.879	3710.94029614	10529.3	1790.80608848
5.975	413.235341886	9996.094	127441.833674	9493.652	2392.61703838	10507.32	2691.13395025
5.976	392.969362601	9994.629	107396.97835	9549.316	1775.69039905	10486.82	3073.18729157
5.977	372.909327408	10000.49	99025.1192942	9517.09	2373.53084525	10479.49	1740.31156225
5.978	349.330921601	9999.023	125578.890519	9454.102	4191.18611576	10535.16	1848.13432591
5.979	392.92427881	9997.559	97660.8721253	9481.934	1999.05795743	10486.82	1962.60277579
5.98	337.766918164	9997.559	94647.1142263	9539.062	2388.37366526	10472.17	2553.15099692
5.981	403.110274378	9996.094	107433.493655	9527.344	2355.46937652	10478.03	3396.22064044
5.982	380.62097577	9994.629	90142.1680013	9506.836	2628.04641104	10498.54	2556.99020422
5.983	371.236611949	10000.49	81300.2642322	9522.949	2539.33042184	10524.9	2891.16180975
5.984	332.39529896	9999.023	102093.436918	9500.977	3108.44093561	10514.65	1569.78049594
5.985	340.838664561	9997.559	92615.8331444	9533.203	2318.83508692	10460.45	2213.48950749
5.986	267.410569784	9997.559	100439.612732	9503.906	1962.09705513	10538.09	1903.76811923
5.987	259.960978202	9996.094	110982.408606	9459.961	1863.07465238	10545.41	1815.29971384
5.988	253.661776521	9994.629	99056.4648039	9492.188	1335.79121744	10472.17	1385.21615183
5.989	209.568533318	9994.629	106872.12119	9467.285	1435.96292654	10461.91	1363.74756822
5.99	201.443509112	9999.023	126275.876241	9549.316	767.406706841	10491.21	861.673156579
5.991	191.092114	9999.023	110748.69605	9500.977	1186.91747305	10543.95	959.139700743
5.992	211.317550503	9997.559	133984.340669	9524.414	1747.31865262	10533.69	2786.54057893
5.993	201.661650294	9996.094	131982.256632	9486.328	687.133699003	10482.42	1173.99367421
5.994	198.424596039	9996.094	142343.594793	9474.609	846.864899316	10461.91	1847.345097
5.995	196.932823623	9994.629	142324.917237	9500.977	2131.07198411	10489.75	2132.07848834
5.996	193.576567509	9999.023	122034.589532	9498.047	1364.41033428	10473.63	957.407500293
5.997	199.198478668	9999.023	121049.515132	9536.133	1173.19952089	10511.72	830.222299782
5.998	190.769029642	9997.559	120583.648751	9484.863	1280.71287281	10453.12	1767.77507739
5.999	218.021256555	9996.094	103693.845913	9547.852	1232.42424671	10463.38	965.028089104
6.0	679.654531758	9996.094	99915.0649843	9470.215	4227.89565759	10521.97	2901.55841207
6.001	216.406465756	9994.629	85881.4660566	9458.496	1091.63777362	10470.7	806.867565915
6.002	195.4336412	10000.49	80336.8357808	9530.273	1024.78048745	10485.35	1075.74060706
6.003	206.860062019	9999.023	76923.0751434	9540.527	817.648975079	10498.54	1741.69781207
6.004	199.951368678	9997.559	66934.4934559	9490.723	1309.7706943	10546.88	1318.77507169
6.005	215.486029419	9997.559	61393.8338896	9505.371	1771.75067163	10501.46	1208.4405075
6.006	216.488248509	9996.094	59697.6456683	9451.172	1755.33349594	10523.44	1347.48658823
6.007	256.67500012	9994.629	55477.4378883	9524.414	903.366701363	10514.65	1496.43128727
6.008	229.263191877	10000.49	40825.0896961	9454.102	1043.77577355	10492.68	1816.0415336
6.009	202.2958067	9999.023	42273.8032909	9546.387	1394.12788724	10475.1	1210.38791921
6.01	210.149887956	9997.559	38484.547237	9536.133	1832.42751652	10450.2	1217.52676476
6.011	200.932297823	9997.559	32691.0725474	9518.555	1283.4240184	10464.84	1145.49594068
6.012	203.267443224	9996.094	26910.4824294	9506.836	2163.23822663	10545.41	1043.26671139
6.013	183.315461392	9996.094	31293.8433848	9541.992	1604.29147897	10541.02	1613.19428092
6.014	211.681557152	9994.629	21713.5345136	9493.652	1364.1732501	10532.23	1019.27650084
6.015	198.63497659	9999.023	13284.9605425	9474.609	1140.35386244	10524.9	2235.52205983
6.016	196.268069445	9999.023	12752.6085285	9508.301	848.849581809	10549.8	833.663434495
6.017	213.84719834	9997.559	20079.3263251	9455.566	1961.90631932	10514.65	2137.62311682
6.018	225.819722467	9996.094	13340.0965587	9525.879	1497.21397387	10451.66	1295.62304552
6.019	276.164207703	9996.094	17438.1019592	9487.793	1588.06250947	10453.12	1816.75959455
6.02	277.674596886	9994.629	19984.6657123	9543.457	1307.50615132	10451.66	1797.44727579
6.021	229.733037893	9999.023	9451.00560328	9471.68	1498.63928044	10497.07	2125.20302974
6.022	212.991404096	9999.023	17513.953396	9480.469	1082.57191771	10545.41	924.825794855
6.023	174.348031421	9997.559	12362.4058934	9476.074	1233.83897708	10549.8	745.302019008
6.024	149.092663136	9996.094	11667.5882568	9473.145	1699.6694962	10516.11	1019.03560557
6.025	152.988033736	9996.094	8749.04467729	9464.355	1622.91557255	10461.91	1110.1209792
6.026	145.061476466	9994.629	7337.04260407	9490.723	828.608654138	10457.52	643.494237353
6.027	129.536125896	10000.49	4827.34477866	9452.637	676.096957945	10463.38	807.252048064
6.028	142.363014693	9999.023	2248.894046	9541.992	462.472053261	10538.09	858.191727787
6.029	126.977618045	9997.559	1879.57678029	9546.387	1069.49600738	10456.05	540.869966832
6.03	141.098042082	9997.559	1720.92815793	9499.512	1176.19908174	10535.16	658.629670625
6.031	140.585270115	9996.094	2037.33757935	9509.766	986.39663592	10466.31	1541.29515786
6.032	146.438490933	9994.629	4597.44626187	9512.695	908.65526912	10526.37	1405.12081855
6.033	152.712849307	10000.49	2752.47742299	9547.852	1156.07963645	10467.77	660.094828197
6.034	159.005851628	9999.023	8111.63833202	9511.23	1481.02914372	10483.89	1433.85041761
6.035	164.027341797	9997.559	5273.7116859	9468.75	855.402234683	10530.76	988.201162671
6.036	176.582801388	9997.559	3291.98081341	9531.738	574.818482101	10527.83	1238.28147848
6.037	174.691258366	9996.094	7962.52847463	9549.316	1023.40615015	10482.42	673.941129482
6.038	151.08165458	9994.629	4879.44685322	9536.133	706.881696295	10485.35	1156.32276479
6.039	146.119685182	9994.629	1600.41160866	9547.852	1514.19061948	10519.04	1686.43611999
6.04	135.845784565	9999.023	1992.40128157	9518.555	945.918742412	10454.59	673.080591347
6.041	128.633398996	9999.023	1629.52985913	9474.609	969.396615943	10519.04	656.511755221
6.042	134.349973295	9997.559	2082.91845244	9455.566	982.918390502	10467.77	771.577180294
6.043	129.491104092	9996.094	3771.79318143	9465.82	682.939119224	10530.76	648.121140419
6.044	130.771097396	9996.094	4226.41788795	9465.82	744.378568011	10458.98	663.290852103
6.045	120.599822255	9994.629	7642.85799112	9474.609	638.372285076	10520.51	659.551067799
6.046	118.686909848	9999.023	10007.8921448	9533.203	720.311399259	10526.37	863.264677279
6.047	124.53613136	9999.023	10278.3018458	9467.285	661.081799839	10497.07	837.990613336
6.048	129.602486524	9997.559	14405.6111519	9468.75	579.550277991	10478.03	1012.16085992
6.049	121.513914127	9996.094	14403.1780064	9483.398	475.388786075	10521.97	764.604857184
6.05	132.781070675	9996.094	26138.7263461	9536.133	972.253760593	10533.69	736.983479228
6.051	135.674187813	9994.629	24336.0834429	9492.188	679.544506389	10508.79	909.460108006
6.052	147.361056893	10000.49	24648.4342711	9522.949	1098.55671886	10458.98	1023.59677073
6.053	140.309816976	9999.023	33329.8331035	9477.539	1026.89898719	10485.35	995.906082354
6.054	183.075315383	9997.559	40143.9504559	9451.172	724.305551116	10456.05	782.267500217
6.055	190.151684204	9997.559	41862.9853275	9536.133	2214.48662597	10538.09	1060.92942995
6.056	198.788141833	9996.094	53600.7763837	9490.723	607.768996018	10504.39	644.254379288
6.057	161.196465223	9994.629	61157.522556	9457.031	1024.80715895	10510.25	1078.83576044
6.058	159.699930055	10000.49	77223.4143154	9495.117	774.607307949	10529.3	1105.8071312
6.059	173.554945866	9999.023	88230.042993	9520.02	1112.19658774	10539.55	1705.84336874
6.06	172.281927761	9997.559	77636.5474984	9459.961	589.509046794	10517.58	711.370814574
6.061	166.922683406	9997.559	88018.7835449	9474.609	1115.77904195	10535.16	1217.30710097
6.062	169.101042708	9996.094	89542.5603963	9492.188	1135.47116215	10482.42	943.406089082
6.063	161.853780923	9994.629	85853.0106698	9493.652	1191.90634357	10533.69	833.83698502
6.064	174.736238062	9994.629	110749.043813	9483.398	772.954388101	10483.89	1004.9896561
6.065	165.139539811	9999.023	113427.721556	9521.484	941.087658522	10466.31	1017.74208199
6.066	160.500639142	9999.023	102936.783129	9486.328	1428.88100951	10516.11	960.047553087
6.067	168.870826716	9997.559	114108.776938	9531.738	1305.34995706	10502.93	1019.7786548
6.068	162.532101997	9996.094	95103.7498928	9470.215	629.880045423	10538.09	1061.13147561
6.069	169.564699929	9996.094	106925.176953	9487.793	1609.32519945	10538.09	1083.99330055
6.07	178.185309418	9994.629	104397.545998	9483.398	751.588022777	10458.98	1206.70329583
6.071	181.717369931	9999.023	93970.7027251	9525.879	1445.69359654	10458.98	754.337727205
6.072	172.535321641	9999.023	89156.1051932	9543.457	1318.33472897	10511.72	1095.26206381
6.073	176.679365756	9997.559	104990.880842	9458.496	1306.76406737	10457.52	1008.90253932
6.074	196.185023468	9996.094	90385.0979269	9546.387	1196.7093542	10492.68	1252.59212048
6.075	200.636774254	9996.094	97405.3257879	9498.047	1931.52923794	10548.34	1191.37524532
6.076	230.087606846	9994.629	98004.6246328	9518.555	1884.91064316	10482.42	1203.6222445
6.077	242.839716706	10000.49	68806.5606292	9495.117	2221.94942902	10479.49	1652.10909338
6.078	184.157099158	9999.023	91445.7889393	9530.273	896.215024682	10491.21	760.216045347
6.079	202.85207745	9997.559	81248.9872313	9528.809	818.670910598	10456.05	1174.25317225
6.08	565.928925481	9997.559	75651.8532449	9498.047	3228.220646	10479.49	3881.65393603
6.081	229.363796276	9996.094	81253.4037201	9502.441	1257.95596775	10498.54	2362.76677654
6.082	205.93409301	9994.629	73602.7413752	9467.285	1046.89507419	10479.49	1245.75475686
6.083	223.406753518	10000.49	71699.1873734	9486.328	1024.40718216	10539.55	1067.78167119
6.084	209.783916568	9999.023	77592.6487034	9511.23	1627.90261708	10495.61	1348.68851194
6.085	203.095612905	9997.559	71254.9493922	9452.637	1836.42803587	10546.88	1467.38018563
6.086	207.104983766	9997.559	74648.9483969	9502.441	1181.65535297	10500.0	1283.43555253
6.087	247.903008202	9996.094	81894.5439791	9521.484	1608.69900822	10514.65	1707.79121537
6.088	218.565624514	9994.629	77910.714798	9468.75	1141.76303955	10502.93	1474.66124022
6.089	188.913406733	9994.629	63667.4983075	9531.738	1851.26488032	10466.31	1260.70386496
6.09	202.530815745	9999.023	61559.2180172	9499.512	1679.67403367	10543.95	1420.76832427
6.091	192.951691633	9999.023	46828.0402491	9544.922	1179.39062419	10545.41	1575.10505802
6.092	190.726002814	9997.559	58024.7114044	9500.977	938.914882365	10526.37	908.208107413
6.093	188.572997286	9996.094	48809.0823245	9518.555	760.28610067	10494.14	1343.70879015
6.094	180.595346648	9996.094	42394.8234102	9468.75	1132.23878637	10473.63	881.125261542
6.095	195.452483516	9994.629	52321.5901222	9490.723	1150.89560412	10538.09	1070.49198073
6.096	181.969266581	9999.023	43181.6420003	9527.344	1059.69599039	10464.84	1223.28584333
6.097	184.566369551	9999.023	58216.8255919	9521.484	840.278299795	10524.9	1184.7907298
6.098	188.116376698	9997.559	68823.0255737	9514.16	1014.72854099	10486.82	1009.42976582
6.099	204.304557515	9996.094	67385.0783784	9483.398	1109.94082002	10467.77	1083.31272089
6.1	182.255519095	9996.094	93318.5899366	9534.668	1593.96380003	10538.09	1657.47301587
6.101	210.536001113	9994.629	116712.865343	9462.891	1333.23941157	10516.11	1017.25932497
6.102	208.452966782	10000.49	98404.4742357	9495.117	915.516678823	10464.84	882.648237384
6.103	201.444757189	9999.023	142434.475788	9549.316	1291.33107214	10467.77	1159.46748539
6.104	182.677636662	9997.559	138080.854648	9474.609	744.358324135	10505.86	1411.01239489
6.105	183.502434051	9997.559	159307.286342	9531.738	1719.82348118	10476.56	1253.53330187
6.106	171.415899002	9996.094	219055.692951	9459.961	929.884510576	10501.46	1076.75921889
6.107	184.31289916	9994.629	222079.519432	9506.836	911.91033748	10463.38	1070.34343741
6.108	167.094238766	10000.49	215641.679915	9540.527	822.358660435	10482.42	1393.88962972
6.109	165.970459079	9999.023	256340.469207	9490.723	991.806862823	10502.93	997.993804563
6.11	167.044706016	9997.559	239314.184996	9490.723	1615.01184052	10541.02	863.558318898
6.111	180.231026201	9997.559	258617.842888	9539.062	1039.9973537	10507.32	1440.83646497
6.112	184.798255797	9996.094	267180.832731	9517.09	884.86202642	10461.91	1067.89061201
6.113	165.267281641	9994.629	211927.069073	9541.992	1765.55279788	10546.88	1022.46534507
6.114	159.261309422	9994.629	239737.058354	9546.387	1259.95943475	10523.44	2082.39790394
6.115	146.186848282	9999.023	230887.091427	9492.188	942.191593811	10513.18	977.53862304
6.116	161.488959982	9999.023	214200.60017	9492.188	981.633110775	10541.02	496.890973978
6.117	153.800790892	9997.559	257145.907206	9483.398	810.422505025	10533.69	989.980529824
6.118	162.131471344	9996.094	246207.452697	9524.414	1224.40903512	10451.66	1293.4271121
6.119	151.739070466	9996.094	233723.003097	9544.922	1128.51519622	10473.63	704.747467122
6.12	155.454233643	9994.629	274364.023375	9454.102	957.53926222	10451.66	809.033166832
6.121	167.479033063	9999.023	245619.268428	9506.836	1436.2823872	10488.28	1365.17290034
6.122	151.54412926	9999.023	259745.607526	9503.906	986.771779086	10542.48	919.070218714
6.123	143.889450376	9997.559	280664.867406	9534.668	763.867983296	10513.18	1191.74906877
6.124	137.079588949	9996.094	227712.596996	9479.004	1125.38073649	10495.61	1115.72453555
6.125	132.599047205	9996.094	259190.850713	9473.145	1505.33217306	10532.23	1118.72720102
6.126	144.966772492	9994.629	267418.948755	9459.961	954.505777653	10498.54	1134.66243683
6.127	145.984287611	10000.49	216112.255495	9536.133	1262.42166503	10479.49	547.990546365
6.128	146.097282841	9999.023	249556.913179	9546.387	1003.49038515	10521.97	924.175301169
6.129	147.471496811	9997.559	239893.811901	9481.934	936.755437769	10527.83	740.432640033
6.13	148.489212223	9997.559	243679.694948	9512.695	1278.4994486	10505.86	1046.0866977
6.131	151.035218766	9996.094	251020.085331	9505.371	921.609467347	10470.7	1282.85580105
6.132	149.110065878	9994.629	211613.993984	9547.852	820.311288124	10457.52	875.943207711
6.133	149.896595683	10000.49	209931.286888	9481.934	504.06105208	10458.98	1112.57425362
6.134	135.484318514	9999.023	196762.143077	9496.582	533.453898287	10527.83	642.508087344
6.135	134.614525129	9997.559	163154.00042	9479.004	937.547815849	10504.39	669.065535933
6.136	137.444896164	9997.559	176691.516205	9508.301	886.12277439	10451.66	1353.68185124
6.137	128.527222579	9996.094	177874.538162	9537.598	972.013841662	10533.69	802.240721354
6.138	126.478673552	9996.094	156163.413783	9495.117	602.168775451	10549.8	865.107144287
6.139	113.957611232	9994.629	169508.614671	9525.879	567.586324577	10517.58	646.576217744
6.14	117.420971189	9999.023	168609.951693	9544.922	876.964130828	10527.83	1231.1772415
6.141	111.459814685	9999.023	151156.203402	9470.215	859.305396931	10451.66	921.842527444
6.142	116.490036936	9997.559	167159.923005	9524.414	545.471940558	10529.3	797.834305318
6.143	114.886369714	9996.094	148039.901837	9517.09	889.56339482	10488.28	559.370274676
6.144	112.828912135	9996.094	159592.899554	9509.766	613.217981496	10529.3	661.332820397
6.145	106.119158848	9994.629	166177.951361	9458.496	500.54838819	10483.89	916.727308789
6.146	107.422331583	9999.023	143869.010948	9528.809	710.192455521	10469.24	617.099530109
6.147	108.673667014	9999.023	160282.317732	9484.863	463.929303304	10507.32	715.514382499
6.148	95.6320329963	9997.559	157334.482941	9484.863	759.378078804	10469.24	551.503137255
6.149	103.274148916	9996.094	149929.748233	9496.582	749.253897496	10461.91	695.042593221
6.15	103.745765613	9996.094	158568.629345	9530.273	554.452149466	10527.83	643.680245867
6.151	94.846181798	9994.629	174308.160986	9490.723	481.749073266	10475.1	1130.71230721
6.152	98.7213741472	10000.49	148232.364827	9508.301	708.417375922	10539.55	677.920322341
6.153	97.5306695598	9999.023	155926.063239	9524.414	478.989578007	10489.75	428.859813719
6.154	104.711528955	9997.559	139772.436185	9531.738	622.499203872	10523.44	652.936460319
6.155	93.6075949847	9997.559	127446.068454	9521.484	495.623441879	10520.51	502.365056787
6.156	93.4870747672	9996.094	158180.405152	9536.133	482.21028176	10456.05	928.777234572
6.157	92.3040077665	9994.629	158839.73162	9492.188	456.864307533	10472.17	661.95730693
6.158	96.7701949751	10000.49	156998.398754	9461.426	640.522098536	10510.25	780.485059015
6.159	87.179317996	9999.023	169087.068064	9520.02	822.742529258	10536.62	567.079928902
6.16	99.6813127238	9997.559	165447.848145	9459.961	543.407415012	10521.97	566.41080522
6.161	92.3550824338	9997.559	184490.589671	9481.934	607.07228248	10495.61	593.487062386
6.162	96.0894621746	9996.094	196654.893001	9474.609	693.106134161	10456.05	729.806055075
6.163	94.8511176671	9994.629	159438.819017	9458.496	611.900347045	10497.07	465.481758095
6.164	96.8574989132	9994.629	191416.664607	9471.68	603.733454461	10456.05	841.902046942
6.165	93.0533553519	9999.023	188574.612322	9468.75	811.695092392	10456.05	590.251929084
6.166	95.9278010392	9999.023	160099.307812	9530.273	536.730036752	10494.14	1164.16144813
6.167	102.765486124	9997.559	191513.348992	9467.285	722.486446646	10513.18	588.955230412
6.168	101.11401479	9996.094	160842.820625	9479.004	684.208088249	10520.51	548.571835258
6.169	99.4302282245	9996.094	150953.504312	9462.891	361.892560458	10478.03	544.797020336
6.17	110.329997967	9994.629	164751.204392	9461.426	649.139004989	10500.0	454.425803034
6.171	102.590490748	9999.023	123208.710743	9518.555	710.856392964	10542.48	337.741082494
6.172	90.5160087995	9999.023	116854.672958	9498.047	618.437845923	10478.03	688.842675987
6.173	95.7102946841	9997.559	114276.54387	9462.891	447.568865018	10532.23	530.164330271
6.174	99.823295912	9996.094	85906.2003812	9464.355	460.147457922	10461.91	905.959977467
6.175	104.028138159	9996.094	88231.0604487	9495.117	398.560883255	10505.86	697.230378107
6.176	97.4221850797	9994.629	73947.4971109	9505.371	558.414553262	10535.16	426.239959113
6.177	103.256286166	10000.49	61843.0934962	9528.809	543.565159225	10467.77	517.018142243
6.178	101.037060032	9999.023	58661.7411567	9473.145	426.0151939	10451.66	529.12313234
6.179	90.9568236351	9997.559	52017.9229162	9493.652	673.901781838	10549.8	706.224638256
6.18	94.648650696	9997.559	54326.6540096	9536.133	608.830783137	10542.48	478.910735817
6.181	92.2797625309	9996.094	42426.3090884	9547.852	672.354322946	10542.48	520.434085689
6.182	100.5151805	9994.629	43064.9029041	9528.809	659.721057643	10529.3	668.683530904
6.183	87.4735905	10000.49	38401.6486919	9467.285	677.945858841	10467.77	764.80471734
6.184	85.0867564678	9999.023	43128.150906	9500.977	535.333863009	10485.35	272.530363838
6.185	86.3730040152	9997.559	30109.9198576	9512.695	405.801970287	10457.52	401.385805613
6.186	88.887658118	9997.559	36028.129012	9534.668	496.181462367	10533.69	545.717295296
6.187	80.5721316044	9996.094	38656.3132664	9515.625	574.848709277	10486.82	758.326513619
6.188	83.1777309259	9994.629	29627.0430826	9539.062	720.267548243	10541.02	509.727804957
6.189	85.3728386288	9994.629	35914.7243071	9543.457	593.235907615	10505.86	478.614832037
6.19	85.8475807584	9999.023	27881.4030343	9484.863	531.65038141	10461.91	623.343384025
6.191	81.6714095828	9999.023	26929.2171459	9500.977	712.37414287	10467.77	551.500867095
6.192	85.4782316693	9997.559	30430.8010299	9468.75	908.578184068	10539.55	698.609850327
6.193	84.8231600786	9996.094	28540.4282029	9533.203	551.691866236	10542.48	413.30127821
6.194	79.9981431542	9996.094	24085.8835267	9489.258	634.651262252	10476.56	627.790756504
6.195	82.4744365886	9994.629	37336.0419981	9522.949	538.808162231	10545.41	391.867059491
6.196	86.4190910099	9999.023	30479.8139347	9489.258	604.77581362	10505.86	617.57059112
6.197	91.4170341483	9999.023	28873.5156254	9487.793	563.222316115	10523.44	561.557554195
6.198	89.7641738991	9997.559	30493.8770574	9502.441	559.652937739	10485.35	658.541145925
6.199	88.1315812568	9996.094	28620.3278841	9549.316	749.089306755	10520.51	495.41031934
6.2	340.12222896	9996.094	34666.7855162	9468.75	2733.57597352	10545.41	2182.70974964
6.201	93.3294368175	9994.629	33837.4206901	9464.355	511.835970227	10505.86	648.351494969
6.202	100.479384979	10000.49	28141.5784002	9495.117	691.538835573	10505.86	477.87996607
6.203	104.459931347	9999.023	31581.5361975	9496.582	579.709513294	10451.66	818.738434973
6.204	117.515181228	9997.559	31596.4461474	9503.906	546.513309272	10495.61	758.520042245
6.205	98.6492972094	9997.559	34861.8442221	9546.387	717.108035418	10536.62	707.900426963
6.206	114.478244169	9996.094	33677.799398	9498.047	619.273669303	10457.52	848.256439493
6.207	99.2717401365	9994.629	31857.0890485	9500.977	446.500060345	10520.51	561.651546537
6.208	103.168336387	10000.49	26149.3880087	9484.863	675.313790548	10529.3	710.806373283
6.209	104.878997695	9999.023	29675.2806376	9540.527	442.929700922	10450.2	910.38211743
6.21	107.256064564	9997.559	28934.7322094	9459.961	794.958912917	10463.38	536.354550248
6.211	110.591503005	9997.559	38711.0887407	9546.387	839.499863431	10545.41	1381.05785895
6.212	120.2699463	9996.094	35471.5303791	9541.992	626.355984256	10486.82	1403.00028904
6.213	135.949195103	9994.629	32740.2696099	9490.723	1484.49447923	10461.91	573.056216551
6.214	140.134728928	9994.629	31010.729839	9518.555	941.552287038	10524.9	663.206424958
6.215	158.767762746	9999.023	29975.8427575	9524.414	522.050908885	10497.07	803.854382195
6.216	148.772313533	9999.023	26188.9153322	9455.566	680.953977306	10516.11	1289.55132919
6.217	169.787508723	9997.559	25057.6719668	9520.02	1440.37463698	10450.2	1755.05949325
6.218	153.512410551	9996.094	20722.025333	9452.637	1376.72100116	10502.93	666.451832684
6.219	165.401228215	9996.094	19063.3790118	9514.16	789.830790003	10498.54	937.861116022
6.22	194.280340983	9994.629	29970.195467	9536.133	1625.31572747	10458.98	870.656458534
6.221	188.822752184	9999.023	15060.0337936	9547.852	1503.38841423	10476.56	1334.25883942
6.222	196.493415093	9999.023	18155.922654	9481.934	1274.32147715	10546.88	943.205635065
6.223	215.651717361	9997.559	14059.4013977	9543.457	1333.05960377	10495.61	1789.86246912
6.224	217.877880809	9997.559	11069.81497	9465.82	2042.52569934	10454.59	1277.58353489
6.225	283.836237492	9996.094	20129.5868901	9493.652	2123.39623646	10476.56	1544.48836718
6.226	253.772795834	9994.629	15081.1548118	9487.793	2096.09450215	10532.23	1591.15619161
6.227	341.519864635	9999.023	13415.4567411	9474.609	1584.15798264	10464.84	2405.48085663
6.228	371.210486562	9999.023	13547.0498378	9468.75	2842.38111147	10507.32	3241.33532797
6.229	427.427055912	9997.559	12531.808948	9474.609	2908.15837401	10530.76	1673.53988192
6.23	479.405723342	9997.559	8205.84923189	9540.527	2586.13179966	10505.86	4706.70504551
6.231	643.763865544	9996.094	10778.708138	9483.398	2906.9485085	10541.02	2277.79434155
6.232	817.564104788	9996.094	12502.1615072	9518.555	2442.8974574	10450.2	2773.42071391
6.233	814.351207409	10000.49	13993.7407562	9503.906	3908.98587505	10500.0	3455.37821781
6.234	880.700971055	9999.023	7672.59516122	9506.836	4450.13372498	10479.49	5164.38067407
6.235	1053.7893083	9997.559	9181.8784309	9464.355	5668.09248855	10541.02	6332.06094828
6.236	1147.1961669	9997.559	26280.1239826	9454.102	6078.39758543	10467.77	9803.16775686
6.237	1207.37444627	9996.094	21357.3290987	9537.598	7528.84032959	10454.59	5726.43197744
6.238	1260.96584543	9996.094	24487.6702109	9470.215	9351.56035242	10539.55	11335.5163032
6.239	1393.24135827	10026.86	12645.3539152	9480.469	6193.69127356	10549.8	4101.39886448
6.24	1443.17828859	9999.023	27714.3319743	9483.398	9044.31689181	10498.54	12397.5839092
6.241	1790.48431355	9999.023	32625.805996	9474.609	8320.90625833	10546.88	12000.7522852
6.242	1734.75127745	9997.559	21549.8954432	9480.469	10169.6578985	10498.54	8709.01345501
6.243	1570.87653491	10042.97	17737.572084	9506.836	9995.0191342	10507.32	11236.8474342
6.244	1341.65749871	9994.629	28549.1245149	9505.371	10748.170012	10464.84	8512.84107961
6.245	1173.83760032	9994.629	13871.1044597	9470.215	9092.98922264	10464.84	12799.23654
6.246	1033.76383633	9999.023	35721.9542211	9546.387	5683.43299714	10473.63	5141.11908703
6.247	840.232738211	9999.023	25533.4612475	9468.75	4128.87491669	10480.96	4516.76844791
6.248	653.126368175	9997.559	24504.3008568	9486.328	3005.77792884	10542.48	3815.19053156
6.249	578.972258392	9996.094	19721.9384698	9525.879	3438.60417356	10538.09	3734.90401073
6.25	472.055086677	9996.094	10366.4976319	9451.172	3110.53646968	10489.75	3316.20860179
6.251	397.798997988	9994.629	31045.8527746	9531.738	2032.32540238	10535.16	2361.3513487
6.252	382.64022807	10000.49	15575.47312	9540.527	2252.06635917	10495.61	4176.85931479
6.253	332.904823294	9999.023	19830.6458162	9506.836	2629.92971212	10500.0	1983.66345591
6.254	313.549907359	9997.559	20479.3877696	9525.879	2442.05031423	10517.58	1894.68108409
6.255	292.419914667	9997.559	16457.470584	9470.215	1913.38374842	10457.52	1553.40613922
6.256	215.054766132	9996.094	18862.255314	9481.934	774.896423992	10467.77	2619.44019817
6.257	212.226613636	9994.629	17412.7712473	9533.203	1602.15372162	10457.52	2071.42133414
6.258	185.610766673	10000.49	16784.8778807	9524.414	1023.86690438	10519.04	1949.9147072
6.259	172.279430893	9999.023	13238.6517922	9493.652	744.793372956	10519.04	922.384880945
6.26	168.942616441	9997.559	11397.6243051	9547.852	1420.64371654	10529.3	1015.08181985
6.261	151.278805865	9997.559	13862.9182819	9495.117	976.184075507	10451.66	985.518151424
6.262	158.084346255	9996.094	15989.3789473	9451.172	849.81108946	10482.42	749.850743088
6.263	147.129214651	9994.629	8350.53747545	9477.539	1135.66483831	10539.55	599.124434124
6.264	163.791486056	9994.629	10847.4177908	9471.68	713.174225978	10542.48	1009.30831375
6.265	149.720439052	9999.023	14997.075274	9465.82	1068.31872313	10494.14	960.453836167
6.266	135.800430096	9997.559	14834.4922959	9537.598	835.971496426	10466.31	619.862067808
6.267	140.844063376	9997.559	11928.6752377	9498.047	862.732025793	10541.02	765.028645592
6.268	131.925414689	9996.094	13070.8041247	9546.387	985.38444144	10505.86	1006.9650864
6.269	140.023911125	9996.094	11978.3707071	9490.723	792.566141247	10483.89	1080.36096623
6.27	148.313612033	9994.629	13243.4531138	9508.301	1097.06879889	10511.72	950.145446275
6.271	142.307014674	9999.023	15579.0955625	9483.398	603.445737481	10497.07	753.841786241
6.272	130.523431578	9999.023	14244.5232959	9470.215	542.497946186	10510.25	979.084128978
6.273	131.814924137	9997.559	18315.7260931	9536.133	815.164339954	10526.37	887.63024671
6.274	141.550016826	9996.094	8454.26263747	9486.328	807.175876815	10502.93	800.580682059
6.275	126.849433333	9996.094	9451.78122871	9477.539	814.470624116	10454.59	651.181394343
6.276	134.591706715	9994.629	10329.1473126	9486.328	846.926418077	10516.11	1166.90057753
6.277	140.358253661	10000.49	11039.5105077	9476.074	806.579864778	10538.09	1051.64443671
6.278	131.345427711	9999.023	9062.79746817	9455.566	1144.32011385	10469.24	690.130277384
6.279	132.746025192	9997.559	7517.35162325	9479.004	1199.37912351	10539.55	1121.68206605
6.28	135.126415234	9997.559	4378.5288411	9459.961	653.96119331	10451.66	1039.81593509
6.281	132.971246835	9996.094	8374.23320919	9536.133	521.540536746	10461.91	816.39205435
6.282	125.881496837	9994.629	3680.16990742	9536.133	588.705801661	10478.03	513.790843756
6.283	117.747778655	10000.49	4382.6440048	9487.793	845.229688334	10541.02	880.19759067
6.284	131.986738601	9999.023	5332.6444707	9514.16	813.684787574	10505.86	670.729225063
6.285	131.547967427	9997.559	2570.97513552	9459.961	748.204431426	10529.3	952.100729999
6.286	130.418866514	9997.559	4329.32188479	9492.188	1002.75295368	10536.62	654.518536613
6.287	121.668284909	9996.094	7775.83008345	9476.074	875.091184107	10485.35	999.88738571
6.288	114.304952106	9994.629	6180.01010152	9549.316	427.843221521	10535.16	594.877194166
6.289	127.139199633	9994.629	5320.5395023	9499.512	598.307649235	10473.63	859.981433744
6.29	128.378901758	9999.023	6718.14385217	9502.441	996.958500563	10546.88	794.831419964
6.291	130.875682266	9999.023	7936.16377912	9481.934	1029.77795154	10504.39	856.694753741
6.292	116.876647718	9997.559	10058.4980757	9468.75	822.311346656	10491.21	1139.88508968
6.293	127.875825439	9996.094	9817.28365646	9527.344	857.492427674	10530.76	414.398957285
6.294	118.481963177	9996.094	7793.11948846	9531.738	586.424287443	10451.66	485.901972538
6.295	125.162645463	9994.629	7161.97790208	9530.273	1073.60423709	10492.68	579.153900345
6.296	122.834977243	9999.023	6545.04335851	9502.441	813.770278824	10546.88	947.997984994
6.297	125.362207071	9999.023	7197.88152792	9452.637	878.239121196	10480.96	1214.8971961
6.298	114.658697684	9997.559	5246.70866587	9521.484	1241.49936758	10530.76	942.612537007
6.299	127.618226861	9996.094	6200.27761795	9549.316	1262.44621563	10539.55	1158.93185109
6.3	117.549292441	9996.094	9507.00874124	9539.062	688.305121591	10492.68	434.060295747
6.301	116.927454021	9994.629	11004.3803641	9539.062	546.783954693	10532.23	1046.73674981
6.302	111.678668252	10000.49	9564.48115421	9479.004	745.239072036	10543.95	930.145812731
6.303	116.539636344	9999.023	12782.8940874	9531.738	591.744113567	10511.72	1108.69758953
6.304	116.612353187	9997.559	12545.3280718	9544.922	1066.06982818	10461.91	988.194458365
6.305	111.976739361	9997.559	9892.35532076	9537.598	574.996675737	10524.9	778.735918798
6.306	127.246685947	9996.094	13280.6682557	9549.316	590.826434173	10464.84	765.728863671
6.307	115.317704141	9994.629	10323.2985358	9474.609	730.441398285	10497.07	431.420844712
6.308	112.553216966	10000.49	10582.7897296	9539.062	648.033392065	10451.66	808.519767724
6.309	112.879326219	9999.023	11473.634824	9474.609	888.232035772	10463.38	784.01637836
6.31	123.867674876	9997.559	7704.46335412	9544.922	1274.95806313	10505.86	612.582107281
6.311	136.88493528	9997.559	9062.22124618	9531.738	737.116041015	10489.75	814.051550139
6.312	128.004586244	9996.094	6917.12623538	9546.387	935.548848879	10513.18	800.837199865
6.313	137.381549304	9994.629	5039.16856252	9471.68	635.960341734	10453.12	885.083072185
6.314	126.413066268	9994.629	4778.2923874	9454.102	674.975330143	10483.89	801.919735374
6.315	118.056638836	9999.023	2885.9040731	9517.09	1091.22727224	10548.34	516.299234884
6.316	124.304922645	9999.023	2014.17692256	9489.258	953.245085031	10521.97	886.861190324
6.317	128.410214319	9997.559	2105.53644054	9477.539	588.814013686	10529.3	881.63741977
6.318	124.985971661	9984.375	571.569131043	9515.625	1477.42876466	10510.25	636.857986355
6.319	134.483759604	9996.094	1881.73620655	9451.172	678.806823109	10479.49	979.425171567
6.32	133.067780595	9994.629	1392.73756633	9509.766	736.594119919	10542.48	462.143076606
6.321	133.296968749	9999.023	1945.96246198	9508.301	593.403985183	10480.96	1019.23570674
6.322	132.647676363	9999.023	2640.89449346	9470.215	772.493124293	10541.02	1019.48950412
6.323	133.451792826	9997.559	1858.15276813	9517.09	760.119167982	10521.97	980.205761171
6.324	129.681143652	9996.094	2530.51170731	9492.188	1343.40588215	10542.48	667.639312336
6.325	129.520006201	9996.094	6505.46933914	9489.258	814.744978664	10475.1	898.856783399
6.326	140.616635477	9994.629	4148.69627482	9534.668	590.563140024	10535.16	840.020354554
6.327	144.804714005	10000.49	5516.49902439	9479.004	692.607456596	10505.86	841.982568491
6.328	134.839771238	9999.023	4731.86611015	9459.961	1091.50427317	10456.05	1048.14417266
6.329	153.475564155	9997.559	6485.71828655	9527.344	1457.21992855	10495.61	919.30587162
6.33	142.020153105	9997.559	5524.54173577	9457.031	786.78265327	10466.31	762.619846169
6.331	138.441241272	9996.094	9989.95504344	9543.457	839.887493903	10541.02	557.727805148
6.332	154.84467792	9994.629	10620.793652	9457.031	1386.92421302	10548.34	842.719881265
6.333	156.881449723	10000.49	12767.7742723	9468.75	551.78991978	10460.45	739.619316518
6.334	162.560026348	9999.023	17728.7021315	9547.852	1163.30779363	10497.07	1425.30108938
6.335	149.151865904	9997.559	15578.2665665	9476.074	672.551248117	10453.12	918.317248961
6.336	163.614029806	9997.559	24879.2462619	9512.695	895.425337586	10466.31	1213.35276725
6.337	154.787262448	9996.094	28555.1106129	9528.809	1425.34820642	10548.34	1192.80455715
6.338	160.142777241	9994.629	22408.5342992	9492.188	1162.99922942	10532.23	1116.05053661
6.339	170.446922804	9994.629	27802.2425714	9508.301	1119.46471655	10451.66	961.740833269
6.34	158.604992594	9999.023	25520.6828199	9543.457	748.863709684	10532.23	1266.85184409
6.341	167.828779671	9999.023	21432.7835675	9534.668	1540.1539994	10486.82	1236.27424117
6.342	187.565884444	9997.559	32484.9021998	9487.793	1390.64772016	10517.58	1105.99638252
6.343	192.012801814	9996.094	29810.8739393	9476.074	1112.23217633	10463.38	1032.95118839
6.344	197.595233174	9996.094	37885.7717604	9484.863	1129.82550914	10501.46	1262.5763539
6.345	263.318096174	9994.629	33967.7101048	9527.344	1300.90830884	10511.72	1801.37851161
6.346	299.059911809	9999.023	25565.6557688	9524.414	1392.89600872	10521.97	1723.40818754
6.347	300.600179075	9999.023	33092.3896241	9541.992	1828.35614426	10480.96	1771.40549513
6.348	279.624037413	9997.559	41053.4787206	9481.934	2016.6626225	10511.72	1041.78505122
6.349	241.658137654	9996.094	32716.8962542	9514.16	2028.64023911	10494.14	2486.84738575
6.35	213.338006087	9996.094	45876.3805357	9528.809	1331.13276005	10451.66	1796.87106671
6.351	196.017139972	9994.629	49605.806825	9543.457	1454.73393709	10473.63	824.114986251
6.352	172.323594288	10000.49	43436.408118	9503.906	1391.51523458	10530.76	1003.0820858
6.353	178.765444847	9999.023	70845.7572856	9480.469	1440.09059948	10473.63	1184.81238593
6.354	173.041889121	9997.559	71793.7548671	9520.02	1007.65550963	10530.76	944.341127935
6.355	181.315384916	9997.559	60806.1959215	9462.891	1812.02064988	10539.55	1119.36733826
6.356	185.46764291	9996.094	68028.5211294	9493.652	930.64708767	10470.7	1102.8811218
6.357	179.860611601	9994.629	71469.3430169	9509.766	687.903646029	10523.44	1369.49593464
6.358	185.501648669	10000.49	76971.1761028	9462.891	1206.4834789	10460.45	1549.05516188
6.359	187.369257943	9999.023	74587.5010186	9517.09	1372.9245018	10538.09	854.962241502
6.36	214.663925906	9997.559	59711.1831879	9508.301	1453.01535457	10458.98	1602.93004163
6.361	206.812818666	9997.559	75252.4923154	9464.355	1248.11257715	10464.84	1493.30200134
6.362	186.148290178	9996.094	63804.2641505	9512.695	1007.17350489	10469.24	1398.85048074
6.363	193.78007055	9994.629	60553.8735926	9465.82	1284.51259709	10516.11	779.857885365
6.364	173.29861732	9994.629	59267.6688025	9518.555	944.048885069	10511.72	1224.64348039
6.365	185.985110377	9999.023	48295.4745048	9521.484	1442.5089565	10549.8	1465.55410718
6.366	170.616927785	9999.023	47523.2541505	9505.371	1381.3282838	10488.28	1067.86833861
6.367	177.58868888	9997.559	47515.658742	9496.582	1040.31972481	10529.3	725.674916217
6.368	169.402643985	9996.094	38571.2188181	9515.625	1504.43803306	10453.12	809.046008848
6.369	172.923030547	9996.094	41628.3305861	9508.301	1226.53979275	10464.84	1194.4138925
6.37	178.969507211	9994.629	49448.7234819	9468.75	1068.38555446	10486.82	684.335498505
6.371	166.912957374	9999.023	52309.7201696	9533.203	1086.39000151	10545.41	790.300611866
6.372	168.529140596	9999.023	58157.9356678	9493.652	941.53897423	10461.91	1015.83056331
6.373	152.219601466	9997.559	73748.7659411	9544.922	934.799431772	10479.49	786.88696431
6.374	168.383843131	9996.094	69206.1870405	9483.398	1043.07586587	10513.18	876.337497095
6.375	165.082960681	9996.094	75835.1257972	9511.23	1216.59277061	10497.07	1312.0776964
6.376	162.752755769	9994.629	74269.5136228	9454.102	1546.07932765	10498.54	969.443520571
6.377	169.59697284	10000.49	76619.4951399	9481.934	597.671078747	10532.23	1382.94781139
6.378	160.588934198	9999.023	92286.2174384	9527.344	927.04442615	10532.23	1337.5396633
6.379	158.570510684	9997.559	91062.1173019	9486.328	937.838302078	10542.48	1013.24737494
6.38	158.950548408	9997.559	80311.16529	9457.031	910.952720747	10464.84	1266.91961179
6.381	156.912608054	9996.094	90615.65584	9547.852	804.468983978	10453.12	1090.51646925
6.382	194.369118706	9994.629	76915.6916138	9511.23	1814.38501986	10532.23	2525.5437042
6.383	179.607979823	10000.49	72687.3708039	9477.539	1136.0451973	10475.1	1482.43836364
6.384	195.839960174	9999.023	79299.1382695	9506.836	963.919051561	10520.51	1975.63551472
6.385	169.753396354	9997.559	59793.1776596	9502.441	949.670043409	10527.83	760.509030268
6.386	180.139380433	9997.559	61434.7835953	9505.371	741.328345546	10535.16	1459.30069398
6.387	166.484357533	9996.094	57425.6400708	9471.68	715.705785363	10475.1	621.832718566
6.388	168.656202971	9994.629	50488.7607303	9524.414	1288.50650133	10461.91	1059.18353462
6.389	173.615507271	9994.629	48856.4724527	9458.496	1155.00888841	10472.17	722.681105092
6.39	172.395769621	9999.023	49290.8408293	9533.203	589.739595334	10460.45	945.634968753
6.391	178.670028922	9999.023	39085.7228975	9461.426	1151.81954944	10475.1	994.218048689
6.392	178.325380801	9997.559	52563.7801497	9509.766	1221.04098334	10516.11	850.791482954
6.393	179.056201163	9996.094	50886.0865065	9499.512	1176.84440177	10498.54	1524.22655864
6.394	190.207376261	9996.094	50907.7411695	9547.852	1411.21009648	10498.54	1428.11187915
6.395	197.32278882	9994.629	52997.8299678	9493.652	974.699992174	10494.14	1821.92656246
6.396	232.885336099	9999.023	51582.1347477	9492.188	996.982820705	10464.84	1736.08284536
6.397	255.830347176	9999.023	62231.4803803	9500.977	1307.81472604	10541.02	1114.05296576
6.398	356.473384967	9997.559	62829.132194	9496.582	2371.83398252	10492.68	3028.42587352
6.399	669.765902228	9996.094	46904.7031978	9520.02	6032.64484141	10451.66	3812.25227742
6.4	29626.5812891	9962.402	229239.536993	9533.203	150079.306307	10505.86	177187.02681
6.401	636.78159491	9994.629	69964.5139319	9484.863	4934.87281533	10541.02	6079.17457639
6.402	350.937627514	10000.49	57968.0451279	9473.145	3203.90725045	10514.65	3140.72279468
6.403	282.769400262	9999.023	70742.2694157	9528.809	1320.69733443	10480.96	1343.01196918
6.404	207.913187481	9997.559	64416.4149923	9484.863	1298.59267851	10511.72	1690.02823669
6.405	206.884472154	9997.559	64278.3296064	9515.625	1687.97306071	10529.3	946.904856998
6.406	207.689746161	9996.094	71812.0897592	9465.82	1892.41691214	10529.3	1689.20201047
6.407	215.832541135	9994.629	72671.3961941	9474.609	1525.75141021	10549.8	995.469695175
6.408	205.315461911	10000.49	66194.8837727	9455.566	1183.70471352	10536.62	1303.97658005
6.409	211.012252117	9999.023	80655.432679	9546.387	1221.67906624	10454.59	1029.11638339
6.41	215.978881616	9997.559	76122.7978882	9468.75	1378.63186235	10453.12	947.433406257
6.411	214.29305109	9997.559	80276.7177366	9493.652	1901.57519831	10450.2	1416.39724129
6.412	200.025960835	9996.094	86882.4046869	9520.02	1004.66762531	10473.63	1233.99878042
6.413	191.270290459	9994.629	64209.3207939	9452.637	900.742540415	10539.55	2344.72619677
6.414	187.268831771	9994.629	65898.7959556	9489.258	1536.5554383	10505.86	853.066276319
6.415	200.321822316	9999.023	59689.3013116	9522.949	1494.59419708	10504.39	1312.63689356
6.416	199.70619175	9999.023	50780.2810166	9536.133	1803.45834559	10541.02	2216.53255015
6.417	192.633653515	9997.559	60736.1208744	9452.637	2048.5732975	10492.68	1030.49786265
6.418	198.959415915	9996.094	50123.5132134	9483.398	1819.90639401	10517.58	878.36081766
6.419	203.345832496	9996.094	35867.1524727	9464.355	1220.20096113	10538.09	1254.37689146
6.42	206.158922779	9994.629	38417.2527659	9541.992	926.039028793	10543.95	1979.67131847
6.421	203.174069769	9999.023	35490.0530431	9495.117	1744.58064278	10523.44	1336.61657441
6.422	207.029727776	9999.023	34351.5848461	9477.539	2205.35244451	10456.05	1545.32869787
6.423	206.253911147	9997.559	35409.608731	9467.285	1107.01637716	10500.0	1188.96980591
6.424	202.877795527	9996.094	22121.9529795	9527.344	1369.66844721	10467.77	1228.65380028
6.425	190.36562729	9996.094	27187.7323749	9508.301	1359.39408048	10500.0	704.737229884
6.426	229.472172875	9994.629	27226.6823313	9470.215	1051.51479393	10539.55	1828.00059088
6.427	208.650170909	10000.49	16121.9090457	9496.582	1432.214504	10517.58	1061.34431619
6.428	193.440047215	9999.023	26614.4141518	9457.031	1275.50332719	10450.2	1310.09550701
6.429	204.945926968	9997.559	21004.5389141	9506.836	1866.08252516	10453.12	1739.48876409
6.43	223.953820075	9997.559	17607.9472286	9487.793	1342.70010586	10524.9	901.534354789
6.431	206.955211484	9996.094	27706.1969362	9474.609	1181.2888537	10514.65	1066.34650154
6.432	214.619520827	9994.629	15077.5194549	9467.285	1466.80950193	10482.42	1683.98733259
6.433	211.290292845	10000.49	19976.6600006	9547.852	1371.48890083	10507.32	1384.02852232
6.434	211.773261241	9999.023	17599.4914777	9528.809	715.650917199	10501.46	2229.96284778
6.435	217.727873507	9997.559	20036.0713134	9481.934	1456.51756732	10514.65	1906.74398566
6.436	225.037059093	9997.559	19072.3600484	9483.398	1960.61938018	10535.16	1333.57619246
6.437	225.706385972	9996.094	16137.954916	9486.328	2027.74245246	10486.82	1331.04707759
6.438	230.16423315	9994.629	13851.3225945	9492.188	1387.75305705	10466.31	1435.91889639
6.439	215.683051122	9994.629	13176.0014933	9499.512	1354.03483394	10458.98	1536.8503936
6.44	224.894037838	9999.023	12303.6409987	9465.82	1642.10931464	10523.44	1365.68247084
6.441	222.401504665	9999.023	13267.9653669	9536.133	1080.31035747	10501.46	1857.96324087
6.442	209.694783418	9997.559	23309.3183259	9539.062	1672.53449146	10495.61	1243.70114344
6.443	238.971054333	9996.094	19254.0975917	9483.398	1471.13781758	10458.98	1366.70708192
6.444	229.225617812	9996.094	18260.9497755	9476.074	1303.17651488	10464.84	1966.99941257
6.445	218.786361886	9994.629	23788.593693	9530.273	1343.02861142	10501.46	1387.19126389
6.446	224.243131017	9999.023	11880.5267167	9533.203	1236.50126717	10482.42	1645.88497164
6.447	209.723892354	9999.023	14864.8386409	9477.539	1122.38980067	10488.28	835.66016067
6.448	219.56124522	9997.559	16045.7205089	9503.906	1714.56267566	10466.31	2339.37320909
6.449	240.832598613	9996.094	9420.86869725	9547.852	1007.0246208	10498.54	1990.39502257
6.45	201.83672867	9996.094	13968.8325993	9520.02	888.457352859	10549.8	791.120110206
6.451	212.369599197	9994.629	16290.5089249	9541.992	1312.98488614	10513.18	1964.83999862
6.452	203.904723099	10000.49	9503.90915075	9495.117	1138.0733875	10457.52	1045.30342351
6.453	193.457993462	9999.023	12111.411486	9543.457	1077.7000484	10502.93	729.620735602
6.454	203.560837919	9997.559	8141.08367128	9468.75	1708.44476296	10526.37	922.116959854
6.455	214.185801822	9997.559	8350.36072116	9480.469	1512.36890819	10517.58	826.387092175
6.456	167.794801353	9996.094	9818.81531739	9511.23	1251.75388936	10549.8	751.309897083
6.457	181.642587103	9994.629	9118.72526847	9546.387	1182.08467579	10517.58	710.993746416
6.458	173.412821942	10000.49	4969.29926643	9457.031	770.787398053	10461.91	1373.53952328
6.459	194.846928342	9999.023	7147.9605089	9473.145	1683.73386088	10520.51	1335.12724347
6.46	183.363489275	9997.559	5295.35158788	9498.047	1184.99672502	10460.45	1175.98090211
6.461	173.672696824	9997.559	6212.53454283	9534.668	1176.44548615	10488.28	1400.24934497
6.462	167.523140374	9996.094	6624.87393121	9547.852	857.67705241	10520.51	1396.89921104
6.463	173.371984235	9994.629	8819.90320664	9505.371	965.925806713	10488.28	798.917793585
6.464	149.267297047	9994.629	9449.81459093	9495.117	976.129715194	10478.03	957.744399967
6.465	157.091093872	9999.023	10707.421845	9479.004	936.836499421	10463.38	731.679189211
6.466	153.698618816	9999.023	13439.3253306	9464.355	1552.52860897	10492.68	698.192420398
6.467	156.710701603	9997.559	14288.9961819	9546.387	833.41567828	10523.44	1128.46899894
6.468	166.460914555	9996.094	13769.6457353	9484.863	728.298243009	10533.69	1226.6172649
6.469	165.721689755	9996.094	6909.71579592	9484.863	1475.55051168	10454.59	1030.62419572
6.47	165.016077072	9994.629	10093.8990844	9457.031	1147.11828873	10545.41	680.07123941
6.471	165.454597947	9999.023	9695.08882365	9487.793	775.667165363	10469.24	1243.26772514
6.472	144.911433006	9999.023	8273.67851917	9474.609	1343.01459524	10546.88	786.909452225
6.473	156.625071395	9997.559	8033.88689747	9481.934	878.468950401	10536.62	840.001414349
6.474	151.228159729	9997.559	6325.06882508	9509.766	1503.52811797	10516.11	1111.35415312
6.475	141.217207469	9996.094	9780.8058952	9539.062	576.007729259	10530.76	961.803979239
6.476	147.769597977	9994.629	9566.57490618	9530.273	820.531046742	10507.32	1265.49647725
6.477	137.967034371	10000.49	6111.80990807	9480.469	807.919965378	10545.41	1299.00893543
6.478	131.093499095	9999.023	8152.42686886	9547.852	1066.92075284	10494.14	712.150509991
6.479	138.450136004	9997.559	10349.7744605	9489.258	790.23885731	10451.66	490.110231214
6.48	126.677399861	9997.559	6555.03674487	9461.426	1130.78884157	10505.86	957.418539899
6.481	133.723107238	9996.094	8003.22233299	9479.004	1733.62142343	10536.62	787.67502009
6.482	131.064379877	9994.629	7802.43957197	9541.992	804.641629585	10502.93	842.206804756
6.483	122.385386848	10000.49	7061.99916156	9492.188	515.469242098	10476.56	547.246785256
6.484	127.736300057	9999.023	8625.80457705	9502.441	797.682757813	10526.37	977.924750336
6.485	117.233952374	9997.559	4911.04059869	9512.695	1022.1644789	10501.46	628.747033886
6.486	121.478870395	9997.559	9761.28258954	9495.117	796.171966083	10456.05	906.825903399
6.487	131.215708449	9996.094	4884.80720013	9539.062	663.37433325	10476.56	1241.52835706
6.488	110.505844315	9996.094	6285.65453353	9464.355	603.897491066	10536.62	795.164143534
6.489	121.756680327	9994.629	7992.72784861	9539.062	920.953734539	10541.02	771.632383687
6.49	125.798482208	9999.023	10991.8367793	9470.215	743.853988583	10504.39	1053.49550544
6.491	125.504547605	9999.023	12878.8712026	9521.484	1057.14140432	10463.38	589.676799851
6.492	124.00535746	9997.559	20161.9954985	9473.145	821.059816966	10478.03	1009.77242027
6.493	128.013645769	9996.094	14719.0986332	9468.75	714.161332794	10532.23	615.469041273
6.494	123.265570907	9996.094	20178.9434279	9459.961	692.035722695	10472.17	635.161798799
6.495	118.208760576	9994.629	27503.0325129	9508.301	532.511571918	10524.9	627.583982778
6.496	115.360207378	9999.023	20389.2003171	9467.285	756.300254278	10526.37	850.005734027
6.497	117.440574657	9999.023	22548.5746578	9536.133	597.706919034	10521.97	634.315196547
6.498	107.69178394	9997.559	37211.2534539	9468.75	587.139052764	10542.48	897.1128392
6.499	118.320801387	9996.094	27548.091966	9490.723	681.064755849	10475.1	559.917360117
