


# Next day, all the same but no laser light
5.0	1.65944154162	10044.43	8.33112875376	9454.102	14.8130955254	10510.25	9.57747785636
5.001	1.81140543193	9972.656	8.27613918527	9457.031	10.6838262263	10502.93	11.9150033141
5.002	1.88845789784	9972.656	8.64384266374	9471.68	9.65248754971	10492.68	8.26793931878
5.003	1.63722272464	9955.078	7.25181878997	9477.539	12.033769097	10463.38	10.6156486958
5.004	1.77089040614	10031.25	6.68924866159	9462.891	16.7278146599	10501.46	6.32915301338
5.005	1.89221843784	9952.148	9.5873567448	9481.934	13.7424965963	10524.9	18.8215023349
5.006	1.90669271065	9955.078	7.93626701129	9549.316	8.23719209793	10476.56	11.6897298459
5.007	1.89231197935	9988.77	10.0609281375	9511.23	11.5892216043	10532.23	17.6564717359
5.008	1.59110308868	10032.71	7.64696395628	9508.301	13.6453584683	10538.09	11.6943544928
5.009	1.80434658192	10004.88	7.06125475972	9486.328	17.9274563089	10498.54	10.5450030663
5.01	1.98346719872	9953.613	11.5925712389	9541.992	12.8895739791	10500.0	11.8225979236
5.011	1.84051405213	10013.67	7.17830396311	9496.582	15.8495264508	10530.76	16.7560515491
5.012	1.76306505888	10028.32	5.85185373902	9492.188	10.2925991498	10497.07	15.9750861679
5.013	1.71412274457	9982.91	11.5819082244	9528.809	16.2584998883	10478.03	6.45290724024
5.014	1.84785836052	10032.71	7.45930775978	9479.004	13.4033867572	10520.51	9.13324863741
5.015	1.86882132149	9974.121	9.21269212193	9536.133	11.4744217045	10488.28	14.0236152944
5.016	1.80053498759	9959.473	12.6484310294	9544.922	11.3090448021	10486.82	11.6299733426
5.017	1.91519030744	9965.332	8.99592691084	9549.316	10.1517290392	10535.16	13.121536566
5.018	1.98721973662	9959.473	8.34492380297	9533.203	11.8214548407	10453.12	10.9646722515
5.019	1.7455298425	9965.332	9.57603819003	9524.414	14.0279855186	10470.7	10.8357370111
5.02	2.23645289494	9969.727	10.9747428573	9498.047	11.7422860964	10519.04	10.900692827
5.021	1.96510934454	9953.613	6.54701948713	9471.68	15.2847613629	10532.23	9.66571509407
5.022	1.96283744671	10032.71	7.16443321943	9479.004	7.63084618164	10489.75	13.8853468282
5.023	2.20575586492	9972.656	11.0566367567	9534.668	17.0000692243	10519.04	11.0799012769
5.024	2.0292171851	10003.42	9.24565819716	9517.09	6.66194684312	10543.95	17.17174031
5.025	1.93514584932	9993.164	7.70978399571	9505.371	9.6694099437	10520.51	8.96948254606
5.026	1.88556880622	10032.71	14.7394983968	9470.215	10.8479303589	10451.66	8.84000065397
5.027	1.98773032963	9972.656	6.73510034813	9540.527	10.3588985827	10488.28	13.4460987942
5.028	1.79687379789	10023.93	8.84646471841	9522.949	10.5742714423	10473.63	18.3076228768
5.029	1.93909553089	9988.77	9.87407065784	9457.031	12.3161790421	10505.86	15.8593420854
5.03	2.31014541005	9968.262	10.0359472597	9498.047	10.945831616	10548.34	12.640736052
5.031	1.99766632311	9950.684	14.0684658685	9521.484	11.5788592681	10463.38	13.3972402051
5.032	1.86770110966	10022.46	10.7922189202	9505.371	11.965717397	10510.25	9.27228085752
5.033	1.97108611822	9974.121	8.06604417617	9477.539	11.9532386146	10542.48	10.0638179486
5.034	2.06081617852	9984.375	10.1950055228	9537.598	19.5904947717	10526.37	10.6785507987
5.035	2.00428305741	10013.67	7.06889299774	9503.906	23.4078846595	10514.65	8.59756228629
5.036	2.04177288668	10019.53	9.69681599042	9527.344	20.1854186903	10519.04	15.9069200153
5.037	2.228202884	9953.613	10.3849351546	9531.738	13.3688666391	10492.68	20.0112493855
5.038	2.00972237581	9958.008	9.97711487714	9465.82	13.8099783966	10542.48	21.0896183032
5.039	1.94502064608	9952.148	10.453484077	9496.582	16.8179001177	10513.18	10.258013215
5.04	1.95818799548	9958.008	7.97848841973	9489.258	11.5425887346	10510.25	10.3883428752
5.041	1.88285678564	9997.559	7.80278978016	9525.879	22.320155739	10526.37	9.49218819743
5.042	2.11949239494	10047.36	13.5934774499	9528.809	18.3979549994	10530.76	15.7213643402
5.043	1.83581457597	9959.473	15.066648222	9502.441	14.1572077918	10533.69	14.5148970711
5.044	2.19858240552	9977.051	8.54575572361	9500.977	11.8413656985	10504.39	10.847630606
5.045	1.87772235138	9965.332	7.93416270885	9473.145	14.4987462125	10546.88	16.5174421548
5.046	2.06551561804	10010.74	9.13627693383	9533.203	11.3772446689	10461.91	12.1374242213
5.047	1.96030287512	9997.559	7.90113232054	9470.215	9.31153633345	10545.41	12.5562162892
5.048	2.01060974268	9994.629	8.37018833322	9533.203	7.95006323553	10476.56	16.1631613654
5.049	1.95163742091	9997.559	7.29980571679	9530.273	8.66451058386	10483.89	9.70593314674
5.05	2.24704747808	9990.234	6.75998149789	9508.301	7.87642832767	10456.05	9.34470000689
5.051	1.92508209458	10000.49	8.60662512634	9499.512	12.8157859622	10502.93	11.5060633885
5.052	2.049834465	10009.28	8.67724492995	9495.117	11.5046158646	10458.98	15.6371990099
5.053	1.7242850677	9993.164	13.2961866409	9480.469	9.30893899074	10500.0	12.618863229
5.054	1.85965822628	9974.121	8.91551200922	9505.371	11.0241148502	10533.69	11.85300091
5.055	1.77904290418	9987.305	9.58131790662	9471.68	15.4713042153	10463.38	11.9234212557
5.056	2.00697248573	9974.121	9.15785749786	9452.637	11.5193557879	10498.54	11.0257471268
5.057	1.82066594366	9952.148	7.20328513781	9536.133	16.6941468129	10536.62	7.90120451789
5.058	1.93259538729	10003.42	13.0347983843	9462.891	16.5961931166	10476.56	6.89680195545
5.059	1.91452137578	10023.93	7.24164080789	9454.102	12.64644984	10546.88	11.1382788544
5.06	20.0086379367	9955.078	104.39921144	9483.398	93.3788429381	10548.34	189.798209116
5.061	1.75674424792	10040.04	8.7432064265	9515.625	10.9917621852	10519.04	8.99167086044
5.062	1.66226943336	10016.6	7.19274532925	9484.863	20.6776704976	10511.72	10.2735298776
5.063	2.03046490608	9953.613	7.52576328701	9508.301	6.67215776051	10516.11	10.6529441934
5.064	1.87147227627	10025.39	9.4147270421	9480.469	12.0989228503	10536.62	12.7336596578
5.065	1.8057168202	9993.164	9.7687557376	9537.598	7.15859279832	10463.38	13.3421034929
5.066	1.62028699408	9959.473	9.63229260663	9461.426	10.4204688938	10463.38	23.2603570656
5.067	1.65315454474	10025.39	14.6367973013	9461.426	8.38754149272	10478.03	10.4252172354
5.068	1.67395484541	10013.67	7.35836663134	9462.891	14.370647385	10532.23	10.7396329188
5.069	1.9207679835	9968.262	6.02511186036	9470.215	16.5959780213	10482.42	13.0310792883
5.07	1.61832034356	10044.43	8.83107868203	9511.23	15.043763799	10523.44	19.6721876956
5.071	1.77382484582	9969.727	5.50150600762	9525.879	10.1501685368	10489.75	11.9588927884
5.072	1.76501782284	9997.559	9.25317197012	9503.906	5.52261105035	10519.04	22.477378972
5.073	1.59669742157	9997.559	16.0068068654	9498.047	9.84419758133	10539.55	7.73497232627
5.074	1.95343862307	9966.797	7.22912996864	9522.949	8.57597417307	10520.51	16.7188666656
5.075	1.68647248431	10001.95	7.30500571912	9517.09	23.7796144027	10524.9	13.0917054386
5.076	1.80634160685	9968.262	5.59026211485	9527.344	12.7594746176	10494.14	24.9821235376
5.077	1.85323577594	9999.023	10.2602798487	9511.23	9.12030263263	10479.49	14.9511649025
5.078	1.87879867778	9952.148	11.6595211065	9508.301	9.38984226988	10532.23	7.79832327417
5.079	1.60181510536	9959.473	9.0348546845	9454.102	11.3822098726	10542.48	8.02847239667
5.08	1.7314410511	9999.023	8.57938309336	9476.074	9.11405125329	10548.34	9.94701073208
5.081	1.60069392552	10009.28	9.24338700454	9517.09	6.88547604786	10492.68	5.377016021
5.082	1.38600294208	9960.938	4.37090831211	9468.75	9.8173371898	10466.31	16.7374609972
5.083	1.72677319009	10034.18	8.31715068026	9528.809	8.34984665286	10541.02	10.212191542
5.084	1.5681043943	10000.49	12.3095775713	9517.09	10.7421211893	10521.97	10.4312364703
5.085	1.86076156992	10032.71	6.70483103106	9525.879	8.49178111055	10486.82	7.60392896513
5.086	1.52008362229	9953.613	10.9523845321	9506.836	9.27865420607	10530.76	9.89783000201
5.087	1.56004880983	10016.6	8.7935836221	9462.891	7.08766192334	10479.49	10.4999801566
5.088	1.53388076025	10026.86	6.7677078172	9484.863	11.9950014448	10476.56	8.24448033546
5.089	1.51104693683	9960.938	6.0259011203	9544.922	6.44969332878	10461.91	9.71522613162
5.09	1.69010811676	10048.83	5.56871388096	9461.426	15.9543626149	10539.55	9.7258682462
5.091	1.55739339496	9994.629	10.2703390959	9486.328	10.9345615673	10461.91	10.9243265876
5.092	1.41593975523	10035.64	6.91729231983	9506.836	10.3186080467	10536.62	11.4676006557
5.093	1.5330587092	10028.32	7.38943339491	9474.609	11.593421103	10486.82	10.0979425902
5.094	1.48390807424	10029.79	6.09133826424	9495.117	8.79376222379	10497.07	8.68905075537
5.095	1.50821587769	10001.95	5.72704409208	9515.625	14.7834145331	10516.11	10.8823859628
5.096	1.64348090651	9981.445	6.76885484812	9483.398	8.72626145864	10463.38	7.08141613762
5.097	1.52016901041	9978.516	6.10110481166	9452.637	8.21147882268	10541.02	10.0839237435
5.098	1.7080543108	9996.094	7.53157229569	9525.879	6.59456815547	10543.95	8.87644582317
5.099	1.42455544108	10028.32	9.54511245539	9458.496	7.32228874323	10520.51	9.45419467213
5.1	1.80533403378	9968.262	8.51944902441	9483.398	9.84401148243	10508.79	12.8885023628
5.101	1.58947451532	9993.164	5.98405030215	9515.625	8.97367246765	10546.88	15.2399924396
5.102	1.53525393642	9978.516	8.02415349832	9533.203	11.8277056498	10478.03	9.74193627733
5.103	1.54857334973	9999.023	12.6351972623	9518.555	11.9544636337	10483.89	6.76541549595
5.104	1.57838023845	10013.67	12.8014567717	9496.582	9.3389295551	10454.59	15.8254801155
5.105	1.42158256222	9987.305	6.34352960305	9522.949	12.7970394562	10532.23	17.6142354396
5.106	1.60856977469	9984.375	9.33714934414	9484.863	10.2111632232	10536.62	11.1784785776
5.107	1.51942596701	10001.95	3.93169870679	9498.047	14.2336848329	10545.41	11.894376011
5.108	1.55641360101	9952.148	11.899455536	9462.891	14.4382185385	10548.34	6.30574824534
5.109	1.75958185608	10025.39	9.25849560169	9459.961	9.70088556152	10546.88	8.80478340136
5.11	1.63835563862	10009.28	6.21969831712	9499.512	17.3409010212	10511.72	11.4205719708
5.111	1.62417161865	10048.83	8.21218038885	9544.922	11.495218206	10538.09	13.4773511547
5.112	1.46007431855	9982.91	7.97777573497	9537.598	9.94712562257	10483.89	13.2616690892
5.113	1.46925611226	10026.86	6.73169408139	9517.09	13.3160328117	10517.58	13.193737074
5.114	1.40616252228	10010.74	9.40051482271	9493.652	14.0842952405	10469.24	8.30831367242
5.115	1.39555722839	9966.797	8.36501238768	9451.172	8.55633251576	10502.93	10.2271562616
5.116	1.39696048645	10015.14	7.79321892133	9518.555	13.7712224641	10478.03	8.18243493723
5.117	1.4919571948	10044.43	9.83889866535	9479.004	5.67682916439	10513.18	10.3015952332
5.118	1.59781617005	10047.36	10.6520542981	9517.09	12.1082918828	10457.52	11.9255537473
5.119	1.5999724157	10013.67	6.63841590333	9506.836	10.3570021482	10479.49	12.4842714177
5.12	1.73165808215	9952.148	6.31664974214	9473.145	10.8211931036	10546.88	18.1115040004
5.121	1.65365034088	10009.28	6.80176019967	9499.512	10.9612160915	10504.39	8.92014340969
5.122	1.51597933739	10010.74	5.56883298843	9518.555	5.10488713462	10464.84	10.9110670711
5.123	1.3539006672	9965.332	6.85172495483	9451.172	6.57398318937	10475.1	8.50850919664
5.124	1.47047487899	9996.094	11.2202045033	9495.117	10.3141625311	10461.91	13.6217311935
5.125	1.36703015843	9960.938	8.7485490802	9525.879	13.1995829999	10470.7	7.38721068618
5.126	1.57503602527	10021.0	6.13392191626	9477.539	10.1076718343	10463.38	9.07216352613
5.127	1.4832824306	9996.094	8.09472080585	9506.836	8.87160895926	10458.98	6.6995299003
5.128	1.50100661408	9952.148	6.05722696811	9468.75	12.0217437754	10482.42	11.7960717484
5.129	1.34720939238	9960.938	6.79426614275	9454.102	11.0944473609	10480.96	12.5536090984
5.13	1.57565290438	10032.71	5.41623007388	9509.766	12.5394765004	10532.23	10.205632454
5.131	1.42916956361	9960.938	4.63547005966	9520.02	18.4081725028	10467.77	11.3270917726
5.132	1.64385072851	10015.14	5.69995930906	9511.23	8.73490985189	10453.12	15.4018650735
5.133	1.37600842853	10015.14	6.99778999078	9454.102	5.74282558361	10458.98	6.84986137461
5.134	1.67143313384	10026.86	5.8881590904	9533.203	10.3596844079	10467.77	6.34171650834
5.135	1.54684337778	10019.53	9.98422425963	9490.723	11.1738572051	10504.39	7.83213467852
5.136	1.62519139234	9993.164	5.87889110019	9544.922	7.686733121	10536.62	8.28394891317
5.137	1.52332655091	9953.613	12.5130307981	9503.906	7.59471120387	10533.69	12.0417040519
5.138	1.47517522601	9990.234	6.68159396815	9480.469	10.7309351477	10536.62	6.6218481528
5.139	1.42919683099	9965.332	9.77145433839	9511.23	7.890011858	10478.03	8.94642072871
5.14	1.36204229325	9965.332	7.44533639453	9452.637	7.998829461	10513.18	7.58510268626
5.141	1.55293406469	9956.543	9.94404619618	9549.316	7.81771399859	10492.68	7.39910592083
5.142	1.56570259653	9981.445	6.4858138864	9481.934	17.5237761528	10523.44	9.07820428251
5.143	1.44059721822	10028.32	6.29821831769	9489.258	6.06179100654	10482.42	13.1847635838
5.144	1.38039699348	10004.88	7.49681041055	9506.836	13.274779541	10467.77	15.2233588413
5.145	1.37982896961	9994.629	7.94508265705	9489.258	7.28667980831	10473.63	7.58328131994
5.146	1.54780217655	10013.67	6.56047827007	9539.062	5.76231663952	10463.38	10.0956814581
5.147	1.5525650688	9960.938	5.9302541245	9533.203	13.5175563808	10458.98	7.19682352668
5.148	1.51043944219	9968.262	12.0973847548	9461.426	5.4413015684	10489.75	10.7110325897
5.149	1.34173599313	10001.95	10.4940444258	9451.172	8.80503824182	10466.31	9.71747500921
5.15	1.39171225612	10016.6	11.830353161	9508.301	11.0322446026	10523.44	12.3104312936
5.151	1.51136420874	10023.93	5.17473959447	9492.188	6.36445928236	10453.12	18.2543151461
5.152	1.26980687447	9988.77	7.76037263738	9480.469	7.79291213796	10508.79	10.1132916204
5.153	1.30068538555	10009.28	9.37475962653	9473.145	10.5482267078	10508.79	8.80185133206
5.154	1.18326151272	9974.121	7.60406520917	9527.344	11.6636122707	10533.69	7.43493410153
5.155	1.14451451723	10038.57	6.85913197125	9536.133	9.89797015129	10510.25	10.4452822044
5.156	1.384277362	10045.9	10.2636129032	9476.074	8.0907674499	10460.45	10.1410432657
5.157	1.3036889755	9994.629	8.54425809807	9533.203	6.11732765771	10456.05	6.77985500815
5.158	1.35496908761	10032.71	5.69385191744	9473.145	5.45109690512	10479.49	8.82166561086
5.159	1.27435451555	10029.79	5.3250189568	9544.922	6.65710782095	10505.86	5.87215340806
5.16	1.34690157991	9990.234	5.74642390178	9452.637	11.6951801806	10467.77	7.97011034298
5.161	1.21250502569	9985.84	5.43178528664	9483.398	7.22166831296	10480.96	6.06726319811
5.162	1.3007698227	10016.6	6.13880204116	9462.891	12.0707504218	10549.8	3.80724935049
5.163	1.177439771	9962.402	6.78264208874	9467.285	8.34494726713	10485.35	7.44954642925
5.164	1.33844622296	9993.164	3.9851388415	9528.809	6.02620040694	10549.8	5.73243145251
5.165	1.26237316705	9955.078	9.49076491629	9480.469	7.92161404022	10530.76	6.32957023548
5.166	1.16464613335	10007.81	5.33221644625	9530.273	9.89936205153	10478.03	6.65843983807
5.167	1.16382816305	9960.938	8.23220559609	9502.441	6.36739681254	10489.75	6.60952330673
5.168	1.24894310805	9974.121	7.95122130534	9520.02	11.3514580463	10514.65	6.67727769638
5.169	1.20643523088	10044.43	4.84500640311	9522.949	11.4700922375	10486.82	7.65363022875
5.17	1.17876756179	10040.04	6.48177469058	9493.652	8.05126553277	10536.62	7.96274989396
5.171	1.18213040472	10004.88	4.94972949309	9493.652	9.00860588473	10480.96	8.7171904768
5.172	1.06994567244	10015.14	7.55674884276	9465.82	5.97121162299	10483.89	8.11731105209
5.173	1.235702105	10025.39	5.25995169994	9517.09	12.6231169492	10494.14	7.08309933665
5.174	1.14697003523	10047.36	4.98173217584	9508.301	8.42077675208	10478.03	10.0564745358
5.175	8889.96459897	9956.543	34502.7123017	9524.414	35080.3099424	10511.72	51025.9039217
5.176	1.36579532894	10028.32	6.05186743922	9457.031	6.68374738415	10453.12	5.33309116157
5.177	1.16425307782	10007.81	5.96419606826	9492.188	7.76784267437	10535.16	11.8974571234
5.178	1.08352831829	9968.262	3.29571229411	9517.09	4.92147631289	10472.17	5.32624206104
5.179	1.33677334479	9982.91	6.10902391295	9549.316	3.00752144934	10511.72	6.44316469686
5.18	1.13872400724	9977.051	9.34587725969	9479.004	8.11967948221	10541.02	7.14897572245
5.181	1.20686880754	9999.023	5.27462381154	9483.398	12.9369512879	10476.56	5.83982771576
5.182	1.24256957701	10018.07	5.64471242958	9543.457	12.9395850603	10497.07	10.7921478547
5.183	1.20510166395	9993.164	8.13998721301	9544.922	7.30845028613	10461.91	5.75425043482
5.184	1.17553817197	10045.9	4.24393728422	9502.441	4.27574729561	10466.31	9.68916318228
5.185	1.16073886286	9987.305	4.45600846263	9490.723	5.94493589556	10495.61	6.79442813826
5.186	1.24488475267	10023.93	5.20882849082	9511.23	5.6368860921	10456.05	8.26071727594
5.187	1.15105003518	10038.57	6.18522727407	9549.316	8.21487236459	10543.95	7.24773407702
5.188	1.09349497867	10038.57	5.99351275793	9524.414	5.38443291978	10501.46	9.36896987465
5.189	1.16319331719	9984.375	4.87944201694	9500.977	7.60344142635	10458.98	6.41378651976
5.19	1.07949199027	9988.77	6.10402095176	9461.426	9.94920714113	10463.38	6.53225369975
5.191	1.20085935268	9997.559	7.1073450197	9461.426	6.94710083508	10482.42	5.16587698875
5.192	1.15361779955	10003.42	4.26821678248	9543.457	10.4650489755	10543.95	8.88022337945
5.193	0.967356015017	9979.98	5.37625028997	9537.598	5.5461005509	10497.07	6.33258919287
5.194	1.13164945665	9953.613	6.58495967389	9486.328	8.85531976851	10464.84	5.04513633933
5.195	1.06692870727	9966.797	7.56870636044	9458.496	7.95588563451	10523.44	7.5404074659
5.196	1.07769531257	9981.445	3.91094743356	9540.527	6.66970387123	10475.1	11.4469460554
5.197	0.970429245003	9985.84	4.54759470396	9452.637	4.70273289902	10463.38	4.97146756448
5.198	1.03063376532	9956.543	4.87548135113	9547.852	7.9560614869	10520.51	7.41466272269
5.199	1.14736028264	10025.39	3.85354221815	9465.82	7.74113060567	10464.84	7.84049210387
5.2	1.28375457269	9994.629	3.37849420153	9521.484	6.11197289759	10542.48	8.22029042775
5.201	1.21158924518	10026.86	6.18481308708	9498.047	7.71583602759	10479.49	7.29728127836
5.202	1.2249577415	9979.98	5.19564318091	9481.934	7.91199385279	10458.98	5.50660880782
5.203	1.03724650665	10031.25	4.52324226622	9481.934	6.37456067523	10495.61	7.26386760049
5.204	1.15819872706	10037.11	5.83059525294	9454.102	6.20253635026	10464.84	10.2283734461
5.205	1.13975668958	9988.77	5.45624635843	9459.961	5.52606279302	10500.0	5.24163920878
5.206	1.18434863365	9988.77	3.7387977942	9521.484	5.73844542698	10479.49	7.27864601856
5.207	1.06334382794	9991.699	4.08882949167	9495.117	6.99183401001	10483.89	8.07729963857
5.208	1.07734644882	9974.121	5.0204878266	9527.344	5.92464440994	10473.63	10.529398257
5.209	1.10509887611	10012.21	4.7711602446	9487.793	8.29024042121	10489.75	8.13192370091
5.21	0.969287425315	10042.97	6.29625583102	9533.203	8.95068449147	10507.32	9.06369882167
5.211	1.03934858566	9956.543	5.30047423811	9451.172	9.73044734257	10463.38	9.8225312458
5.212	1.09858832755	10025.39	5.65186738874	9462.891	4.91130452622	10549.8	3.72955743109
5.213	1.05155592238	9958.008	3.37229819284	9492.188	5.32314026722	10483.89	10.9135219611
5.214	1.12375226225	10026.86	3.82889323733	9520.02	7.80429872203	10457.52	6.17189575373
5.215	1.0875514082	10035.64	4.53159015964	9524.414	9.06641129226	10542.48	6.60286900843
5.216	1.03884871115	9953.613	3.29175428921	9474.609	8.05610270707	10526.37	6.15465711054
5.217	1.2043500319	9996.094	4.47460886815	9467.285	10.6260890679	10502.93	4.03508183659
5.218	1.10161349326	9975.586	5.51181076759	9483.398	4.90668478437	10492.68	6.34901654348
5.219	1.0298826865	10009.28	5.52280392276	9451.172	3.87855939118	10457.52	4.68542978165
5.22	1.10244137193	9993.164	7.34526307141	9505.371	8.52234660945	10533.69	5.36421955039
5.221	0.968848105969	10034.18	4.20256357365	9546.387	4.82007166403	10524.9	5.72096431194
5.222	0.960949341928	10015.14	5.04808990174	9537.598	5.44721330255	10536.62	7.86097088276
5.223	1.01917709541	9982.91	6.02262492206	9528.809	4.08378625518	10543.95	7.39606904682
5.224	1.04055212089	10028.32	4.70244861439	9496.582	5.94311778825	10472.17	8.47709488953
5.225	1.02618095446	10040.04	7.42022715372	9473.145	6.80953106795	10513.18	11.1775656765
5.226	1.04693282717	10000.49	4.23288651637	9499.512	9.14149898322	10505.86	4.99725962092
5.227	0.929957278812	10029.79	7.45154742559	9525.879	5.5298181888	10495.61	8.78194420113
5.228	0.9821013575	10044.43	4.0372016726	9474.609	5.06370271526	10533.69	6.72541655553
5.229	1.03949207458	10045.9	3.60060617859	9546.387	6.24599818872	10460.45	7.36474597672
5.23	1.19482796664	10007.81	2.9479667741	9477.539	3.30483568618	10498.54	3.97519439994
5.231	1.0595168329	10012.21	4.99084360458	9500.977	11.3207086962	10475.1	7.35765829298
5.232	0.966665037851	9993.164	4.81957702957	9536.133	7.70159081276	10483.89	5.13594903883
5.233	1.14237550259	10038.57	3.9362804935	9531.738	6.95871653147	10536.62	9.33608969091
5.234	0.992501783266	9963.867	3.65976125935	9486.328	4.3958477637	10461.91	11.8884333802
5.235	1.14710523142	9955.078	3.60675153925	9514.16	7.86915172632	10523.44	6.39920740437
5.236	1.02045502638	9991.699	3.86135567667	9500.977	11.6323966426	10529.3	6.81416860916
5.237	0.957289408944	10021.0	5.16456313306	9462.891	6.69445156814	10500.0	5.53199136157
5.238	0.912770329617	9969.727	4.60703186341	9522.949	5.11489802713	10478.03	5.40472227984
5.239	0.988566399315	10035.64	6.43873399762	9495.117	5.57106171374	10450.2	3.94723549027
5.24	0.854909531683	9999.023	5.88489112412	9467.285	4.06675217124	10476.56	3.99289380372
5.241	0.891160459478	9959.473	3.30880697935	9498.047	4.92261859717	10475.1	5.20374263188
5.242	1.07447492102	9975.586	4.46228825415	9484.863	4.4660895226	10478.03	6.98525054833
5.243	0.894765342482	10016.6	4.90444939072	9451.172	6.09211374157	10507.32	7.7148420739
5.244	1.13453329613	9962.402	4.48164779503	9521.484	4.06400690002	10478.03	8.87576101754
5.245	0.991270845498	9979.98	3.33404877476	9476.074	3.88738839302	10450.2	6.82923306007
5.246	1.08849485081	9975.586	3.89273484107	9528.809	6.58939392539	10536.62	7.27239895062
5.247	0.980261216958	9999.023	7.1289226802	9495.117	3.33057048878	10472.17	4.89573705427
5.248	0.933098402925	9972.656	5.85804469989	9479.004	4.01399075218	10494.14	5.56288911236
5.249	0.919460964381	9952.148	4.88703384527	9502.441	4.31549125918	10505.86	8.27596953015
5.25	0.927918816822	9977.051	3.63989153711	9458.496	5.96035853164	10463.38	7.05750719347
5.251	0.985881040045	10013.67	6.58804297832	9515.625	5.38476632066	10524.9	6.04885800328
5.252	0.917666357224	9953.613	4.08986930702	9528.809	6.02821695445	10510.25	8.44937375882
5.253	0.900086997651	10013.67	4.47441427525	9549.316	4.93474685605	10508.79	9.93360070351
5.254	0.924342170399	10028.32	4.6170219093	9512.695	4.83205391154	10498.54	4.8052823487
5.255	0.942910351806	10047.36	4.68704773027	9514.16	7.69036638495	10543.95	4.41601083425
5.256	0.946566525431	9982.91	4.76042491228	9490.723	8.94714169702	10488.28	7.79458379739
5.257	1.05972258083	10003.42	6.62043676884	9490.723	8.60150354969	10453.12	6.54195812985
5.258	1.01792315101	9991.699	5.33792658668	9525.879	7.49639133877	10463.38	6.28790781871
5.259	0.840330973452	10000.49	4.32184595421	9473.145	5.2398418229	10517.58	7.4608703879
5.26	0.769998531149	10042.97	5.35725681042	9468.75	4.32206178456	10476.56	8.03581280934
5.261	0.87064401888	9956.543	4.04606611408	9544.922	4.692220217	10458.98	6.24634783195
5.262	0.881595857144	10003.42	5.82873090795	9512.695	4.35424565386	10530.76	6.15682933298
5.263	0.947336489253	9994.629	6.08822814708	9505.371	7.87575234181	10488.28	5.06094035272
5.264	0.874495750111	9960.938	5.2476014106	9533.203	7.21540459795	10480.96	4.94978045617
5.265	0.943076190482	10044.43	6.12359102266	9459.961	4.02677485153	10483.89	4.9652710865
5.266	0.982118037761	9999.023	4.12069972994	9492.188	5.81943767144	10457.52	3.96753816464
5.267	0.891196287416	10041.5	4.44352657756	9490.723	5.38783300431	10480.96	4.46703588113
5.268	0.861091402588	9953.613	3.81967640509	9462.891	6.95624372923	10497.07	9.25176764842
5.269	0.940253678925	9956.543	3.3837674084	9549.316	4.54692735101	10545.41	6.17050878285
5.27	0.964387162731	9972.656	4.83236030647	9541.992	5.16293480337	10475.1	6.54875437334
5.271	0.815468235227	9978.516	7.1116155897	9534.668	11.724525773	10494.14	5.1811468416
5.272	0.914530237503	10007.81	4.83868556617	9502.441	6.59889799324	10548.34	4.40481063667
5.273	0.838749573127	9997.559	4.29235877322	9514.16	6.70535231954	10539.55	6.92863135074
5.274	0.856979938989	9996.094	4.43948035108	9502.441	6.68688340363	10485.35	5.52316232663
5.275	0.948298516892	9996.094	5.87359294373	9483.398	5.10136710341	10539.55	4.73998258384
5.276	0.88422827349	10009.28	4.04838335229	9527.344	6.41921084878	10464.84	5.62206814951
5.277	0.887796550296	10000.49	6.92031397347	9458.496	6.37810518697	10517.58	5.70183118726
5.278	0.860900935731	10023.93	3.63417281921	9530.273	4.71941020508	10472.17	5.60194781754
5.279	0.97926875368	9988.77	4.44020939212	9536.133	6.12781630997	10538.09	6.62178377554
5.28	0.923364830626	9975.586	4.18150595361	9464.355	6.68244844112	10450.2	7.64369480884
5.281	0.880288548537	9960.938	6.42160393895	9500.977	5.7086353509	10530.76	6.02735986805
5.282	0.97274910192	9999.023	3.4462228718	9454.102	8.55281114257	10485.35	7.06765656211
5.283	0.942212529485	10000.49	3.70069156885	9471.68	4.38200816653	10535.16	4.83886509365
5.284	0.858947161957	10013.67	2.60003074282	9467.285	5.59496125699	10492.68	5.46011664866
5.285	0.823019934941	9988.77	3.22674259823	9528.809	5.39073273452	10472.17	5.89366682782
5.286	0.850622403432	10045.9	3.02200949027	9471.68	4.53598554028	10450.2	5.67458697529
5.287	0.838054257457	9988.77	3.38421894689	9492.188	5.523209959	10469.24	3.902617384
5.288	0.885844312778	9950.684	5.9530896843	9484.863	4.17314120726	10549.8	3.18080057928
5.289	0.881669498029	9955.078	2.48333638052	9517.09	7.7129832657	10470.7	4.30307705815
5.29	19.8664658852	10015.14	84.9491621464	9525.879	151.045664377	10489.75	136.580703635
5.291	0.854264485033	10029.79	3.75346833092	9468.75	6.78283281217	10541.02	4.66350183576
5.292	0.724495739788	10031.25	3.10579717623	9509.766	5.32726267029	10482.42	4.70656073357
5.293	0.813057589496	10035.64	4.71289347929	9514.16	5.46388998923	10543.95	5.94567579044
5.294	0.962235220142	9959.473	3.14064219482	9486.328	2.85906262355	10516.11	5.25700049229
5.295	0.843945625595	10037.11	4.50338668502	9530.273	6.8508102839	10473.63	5.69624366284
5.296	0.891539583603	10044.43	3.96919862697	9476.074	4.44486093946	10491.21	5.04926974141
5.297	0.88777205017	9979.98	3.52602222986	9462.891	5.05234472441	10482.42	4.4657425026
5.298	0.895392642802	10026.86	4.65133265203	9505.371	5.35893553239	10470.7	4.73257895682
5.299	0.859746541035	9963.867	3.48512841356	9484.863	4.17275593303	10549.8	5.14210045327
5.3	0.929832454313	9977.051	2.1433667984	9451.172	6.87146735821	10495.61	4.73749686609
5.301	0.885337426986	10022.46	5.4002093573	9525.879	4.08765753629	10548.34	5.6892723217
5.302	0.721335843935	10003.42	3.37327913653	9474.609	7.82716929381	10498.54	4.31534543106
5.303	0.828186177744	9971.191	3.57874982807	9490.723	3.23999718783	10488.28	6.97279811839
5.304	0.971707551769	10007.81	4.60092760445	9549.316	3.54646503348	10517.58	3.70438228348
5.305	0.839012764823	10037.11	3.89893613761	9499.512	3.9617488938	10533.69	5.15000997108
5.306	0.884357976275	9984.375	2.86015363551	9479.004	4.83301409407	10500.0	5.45748865502
5.307	0.795793945531	10016.6	4.16481412848	9517.09	3.23967686367	10538.09	5.79836208999
5.308	0.877117257499	9953.613	4.89678643105	9540.527	8.65752130627	10489.75	7.72533234173
5.309	0.894536515447	10040.04	6.0968320866	9493.652	4.31226128033	10520.51	7.79089759
5.31	0.777826964373	9971.191	3.90487852473	9458.496	3.32008314136	10454.59	4.02261812231
5.311	0.940454033709	10037.11	3.71004997645	9546.387	7.53840360604	10456.05	6.62509970887
5.312	0.846788948162	9991.699	2.99882765781	9531.738	3.57473788315	10480.96	10.1641020261
5.313	0.824658988916	9950.684	3.18216752763	9481.934	8.35359471337	10501.46	4.80673785853
5.314	0.887547850575	9965.332	3.14499455164	9477.539	6.33725004371	10478.03	3.74549423168
5.315	0.789648957925	10025.39	3.20704525952	9505.371	4.02321275024	10514.65	3.83935980848
5.316	0.878807333047	9985.84	3.91071224057	9461.426	5.51643243359	10523.44	7.31478020594
5.317	0.799331243965	10000.49	3.67903651551	9455.566	7.88640412568	10521.97	5.78024798867
5.318	0.855647718446	9999.023	3.97184822767	9452.637	5.97744190185	10510.25	8.68910694031
5.319	1.02817983666	10048.83	3.23999618444	9537.598	7.19554190046	10495.61	5.73816140294
5.32	0.824969080112	10028.32	4.59089254301	9515.625	3.90359496868	10520.51	7.92161502952
5.321	0.796430715283	9958.008	3.68261201685	9480.469	5.15820137079	10533.69	4.10013194452
5.322	0.757335379415	10015.14	3.36984342225	9473.145	6.66339423373	10538.09	3.39095219512
5.323	0.809311184832	9997.559	2.72477626324	9515.625	5.30292037049	10494.14	5.2423339071
5.324	0.903944531972	9987.305	3.76315869528	9492.188	3.79460612645	10460.45	6.43074875649
5.325	0.859241581994	9993.164	5.77081617582	9477.539	4.24266136208	10520.51	5.02552499393
5.326	0.863881154117	10013.67	5.23941559558	9547.852	4.80378357525	10495.61	8.41896122339
5.327	0.792670365111	10028.32	3.48463609865	9471.68	4.12175660334	10483.89	6.14792959831
5.328	0.793139931829	9996.094	4.69874509342	9467.285	4.34021858495	10460.45	6.40677874618
5.329	0.849067434234	10007.81	7.60617067542	9539.062	6.12374292266	10450.2	5.4701027428
5.33	0.786511105912	9994.629	4.81815694167	9539.062	3.91897569549	10494.14	3.57649918786
5.331	0.774221700249	10031.25	3.58375366138	9470.215	4.80381235214	10530.76	4.63500778042
5.332	0.792392609463	10026.86	2.51530477583	9467.285	5.26647780834	10467.77	8.05321563553
5.333	0.791607781156	9985.84	3.15247456812	9512.695	3.63498204308	10456.05	5.07530054559
5.334	0.776134998324	10009.28	3.63641957012	9547.852	8.14814512576	10492.68	5.02145553712
5.335	0.868977048698	10032.71	3.64187584902	9540.527	6.67330517709	10504.39	5.48848923409
5.336	0.847981167556	9997.559	2.94424603534	9473.145	5.01453020848	10495.61	4.94566650604
5.337	0.853668287111	10004.88	4.0688105565	9502.441	4.27479462124	10542.48	3.93263837515
5.338	0.839588191772	10042.97	4.50126414551	9490.723	4.11339234747	10527.83	5.49793746296
5.339	0.786450234928	9977.051	2.96542391044	9547.852	4.59332867324	10485.35	6.01108920716
5.34	0.732605273028	9981.445	2.71382330451	9492.188	7.40661418176	10505.86	3.7386208434
5.341	0.827448208261	10022.46	3.68823502818	9486.328	5.79997486898	10533.69	6.82729256578
5.342	0.80893940432	10045.9	4.77269974379	9458.496	5.62433737938	10479.49	6.11599779375
5.343	0.693938259466	9955.078	4.28462382255	9544.922	5.02133778605	10460.45	7.98919197738
5.344	0.773119066834	9993.164	4.25073786207	9537.598	3.18882363362	10466.31	4.40608358627
5.345	0.762523866363	10003.42	2.64782363146	9462.891	3.49585506877	10451.66	5.4239379981
5.346	0.716930891238	10012.21	3.9528347936	9531.738	4.96436272032	10521.97	4.7125403219
5.347	0.851609588065	10021.0	3.90496433637	9451.172	5.06782227375	10505.86	5.17268421845
5.348	0.705430840246	9994.629	3.50678179189	9536.133	5.08932617091	10485.35	5.41972674364
5.349	0.751392560732	9990.234	4.41507122278	9503.906	7.74104603181	10508.79	4.65844092176
5.35	0.785652479509	9953.613	3.1266243261	9537.598	5.9558490501	10507.32	3.3373700396
5.351	0.72581629056	9960.938	5.20177046149	9493.652	5.68554261355	10516.11	6.17280364812
5.352	0.752367260037	9997.559	3.33519748402	9515.625	5.12230242648	10456.05	5.06210361799
5.353	0.772783251614	9974.121	3.69379422965	9490.723	6.18293522764	10489.75	5.54617480394
5.354	0.81959757605	10028.32	4.2665824362	9480.469	3.77694106773	10524.9	7.94599515783
5.355	0.911187388568	10026.86	4.21862602776	9489.258	5.77492088531	10494.14	4.71961649377
5.356	0.76917338538	9963.867	2.96091761638	9477.539	6.49565093359	10543.95	4.70648335798
5.357	0.868948987229	9994.629	3.09580693759	9524.414	7.30927901897	10535.16	4.57477811322
5.358	0.676598866963	10037.11	3.49271771038	9533.203	10.7592940141	10511.72	10.0879810683
5.359	0.758311979398	10001.95	4.53664501721	9508.301	4.22298643439	10524.9	4.78911868349
5.36	0.766364873939	10022.46	2.58209592745	9452.637	4.44668527648	10482.42	6.6406666519
5.361	0.798047358219	9958.008	4.40537596275	9541.992	4.75042131481	10491.21	4.50367258996
5.362	0.724154917954	10001.95	3.35721736882	9540.527	5.54375271256	10486.82	3.84165230935
5.363	0.650779435157	10038.57	3.23322097105	9465.82	4.74945241363	10454.59	4.81306457346
5.364	0.81738153421	9979.98	2.75261365794	9534.668	4.06740337478	10530.76	7.77855523808
5.365	0.799616246466	9985.84	2.51802162322	9505.371	7.68151828657	10480.96	3.90003639603
5.366	0.744656933534	9960.938	4.32923780584	9498.047	3.11553586291	10460.45	4.25998706809
5.367	0.74098358191	9999.023	4.97385867857	9476.074	5.06875504177	10451.66	8.48413950233
5.368	0.753778740774	9963.867	3.25621727323	9520.02	3.43113765902	10464.84	8.80969184102
5.369	0.728973419082	10045.9	3.38852025137	9518.555	4.40997323965	10485.35	4.84396367145
5.37	0.69440939809	10023.93	3.31323735648	9477.539	5.52346855264	10460.45	7.42413817797
5.371	0.686906330972	9968.262	3.80228255651	9471.68	3.25458157885	10488.28	4.43831006556
5.372	0.775313485846	9981.445	2.51984196175	9543.457	7.27814491521	10504.39	3.42155526519
5.373	0.7894613101	10032.71	2.99868445056	9546.387	4.822841107	10492.68	6.5463482473
5.374	0.615103074984	9969.727	2.21506859951	9481.934	5.46118851721	10466.31	4.89718529945
5.375	0.712425605816	9966.797	2.55281004548	9487.793	5.20233633361	10526.37	4.81075816785
5.376	0.69871471178	9966.797	3.82133832155	9470.215	4.15021501669	10532.23	10.0490155349
5.377	0.725213322546	9965.332	2.84432092975	9509.766	3.92430780105	10495.61	4.97989097737
5.378	0.700730444848	9987.305	2.78364008921	9481.934	4.41993725261	10505.86	6.05502573679
5.379	0.733188522174	9975.586	2.3678597985	9509.766	3.21141755317	10543.95	4.60260173947
5.38	0.718703118756	10031.25	2.86607698783	9528.809	5.57582113884	10536.62	3.40001304141
5.381	0.75124964759	9988.77	3.50361405679	9474.609	5.6525630346	10505.86	4.25532568247
5.382	0.716631226802	10031.25	3.37421290395	9468.75	3.76503202969	10454.59	5.3067605347
5.383	0.634240701296	10013.67	2.02365749328	9547.852	7.2907394712	10538.09	4.96747975717
5.384	0.658883079258	10001.95	3.80914421652	9464.355	2.91776535437	10494.14	4.60345829091
5.385	0.700005057844	10034.18	3.66960435599	9476.074	3.5867932829	10510.25	5.76885364861
5.386	0.693326964547	10016.6	5.49886483334	9484.863	4.79885340142	10513.18	4.80285399
5.387	0.619349078471	9996.094	3.16280080889	9528.809	4.54624955177	10535.16	3.99976990134
5.388	0.587188689721	10038.57	2.47267487605	9517.09	4.85929443431	10533.69	4.59935136196
5.389	0.73318728536	9978.516	4.08348221715	9549.316	4.49441810878	10486.82	2.99293230487
5.39	0.701459643999	10012.21	3.37602405791	9521.484	6.09414176464	10526.37	4.62162416925
5.391	0.750938954159	10044.43	3.95072577462	9493.652	3.00514403059	10492.68	5.72938674533
5.392	0.749211686835	10006.35	3.71375514314	9476.074	4.93115153384	10494.14	2.87387634319
5.393	0.662927630447	10004.88	2.54127067564	9498.047	6.50487420372	10485.35	3.48435187254
5.394	0.638372433273	9994.629	2.7356870259	9536.133	2.87500928499	10510.25	7.34309249129
5.395	0.628574014152	10016.6	2.25709337435	9533.203	4.07408165065	10514.65	5.70820068781
5.396	0.62892239257	9952.148	3.16527590712	9480.469	4.79201286524	10514.65	4.96649062413
5.397	0.566972195597	9963.867	2.45487560937	9500.977	5.18720661445	10520.51	5.4140488098
5.398	0.595716429563	9950.684	3.76181260617	9528.809	4.36212050555	10514.65	2.76220504123
5.399	0.654386555833	9965.332	2.00361946341	9518.555	3.53132688289	10476.56	5.33521449118
5.4	0.639733207559	9985.84	2.43603332085	9509.766	5.49808484448	10538.09	4.05896775086
5.401	0.661206627337	10012.21	2.54590467321	9479.004	2.51666688841	10523.44	3.79624076944
5.402	0.708700457116	10018.07	4.18450021853	9479.004	6.7752898172	10520.51	5.4110933198
5.403	0.668268207756	10010.74	4.12486658643	9499.512	5.16322724258	10538.09	3.72294349828
5.404	0.708225501248	10031.25	4.50758735313	9487.793	4.07968383312	10461.91	3.97710617951
5.405	1.63739956359	10004.88	9.15390712893	9464.355	9.87094295971	10546.88	11.902937458
5.406	0.739483070497	10029.79	3.46146068191	9505.371	4.12163633387	10527.83	4.96117031936
5.407	0.676797016612	10001.95	2.7861441278	9457.031	3.36336880776	10545.41	6.15794503929
5.408	0.695569483058	9962.402	2.69490723988	9543.457	2.63650697127	10480.96	3.09461413617
5.409	0.659439422795	9978.516	3.70727287796	9468.75	5.4642424553	10461.91	3.76212316001
5.41	0.747669161297	9984.375	3.6771649026	9537.598	3.98569062928	10526.37	5.15888970428
5.411	0.729528110143	10023.93	2.52512426535	9455.566	3.72037401299	10466.31	4.07564806747
5.412	0.792236022942	9991.699	4.27504980134	9512.695	3.56062227197	10498.54	5.13274743082
5.413	0.678219437584	9985.84	2.82776519084	9454.102	4.24485887005	10511.72	3.70849988501
5.414	0.673286097814	10028.32	2.43849566654	9464.355	6.03444047124	10456.05	5.23575942223
5.415	0.67899713878	10023.93	3.18777334015	9525.879	3.68289652905	10463.38	3.77494131188
5.416	0.784890276024	10044.43	2.89396201629	9471.68	2.60113797356	10501.46	4.99444961635
5.417	0.680323875015	10001.95	3.4413827919	9531.738	4.26145079813	10533.69	6.40316489851
5.418	0.791644490833	9950.684	3.34811213503	9490.723	2.48095328108	10549.8	2.62108777849
5.419	0.769673741754	9985.84	3.37054853785	9493.652	5.81290437423	10491.21	8.52778622418
5.42	0.87653659818	10004.88	2.73384608577	9543.457	6.87176604895	10476.56	4.70775894275
5.421	0.724939817691	10022.46	3.65412994719	9547.852	4.12699054902	10513.18	3.35917009336
5.422	0.737467443347	10026.86	3.73342987899	9474.609	4.51085291012	10536.62	3.80966426883
5.423	0.890603581477	9972.656	2.79511186388	9490.723	4.61804573944	10454.59	5.16345762141
5.424	0.721458118383	9988.77	3.80504664067	9464.355	5.33038723035	10514.65	6.72332409952
5.425	0.834962179997	10022.46	5.44151581457	9540.527	4.74920955315	10523.44	4.11172555564
5.426	0.773355539772	10032.71	2.69960919448	9500.977	3.49324159922	10463.38	4.69948066658
5.427	0.786454895265	10031.25	5.31028966293	9498.047	6.42525865955	10450.2	6.36280342766
5.428	0.715041448009	10019.53	4.17559775377	9499.512	8.92151737382	10505.86	6.13694335695
5.429	0.724282601198	9960.938	3.96443514909	9496.582	3.76124990602	10541.02	4.32041192966
5.43	0.741232955568	10009.28	3.35436080752	9462.891	7.21083545958	10535.16	3.43048784433
5.431	0.767353820897	9963.867	5.68971053353	9541.992	7.26470165646	10483.89	5.18081473574
5.432	0.853718547323	9963.867	5.01841137342	9480.469	4.16274250394	10504.39	4.20722948659
5.433	0.83600336621	9977.051	2.55696814115	9533.203	3.77264636424	10475.1	3.10038372523
5.434	0.827257257596	10042.97	2.87666891971	9544.922	5.52147113801	10498.54	5.65773156814
5.435	0.79547905293	10013.67	2.36012637876	9455.566	5.42724238367	10454.59	7.58174057179
5.436	0.832686681591	10004.88	2.32443155049	9514.16	5.46901870303	10519.04	7.82987874881
5.437	0.883922561568	10029.79	3.43181241007	9452.637	4.21351510089	10489.75	3.28276426726
5.438	0.909216949002	9997.559	3.6125605092	9518.555	3.72593870566	10456.05	6.69512531631
5.439	0.868889807071	10038.57	3.42551141738	9484.863	7.88468506648	10466.31	5.79293504248
5.44	0.86418811333	10010.74	2.95971156379	9502.441	4.76740329031	10549.8	3.71247064521
5.441	0.828909823086	10042.97	4.0385630185	9480.469	5.47822889367	10467.77	6.82582916107
5.442	0.816011836782	9955.078	3.73765628541	9458.496	7.1050846825	10454.59	6.56279838964
5.443	0.961567897503	10042.97	3.04494198248	9452.637	4.09854965815	10475.1	5.37753517728
5.444	0.839744037369	10015.14	3.71071668022	9483.398	5.72291840294	10482.42	9.00342717419
5.445	0.96104669977	9987.305	5.83159732421	9465.82	5.87501012468	10475.1	5.38385838586
5.446	0.933102987911	10019.53	3.9943531633	9458.496	6.76829989062	10543.95	5.05575768006
5.447	0.97538256622	10006.35	6.04195615548	9464.355	5.17405599858	10492.68	4.37793716891
5.448	0.858823550571	9966.797	5.45784154341	9541.992	6.03485927941	10478.03	5.31034446214
5.449	1.11720083392	9972.656	6.41274491241	9524.414	4.03653804203	10505.86	7.21529531133
5.45	1.09278481467	9977.051	3.98569630672	9515.625	6.32072715054	10485.35	6.97429544106
5.451	0.913886254105	9975.586	3.35839783781	9527.344	5.66802855916	10542.48	6.66794345698
5.452	0.946896913479	10028.32	5.66433089536	9451.172	9.7265699016	10536.62	5.59663816202
5.453	0.969574314721	10019.53	4.7124726667	9451.172	3.15735229665	10486.82	5.00829450026
5.454	0.962075582644	9982.91	4.50774366267	9509.766	6.41127916259	10489.75	5.2557999113
5.455	1.10358983211	9975.586	5.7676864862	9525.879	6.5451503343	10532.23	3.54999524673
5.456	1.00337383583	10044.43	3.88625754089	9533.203	5.04220907493	10511.72	5.50137396369
5.457	1.08063233561	9966.797	4.01707015095	9493.652	8.96525331899	10532.23	9.21380188792
5.458	0.967236653309	10044.43	6.47584069423	9509.766	5.72247067409	10517.58	7.45438677411
5.459	1.22052041768	9969.727	4.8044303697	9544.922	9.52592124028	10516.11	5.01760064091
5.46	1.07842715438	9974.121	4.13838784084	9470.215	8.86962194727	10454.59	5.40867468612
5.461	1.06766364584	9963.867	3.77412662298	9521.484	6.00863235232	10470.7	8.11356608029
5.462	1.1308103733	9988.77	3.5978214027	9452.637	5.08551326274	10478.03	8.75474316715
5.463	1.20845294537	9978.516	4.58105804279	9492.188	6.87827440458	10451.66	7.61570204002
5.464	1.25194183232	9982.91	5.45881103544	9458.496	5.56617699874	10513.18	6.56226595856
5.465	1.08702480349	10040.04	4.83166367776	9506.836	9.17024812142	10461.91	3.81848222077
5.466	1.17508419358	10029.79	3.8036282233	9480.469	6.65390100625	10472.17	10.5997189989
5.467	1.10685260773	9963.867	7.23293857432	9521.484	7.23351565469	10536.62	6.09908886197
5.468	0.966701025694	9969.727	4.44965103467	9541.992	6.67139003822	10510.25	5.14908253223
5.469	1.22685898308	10035.64	9.74982320695	9459.961	9.89951252495	10510.25	7.61177338519
5.47	1.08948061904	9996.094	4.78838102607	9506.836	8.0925197717	10521.97	8.50315956107
5.471	1.24194281286	10022.46	6.14796728368	9511.23	8.74428288904	10457.52	8.2975139245
5.472	1.17693478541	9969.727	6.71553447256	9520.02	9.42556781489	10494.14	6.15665585068
5.473	1.15965248952	9997.559	4.95482923913	9471.68	10.012397526	10467.77	9.04942932753
5.474	1.17339857866	10028.32	5.35367636505	9549.316	7.47288592037	10458.98	7.96032313671
5.475	1.18542299789	9965.332	6.2797605026	9518.555	6.55985922342	10527.83	11.8722022312
5.476	1.23651197334	9978.516	6.5312438832	9499.512	6.33806902845	10478.03	5.90956982134
5.477	1.16042432694	10042.97	8.78548407599	9500.977	7.69866454654	10519.04	8.64588980036
5.478	1.21897912592	10004.88	7.26772968364	9496.582	6.23762285704	10533.69	7.71237452588
5.479	1.21643481056	9955.078	8.55313509372	9530.273	7.98380963018	10454.59	5.0758636134
5.48	1.14692807356	10006.35	4.95864490872	9481.934	5.55366169479	10546.88	9.79717535765
5.481	1.17851056122	10022.46	5.7909304305	9467.285	10.2548856835	10505.86	5.40376068271
5.482	1.19579289582	9953.613	7.53738432417	9533.203	6.78287455482	10505.86	7.39277285345
5.483	1.28334788936	9959.473	4.69786035313	9499.512	5.4708817041	10451.66	8.17992157926
5.484	1.0393971578	9975.586	5.18192900813	9454.102	6.29303856995	10480.96	11.0168501351
5.485	1.37536894041	9965.332	5.98794562882	9536.133	6.09896238626	10507.32	8.8700486751
5.486	1.1333904997	10021.0	6.67798510831	9512.695	9.41219931453	10541.02	6.96033940024
5.487	1.26784931304	10044.43	5.30308005639	9520.02	6.06181453504	10458.98	7.18572972452
5.488	1.22079790756	10038.57	7.47554499836	9470.215	11.572161046	10482.42	11.5680833866
5.489	1.27192474005	9965.332	6.23221324723	9458.496	5.59445720964	10513.18	5.88351673648
5.49	1.31822076377	10000.49	4.45709333263	9500.977	8.35750361399	10501.46	14.5342920095
5.491	1.22636665259	9972.656	4.4853749429	9454.102	8.59127788056	10456.05	6.06244953348
5.492	1.25969700187	10018.07	4.22858193637	9459.961	6.49096683242	10483.89	11.1641557889
5.493	1.24769967338	10032.71	5.80075066394	9512.695	10.1243591398	10486.82	7.05218974074
5.494	1.06459724208	9962.402	5.46940359125	9467.285	6.1141264242	10508.79	11.8474382046
5.495	1.02468806752	9965.332	7.84230696228	9486.328	8.36952002479	10469.24	6.09738990148
5.496	1.25120216223	9955.078	4.74333864158	9461.426	7.72877033536	10507.32	5.03095112093
5.497	1.29776510459	9982.91	5.92169590299	9517.09	7.24498084298	10483.89	7.74501079552
5.498	1.31951157899	10045.9	6.10319324357	9458.496	7.02012483976	10546.88	4.58648339084
5.499	0.973074583787	9956.543	5.3674540459	9509.766	11.3574563673	10457.52	9.56621841038
5.5	1.01290982705	9988.77	4.82953760235	9467.285	8.90936466333	10542.48	6.98044851309
5.501	1.20939457121	9994.629	7.95823283598	9490.723	7.06019287222	10508.79	4.1752553843
5.502	1.08461171863	9958.008	5.19044770102	9468.75	6.28985952382	10502.93	5.96093770155
5.503	1.01575267068	9993.164	3.45884821598	9509.766	8.03088213925	10460.45	9.63232723387
5.504	1.31295001311	9981.445	6.65292201314	9454.102	8.83670312048	10472.17	7.80536185246
5.505	1.00875947	9985.84	7.49349242535	9525.879	10.5109311713	10492.68	4.55116520077
5.506	1.02017283193	10007.81	3.59902103437	9451.172	8.02002505908	10463.38	8.33913824213
5.507	1.00017464331	10045.9	4.09089926048	9471.68	5.17400330461	10466.31	10.0570012273
5.508	0.992843385301	9987.305	5.30507853262	9483.398	9.08402215547	10480.96	6.80255176518
5.509	1.0532394423	9994.629	4.94076890046	9465.82	8.58685752493	10535.16	4.21907623621
5.51	1.00214513442	9965.332	5.67235169334	9459.961	3.3118512413	10521.97	3.08624561007
5.511	1.04591149083	10031.25	3.6700903114	9509.766	7.76542967027	10530.76	5.80010825604
5.512	1.22544123419	9996.094	6.89074509149	9531.738	6.95466266696	10457.52	7.64037399072
5.513	1.17461222591	9977.051	3.87715283905	9525.879	11.0381787657	10467.77	6.97390422443
5.514	1.24519036121	10029.79	4.78948672941	9493.652	6.46619703568	10485.35	6.47823735355
5.515	1.19157292483	10034.18	3.80355184798	9455.566	7.11649604877	10497.07	5.53712761671
5.516	1.06888212316	10037.11	6.4572149089	9546.387	8.49073128671	10491.21	7.79051869819
5.517	1.73024996348	9982.91	6.31843974901	9499.512	8.07358936431	10516.11	9.34765393858
5.518	1.05753734367	10044.43	5.83448532277	9486.328	12.1775248654	10532.23	12.281806078
5.519	1.12528496229	10035.64	6.03621539713	9541.992	7.14577114218	10478.03	15.2633324251
5.52	47.1348105649	10029.79	142.558591437	9484.863	514.610911891	10486.82	329.450756953
5.521	1.32070122214	10048.83	4.61374683438	9537.598	10.2836824119	10505.86	20.2259208025
5.522	1.63361494641	10041.5	6.4645529874	9458.496	13.2535391907	10480.96	9.00838442028
5.523	2.85378109247	9979.98	16.4203377441	9540.527	24.1334540081	10517.58	20.1004363222
5.524	1.15480354423	9952.148	4.62252576552	9521.484	10.9303503848	10460.45	12.9867871529
5.525	1.10326298722	10044.43	6.99376292233	9457.031	9.38656982928	10492.68	6.95384752487
5.526	1.22364873272	10026.86	4.70314554739	9459.961	7.39913337117	10524.9	6.79129613218
5.527	1.12053557417	9985.84	4.09346570313	9481.934	7.77037595955	10450.2	9.78523757534
5.528	1.26364679628	10004.88	5.5511071048	9520.02	8.60387910597	10479.49	9.68961778434
5.529	1.12481014772	9985.84	7.64697268239	9479.004	9.02931432159	10458.98	10.9991025041
5.53	1.34145137737	10044.43	5.83937720109	9493.652	6.31538358297	10504.39	7.76519499552
5.531	8.86056876818	9968.262	33.7875947111	9503.906	47.53686812	10549.8	29.8542671337
5.532	1.12440791501	10041.5	4.70722511213	9540.527	6.85281108708	10532.23	6.05698452866
5.533	1.094615224	10034.18	4.8799102729	9451.172	4.93172312379	10545.41	7.4104061704
5.534	1.18170922482	9977.051	3.97202323039	9522.949	5.31116203517	10543.95	8.47969823591
5.535	1.11825868854	10009.28	3.38248521749	9539.062	5.56049423303	10501.46	7.13407338155
5.536	1.00695016612	9993.164	5.02751572837	9541.992	8.94549002302	10492.68	6.69722909939
5.537	1.01102331365	10019.53	7.19724814333	9518.555	4.88882352828	10542.48	6.74218297064
5.538	1.00193661958	9953.613	3.53261592828	9486.328	7.27352687811	10498.54	8.57628676144
5.539	1.13268241963	9981.445	6.30750126762	9490.723	7.43633046384	10511.72	11.2968599155
5.54	1.0947975454	9999.023	4.46478396157	9480.469	6.75653158271	10466.31	3.87479562131
5.541	1.03292633771	10038.57	6.54419654202	9455.566	6.47411185072	10549.8	3.08780548666
5.542	0.935159982537	10041.5	4.55257050768	9487.793	7.6145416594	10470.7	6.37721195218
5.543	1.15869936182	10026.86	3.1069249928	9508.301	6.30597287597	10453.12	9.06193109842
5.544	0.940037947077	10018.07	3.1358058176	9541.992	5.70505561598	10543.95	6.7485130312
5.545	0.858935424132	9952.148	3.0715951886	9461.426	5.63700054542	10513.18	5.90871878658
5.546	0.979000814112	9959.473	3.1731212524	9505.371	7.91754587772	10486.82	5.46356922195
5.547	0.931394845615	9972.656	5.15113952898	9459.961	8.80969682788	10460.45	6.65428583738
5.548	0.911751219302	9999.023	4.18039109202	9527.344	6.21194730964	10510.25	6.45392249288
5.549	1.01866230549	10042.97	4.08671096083	9495.117	3.92012239583	10520.51	5.79666913825
5.55	0.886672948535	10007.81	7.5753688012	9547.852	4.1880346125	10469.24	4.88796138318
5.551	0.882712041832	10015.14	4.36413707497	9502.441	6.70040803799	10541.02	4.07554579974
5.552	0.94401285497	9962.402	4.74304414493	9528.809	3.01143255228	10524.9	3.09121543668
5.553	0.957961616094	9950.684	4.92043406417	9480.469	6.66005388226	10483.89	4.86290114941
5.554	3.2260732616	9981.445	12.1808991777	9524.414	10.6184153918	10516.11	18.5635267003
5.555	0.906252961054	9959.473	5.37793738182	9512.695	7.38405145228	10450.2	6.41827921267
5.556	0.855517663002	10016.6	4.12346323836	9546.387	5.69968219434	10461.91	4.61075875979
5.557	0.771310256985	9993.164	3.5205307258	9499.512	5.31387096719	10505.86	4.46738722595
5.558	1.09230374394	10023.93	4.49152590708	9520.02	5.66858246928	10524.9	6.10133283866
5.559	1.00709828247	9953.613	4.94856008242	9531.738	6.41963157212	10457.52	5.72126353777
5.56	1.07918953226	9982.91	3.37098328083	9452.637	5.79934136637	10453.12	6.2101997066
5.561	1.19108575017	9979.98	4.67167575671	9465.82	12.3188073119	10502.93	7.2104886386
5.562	1.27138448955	9952.148	4.8322630379	9503.906	6.46880653949	10530.76	12.4445797627
5.563	1.55407963987	9979.98	6.75704192874	9508.301	15.3856248935	10480.96	11.6078784907
5.564	1.54415159964	9985.84	9.90457678447	9477.539	7.6424943477	10494.14	9.00960820124
5.565	1.77437315273	10021.0	9.48361763397	9547.852	14.5102658567	10548.34	6.17930101282
5.566	1.54720082814	9975.586	7.94849443196	9543.457	9.86031571603	10514.65	12.8408186413
5.567	1.51778078775	9969.727	4.6587514587	9509.766	10.2330941548	10502.93	13.0270578186
5.568	1.4910253407	9997.559	4.90896709442	9540.527	6.93746719584	10539.55	7.44735367878
5.569	1.55482026938	10021.0	6.65220999411	9549.316	8.92626404391	10504.39	9.37988740878
5.57	1.78833839349	9978.516	6.14437553158	9499.512	11.4551546116	10549.8	7.638835562
5.571	1.79530313858	9997.559	9.78355825824	9467.285	8.99455200004	10470.7	9.60976165016
5.572	1.38860636757	10042.97	5.15218681087	9506.836	11.9016624011	10502.93	8.25568607113
5.573	1.31286586634	9994.629	6.2744591709	9462.891	6.27853228349	10454.59	12.6023722813
5.574	1.46747729859	9982.91	10.5516017555	9495.117	11.7060050393	10535.16	7.21278476516
5.575	1.35994692332	10040.04	8.28279223306	9543.457	11.8423272013	10478.03	9.54582322816
5.576	1.50466282222	10028.32	8.20979725533	9514.16	7.28680801426	10456.05	12.3829286306
5.577	2.59913872896	10025.39	19.5139621093	9527.344	17.8303261353	10460.45	15.0067108254
5.578	1.30597685747	9962.402	7.02187357159	9452.637	7.73294365086	10458.98	9.70576301425
5.579	1.2191742842	10019.53	4.60100781222	9534.668	8.12439058321	10524.9	10.5908948807
5.58	1.34915987225	9997.559	4.76984794274	9483.398	5.22040012505	10510.25	9.20146347941
5.581	1.06902751819	9953.613	3.68386799804	9533.203	7.59344589551	10472.17	7.78512333074
5.582	0.961001181879	9997.559	5.3569456798	9487.793	6.31674818349	10549.8	3.21442669391
5.583	0.910304288571	10025.39	4.88301236254	9464.355	6.59999434124	10514.65	9.00698145968
5.584	0.964467954331	9993.164	4.74891802225	9476.074	5.66439332082	10463.38	7.66474564585
5.585	0.981078410822	9991.699	3.96532008462	9528.809	4.96929598458	10541.02	5.4823952265
5.586	0.839283837897	10041.5	2.42433837544	9527.344	4.37054631262	10475.1	9.20603483955
5.587	0.859969112042	9952.148	4.37170382154	9544.922	8.47838049327	10521.97	6.41902142813
5.588	0.916858434189	10035.64	4.66763212025	9459.961	4.88482229715	10501.46	4.36019387903
5.589	0.902844888073	9977.051	3.71381434638	9471.68	4.56614808889	10497.07	4.53591287836
5.59	0.969420404765	10032.71	8.07863913782	9508.301	3.39483537295	10485.35	5.59800391701
5.591	0.941828383376	10010.74	3.97700802946	9489.258	4.45347362453	10476.56	4.74705045984
5.592	1.04084948511	10047.36	3.70425344986	9474.609	4.9992432794	10473.63	7.36574104562
5.593	1.23389521111	9981.445	4.2257414573	9527.344	10.3933990153	10548.34	7.39378909825
5.594	2.28996075799	10001.95	7.15757691016	9484.863	11.8575007864	10529.3	10.9882800523
5.595	1.13830028405	9958.008	5.25031874159	9503.906	4.85285037242	10535.16	3.80506847917
5.596	0.838815142184	9991.699	3.68750695096	9455.566	3.92849269476	10535.16	5.01359343109
5.597	1.0854287959	9962.402	4.38438961626	9502.441	5.04981042433	10501.46	5.79110076072
5.598	0.877936423603	10025.39	5.20813490054	9541.992	4.98469134679	10517.58	8.6001603168
5.599	1.14146926132	9978.516	3.86311351323	9549.316	6.2643593013	10485.35	6.58460801999
5.6	0.931539686219	10026.86	3.37827136339	9474.609	5.99319070533	10498.54	7.32201376855
5.601	0.92373814389	9996.094	4.82672183707	9520.02	6.57604051011	10476.56	6.75674636297
5.602	0.88871821247	9956.543	4.03340350213	9490.723	7.13813376154	10479.49	4.30232103702
5.603	1.05668972112	9952.148	4.24147873315	9540.527	5.13189915972	10473.63	6.1960431655
5.604	0.982353307978	9999.023	4.52614529825	9506.836	4.53619104308	10456.05	7.86900601209
5.605	0.920782476636	9963.867	5.7404681724	9454.102	8.10738373666	10461.91	4.79388099698
5.606	0.887945019643	10048.83	4.28783110713	9531.738	7.26573211831	10542.48	4.53344881776
5.607	0.931630135547	9993.164	3.76838875971	9479.004	5.3698871136	10482.42	5.34372100669
5.608	1.00463841971	10007.81	4.36842736671	9549.316	4.25326833543	10527.83	3.51861984375
5.609	0.846802424125	10048.83	6.87908349577	9549.316	4.80497779636	10495.61	3.57511620704
5.61	0.868194458527	10026.86	3.05092668916	9464.355	6.94147787141	10495.61	9.18352859919
5.611	0.890319712518	9999.023	3.39184387264	9512.695	6.16148314176	10469.24	9.15889518172
5.612	1.02758956511	10006.35	10.1631845464	9531.738	8.60649490642	10478.03	5.65945137594
5.613	0.909670538209	10040.04	3.7361378152	9506.836	5.18197835616	10494.14	6.76479803068
5.614	1.05231988237	9962.402	4.44809066844	9465.82	6.68855548966	10460.45	6.80767896698
5.615	1.02206296232	10045.9	3.61228622409	9549.316	5.93264928849	10538.09	9.68514233958
5.616	0.93862407595	10047.36	4.81202432683	9486.328	9.78559282869	10511.72	10.5486602891
5.617	0.852070545497	9962.402	5.07330476744	9474.609	3.14524436096	10460.45	5.51143733109
5.618	0.997585750087	10012.21	3.13961298019	9543.457	9.05346721105	10485.35	11.3970150307
5.619	0.860094950097	10047.36	3.20675305603	9514.16	5.51905488518	10464.84	5.11115443552
5.62	0.978846418114	9975.586	3.17701998263	9480.469	7.19365663536	10464.84	12.4679092739
5.621	1.00636285685	10025.39	6.34488829662	9524.414	9.66257937524	10458.98	6.70712801968
5.622	1.12455269839	9965.332	5.27074764777	9540.527	7.87437711218	10538.09	6.3639682784
5.623	1.02799646835	9979.98	4.85957078695	9492.188	5.44245557959	10549.8	3.48295530673
