


# Same as before, slightly less laser light
5.5	194.673394074	9958.008	1143.61144194	9521.484	1074.0011455	10523.44	957.413532638
5.501	1.11406701294	10001.95	6.54598580053	9508.301	5.36528891871	10475.1	4.79350713237
5.502	1.11735458705	10023.93	6.26110239998	9512.695	7.11464347769	10542.48	6.81393440214
5.503	1.11158181883	9962.402	11.8866479439	9452.637	7.58947620937	10530.76	6.66941645836
5.504	1.11187642973	10029.79	8.63568501195	9539.062	7.90074152109	10549.8	5.06899864991
5.505	1.16856900446	10037.11	6.9361414229	9537.598	5.12275283071	10489.75	8.45942675554
5.506	1.21203265332	10013.67	12.1371099649	9476.074	7.21664196841	10527.83	12.6799347781
5.507	1.16762743927	9984.375	7.39617908199	9458.496	5.93614080835	10467.77	6.66220171158
5.508	1.21493045598	10035.64	13.0969659706	9524.414	6.47512177986	10475.1	5.3779995636
5.509	1.17429000288	9958.008	7.26904332077	9533.203	5.83456493472	10456.05	5.870952962
5.51	1.18036134406	9999.023	9.95597978968	9471.68	10.2035915105	10542.48	6.92916054669
5.511	1.20590950079	9972.656	7.57017851	9489.258	7.34700356914	10495.61	5.43587384751
5.512	1.16361599876	9975.586	12.3960824665	9480.469	7.17633985365	10514.65	6.3956783398
5.513	1.19729294066	10029.79	9.22479621449	9473.145	9.42545365473	10523.44	8.98440275294
5.514	1.27642612455	10004.88	11.4839733599	9541.992	6.88940445418	10467.77	8.11670422426
5.515	1.22106874922	9981.445	6.55596457242	9476.074	8.54777650892	10524.9	5.60102934623
5.516	1.26630972154	10037.11	5.04493680098	9467.285	10.3764541987	10529.3	6.26768051211
5.517	1.17781432412	10047.36	6.12575577763	9515.625	14.5230789511	10457.52	8.14505551788
5.518	1.1259097294	10044.43	9.20834032029	9459.961	10.1901638622	10456.05	11.8992840058
5.519	1.26165341132	10009.28	5.59439687469	9527.344	6.30906937056	10476.56	7.36912558734
5.52	1.17717396288	9979.98	4.90455181678	9537.598	8.9585954367	10524.9	11.6751972201
5.521	1.24941081878	10034.18	5.65760191568	9505.371	6.00375452421	10497.07	9.99943252858
5.522	1.249400983	9984.375	8.30152569362	9511.23	6.84196094155	10529.3	5.2369665663
5.523	1.25598701941	10022.46	11.4378278017	9470.215	8.41700564566	10501.46	8.76003111923
5.524	1.19013717307	9993.164	6.25740403596	9522.949	10.6841786384	10473.63	9.01590919288
5.525	1.15362133199	10037.11	9.46744794171	9512.695	9.41448647738	10460.45	10.2300707276
5.526	1.20213863237	9953.613	8.75881294443	9537.598	10.3072800481	10450.2	7.08627420215
5.527	1.19052669101	9960.938	8.69083377696	9503.906	6.09104581093	10519.04	8.3221412733
5.528	1.22547703792	9956.543	7.65344326808	9495.117	6.13950405061	10463.38	8.34149493584
5.529	1.28608534973	10000.49	7.04885733442	9462.891	6.55713525802	10526.37	5.57645314038
5.53	1.27553942268	9955.078	9.73196034576	9490.723	8.16602543747	10523.44	8.16275162316
5.531	1.22521339967	10047.36	7.33226602093	9468.75	8.0066264837	10492.68	7.03612442955
5.532	1.22767178748	9996.094	8.22809687332	9544.922	10.300315999	10466.31	4.47608850466
5.533	1.23366140634	10022.46	8.67897755371	9457.031	9.56610647277	10505.86	8.88676619885
5.534	1.309408402	9978.516	7.04385535824	9481.934	7.75664970395	10457.52	14.7345531884
5.535	1.244403407	10048.83	4.15518872385	9495.117	6.26502436011	10507.32	8.71256386867
5.536	1.29077630827	10031.25	10.2190677527	9468.75	8.88829655542	10456.05	5.70671517319
5.537	1.31187335597	10040.04	6.67498457476	9534.668	7.36814729869	10514.65	5.89572201691
5.538	1.30146424292	10012.21	10.5331836767	9454.102	6.39984151824	10478.03	7.41679251748
5.539	1.19042808391	9981.445	7.08636579205	9487.793	10.6687772635	10466.31	4.61441148777
5.54	1.35291600242	10000.49	8.76161886929	9509.766	10.9957522735	10469.24	7.05313612354
5.541	1.2039033495	9958.008	10.748854159	9549.316	6.20849940183	10536.62	12.6302688727
5.542	1.22550911372	10001.95	16.7144774981	9459.961	8.59145150216	10466.31	8.02744551398
5.543	1.2466210361	9988.77	7.92284098159	9508.301	6.98294112436	10460.45	9.68241561137
5.544	1.17238568676	9991.699	12.8152861273	9522.949	6.97285028306	10536.62	9.74702392781
5.545	1.2037702211	10016.6	10.1680638414	9500.977	6.0006889282	10450.2	6.47738250443
5.546	1.25337166227	9955.078	8.50145354488	9534.668	7.99569502317	10497.07	6.49781843464
5.547	1.28237682479	9968.262	7.71726609443	9493.652	10.3421713875	10498.54	9.91888296669
5.548	1.20033558068	10038.57	6.37800855454	9512.695	8.14220182672	10514.65	9.60046092287
5.549	1.20891533383	9993.164	5.75040851287	9461.426	5.47371340668	10458.98	9.25624955701
5.55	2.88484579984	9974.121	15.1641316161	9479.004	180.302651273	10478.03	526.512114444
5.551	1.13388666422	10040.04	5.14479164669	9517.09	7.91228815744	10514.65	8.82834096442
5.552	1.23189943557	10019.53	8.36435789278	9525.879	7.21483100785	10500.0	7.46896279664
5.553	1.22612578115	10010.74	8.5267812959	9549.316	5.03894916062	10450.2	7.10735987159
5.554	1.23832372353	9965.332	8.76649947562	9493.652	8.71710301874	10501.46	5.93928132658
5.555	1.1403519501	9968.262	4.54814194071	9465.82	9.44899213098	10486.82	7.41863624786
5.556	1.27167443619	10019.53	8.38735847707	9530.273	9.1398425643	10541.02	7.19485626095
5.557	1.18571767763	9996.094	9.94701935349	9459.961	7.45806278755	10482.42	11.4147367322
5.558	1.32994571002	10010.74	10.0244025988	9514.16	9.11841159386	10520.51	7.34424365794
5.559	1.13284236414	9982.91	4.2595587647	9467.285	5.33566691545	10530.76	11.5632968412
5.56	1.17795897601	9981.445	5.17024597921	9452.637	5.3617298175	10514.65	5.99193170634
5.561	1.18467091996	10013.67	10.343928125	9530.273	5.82546593758	10453.12	8.36048379891
5.562	1.20024950132	9984.375	4.21337846368	9451.172	9.2813631044	10524.9	10.2760144289
5.563	1.09049801552	10047.36	5.47845136563	9522.949	9.85167189505	10533.69	7.44095660345
5.564	1.11292042344	9981.445	5.71974423029	9522.949	6.39597391089	10504.39	5.27345834741
5.565	1.26601884766	10007.81	9.43634830283	9517.09	5.90980342908	10530.76	9.16395297523
5.566	1.10685822611	9969.727	5.8830968042	9533.203	4.55174713039	10489.75	10.041685036
5.567	1.07626814823	10004.88	10.3808517075	9533.203	11.8019906812	10527.83	6.71855746877
5.568	1.05149075816	10007.81	6.82731365442	9490.723	6.9426961936	10491.21	10.2333016446
5.569	1.11137668886	10042.97	7.13009343297	9493.652	5.86486344704	10514.65	5.43834927182
5.57	1.14241871422	9965.332	6.02789145922	9508.301	7.10752902091	10476.56	9.38166223613
5.571	1.15349781975	9994.629	10.5756169352	9502.441	5.08744988257	10475.1	9.91074954259
5.572	1.12971455762	9950.684	14.1466489553	9503.906	5.61048381566	10472.17	6.40121250988
5.573	1.12137676128	10021.0	7.49444796925	9505.371	5.03963875172	10510.25	6.26016357098
5.574	1.06452933922	9958.008	6.48614918721	9454.102	4.07848930636	10500.0	8.61595475501
5.575	1.17745629276	9952.148	5.94486911181	9468.75	7.01541454048	10517.58	8.62833377495
5.576	1.1615114727	9999.023	9.90872356401	9527.344	6.85946445651	10450.2	7.40467092764
5.577	1.08400782865	10029.79	4.25878977778	9462.891	5.20058049679	10454.59	5.16883000955
5.578	1.17419499399	10013.67	7.75965796263	9549.316	5.29185708421	10535.16	6.11755598397
5.579	1.13169430219	10031.25	8.05878453093	9521.484	10.8440141727	10473.63	11.8070350614
5.58	1.10620177001	10007.81	7.94814017758	9499.512	7.40463405457	10524.9	7.65326756256
5.581	1.12767779108	9981.445	10.3589176227	9506.836	5.958946943	10526.37	6.22800086718
5.582	1.03497109311	10021.0	4.09338809807	9522.949	8.81995886497	10456.05	7.5695423579
5.583	1.13311450816	9978.516	4.07200329014	9473.145	4.59301234895	10461.91	6.65864350999
5.584	1.09229725043	10009.28	4.9636191753	9467.285	8.5678262486	10500.0	6.54855002497
5.585	1.08544944191	9988.77	7.69119202079	9452.637	8.84969867043	10516.11	8.14304994623
5.586	1.15122923078	9982.91	8.28354824464	9457.031	5.76755759128	10507.32	8.51771099329
5.587	1.01263986525	9960.938	5.86853901547	9480.469	6.87793899926	10513.18	7.10678309129
5.588	1.19669860265	9952.148	7.81514317827	9500.977	6.20845912057	10548.34	5.76116604135
5.589	1.06479536048	10022.46	8.15392656654	9530.273	5.67354739155	10521.97	6.90127441579
5.59	1.04834850189	10021.0	9.51799663048	9467.285	4.82648521618	10467.77	6.9056726337
5.591	1.13176145232	10022.46	6.45727412654	9531.738	7.59552330567	10467.77	4.69575172855
5.592	1.13915656744	9971.191	7.45585482742	9490.723	6.48630328168	10479.49	4.68171584623
5.593	1.13821609866	10021.0	6.23647648745	9518.555	6.62348614845	10546.88	11.4856442148
5.594	1.15026038311	10021.0	6.85819872498	9515.625	6.07230791643	10519.04	8.60575933086
5.595	1.11100735433	9958.008	6.54548254811	9540.527	5.97043130877	10500.0	7.88118861711
5.596	1.21599456667	9999.023	11.4752785787	9470.215	7.75955246362	10464.84	11.0447131468
5.597	1.10882798291	9969.727	5.63056103693	9493.652	4.37855019374	10450.2	6.96812940852
5.598	1.07845956182	10035.64	7.23092828838	9500.977	7.7700043593	10533.69	5.56650548848
5.599	1.17772407842	10031.25	9.11789781759	9522.949	14.4117607764	10469.24	9.84318722372
5.6	1.1805436225	9991.699	5.91756800911	9525.879	9.85072250734	10549.8	7.22932252778
5.601	1.23489427868	10042.97	6.46491001723	9540.527	3.98859205097	10464.84	5.44998464774
5.602	1.21499351389	9969.727	8.32615471648	9496.582	4.3114216618	10467.77	9.06588589106
5.603	1.2382960165	10048.83	4.9772432417	9547.852	7.79849156685	10482.42	8.15180639494
5.604	1.15863223721	10029.79	11.3185494182	9511.23	6.79422360659	10478.03	5.005509021
5.605	1.26359553388	10000.49	5.70250896764	9465.82	6.84607306527	10458.98	8.18264116244
5.606	1.18599502864	10010.74	6.28001850246	9458.496	6.52819220889	10533.69	6.57003507035
5.607	1.31643166889	9982.91	7.5605631794	9452.637	6.14491009761	10482.42	8.0704029033
5.608	1.23002990128	9977.051	9.34221931276	9533.203	5.66542573103	10463.38	7.49740966134
5.609	1.32181726276	9966.797	6.28927174455	9539.062	5.63139157319	10507.32	12.2786428813
5.61	1.29747203969	9984.375	8.68902247205	9477.539	10.0479858023	10479.49	12.0949845078
5.611	1.41198377138	9958.008	12.9101808202	9511.23	14.8291258459	10489.75	5.78199433469
5.612	1.40688414247	9978.516	6.93259258878	9452.637	10.1317746634	10454.59	9.68110808611
5.613	1.3587671057	9960.938	5.71288498601	9490.723	8.48785579849	10514.65	11.5133694824
5.614	1.44033952382	9968.262	7.44997682433	9514.16	7.78569659668	10486.82	6.18414470814
5.615	1.45646312413	10003.42	12.6214312862	9484.863	9.64648978554	10529.3	14.0659214427
5.616	1.42313978171	10022.46	12.3538066517	9514.16	11.1475843544	10516.11	9.98201183314
5.617	1.55584305155	10029.79	8.76672147295	9541.992	12.6208392563	10539.55	6.20723370109
5.618	1.50472934017	9979.98	7.3729870175	9524.414	10.7321822157	10516.11	6.51095715752
5.619	1.75206201245	9994.629	9.61566199942	9459.961	9.91612064229	10492.68	10.688275277
5.62	1.59426226745	10023.93	9.42196422048	9536.133	10.4054730748	10508.79	7.50524692724
5.621	1.76772368073	10042.97	9.30676844755	9509.766	10.2088320828	10516.11	9.95155951724
5.622	1.93140969536	9952.148	7.23333910562	9547.852	12.1118663963	10516.11	6.65534674651
5.623	1.70054496907	10034.18	10.5613904784	9530.273	13.326833879	10548.34	10.7479135998
5.624	1.83538370094	9955.078	13.3294777693	9493.652	11.7339824179	10501.46	14.4193151504
5.625	45.2202352015	9999.023	163.59540974	9451.172	6199.44097962	10451.66	18316.3390648
5.626	2.06916100296	9960.938	19.9934785024	9471.68	10.0368830242	10549.8	8.10457288414
5.627	1.88433840342	10016.6	11.3842694805	9490.723	12.6208651272	10538.09	12.230533223
5.628	2.06294034976	10000.49	8.87077874849	9524.414	18.4465757142	10458.98	15.4717432391
5.629	2.29207977681	10034.18	14.6699651127	9500.977	18.5190255116	10461.91	12.8210611513
5.63	2.3852982327	9988.77	18.8067672095	9462.891	13.7745762486	10527.83	10.7567452153
5.631	2.5320588681	10026.86	15.7909301339	9493.652	14.7283103603	10507.32	17.0170160392
5.632	2.55862829811	9977.051	18.5525570445	9547.852	22.6578427518	10480.96	15.7769730312
5.633	2.86871105016	10013.67	19.1124224534	9536.133	8.82837042094	10507.32	11.8247959128
5.634	2.97738221317	9966.797	14.712776928	9487.793	18.0108989202	10542.48	16.4755937897
5.635	3.36110621749	9968.262	20.2740942083	9451.172	25.3912777791	10513.18	16.7457335928
5.636	3.76773384979	9974.121	25.8489363768	9477.539	48.3408004329	10498.54	17.7857849102
5.637	3.5513563024	9974.121	30.160576278	9533.203	19.812135398	10510.25	16.99165764
5.638	4.18683084134	9984.375	18.0247622377	9514.16	26.7336028424	10470.7	25.3902577724
5.639	4.83889037391	9965.332	19.2349663067	9461.426	38.7643900782	10517.58	36.4082796186
5.64	4.86792295593	10038.57	52.3939339276	9518.555	31.2217213995	10530.76	37.8180013033
5.641	4.98372767376	10040.04	31.70065533	9451.172	27.1434700148	10457.52	43.5414942425
5.642	5.16901214001	10018.07	27.4972820034	9515.625	18.9951351509	10523.44	32.1613389639
5.643	5.40071606828	9979.98	34.105162763	9530.273	51.7758586263	10530.76	45.8687395204
5.644	5.448391573	9993.164	62.0192021099	9484.863	27.7685506788	10514.65	33.8754058357
5.645	5.11866062416	10040.04	21.72411013	9474.609	29.9890081195	10479.49	22.7351677221
5.646	5.23219237165	10047.36	46.2716833847	9452.637	29.1777686945	10457.52	27.1718178857
5.647	5.37053726555	10001.95	65.91366317	9503.906	48.0140484614	10532.23	45.0706801473
5.648	5.16321703059	9991.699	22.1303797721	9514.16	36.4207693699	10458.98	41.9102284455
5.649	5.29094050925	10031.25	21.9285677648	9477.539	44.2758785581	10524.9	31.7264523575
5.65	5.86223182169	10034.18	26.5084625383	9533.203	46.869020095	10520.51	39.0657876409
5.651	6.00688804081	9975.586	53.3014000937	9512.695	34.4018004908	10482.42	44.260820047
5.652	5.47886950987	9974.121	35.4573100764	9534.668	31.4350136452	10519.04	44.2563649758
5.653	4.49807245494	10034.18	43.4313671375	9477.539	33.582634253	10498.54	21.1400337762
5.654	4.28242717751	10000.49	12.5328482204	9454.102	19.9744856025	10514.65	21.2171739359
5.655	3.56672914002	10021.0	36.5570609284	9481.934	20.5557022062	10507.32	34.1504116537
5.656	3.22738114763	9955.078	24.1810336955	9458.496	18.6626419182	10473.63	15.8604223806
5.657	3.3350416381	10004.88	15.6068244865	9506.836	23.790643492	10478.03	16.1756152261
5.658	2.87874795223	10004.88	12.2820945117	9540.527	18.0838796947	10491.21	12.9666844544
5.659	2.61470738505	9969.727	15.4661933473	9458.496	21.4006268441	10533.69	23.9939502704
5.66	2.62886720048	9985.84	15.7277617181	9525.879	23.6243594339	10549.8	11.7095032411
5.661	2.44313897044	9962.402	13.944322801	9505.371	17.713458367	10450.2	23.9793907804
5.662	2.32609112994	10031.25	17.0069695268	9495.117	12.4929202511	10521.97	12.4685059833
5.663	2.44072040303	9959.473	7.71564316303	9487.793	24.3582868846	10472.17	17.1561819376
5.664	2.21122124299	9981.445	10.9747812975	9465.82	26.4118632424	10529.3	17.6138894881
5.665	2.00086145432	10025.39	5.71089522039	9496.582	16.244519484	10513.18	17.1608105242
5.666	1.99662619657	9974.121	16.2487153526	9481.934	20.2646772798	10461.91	14.9028541219
5.667	1.89140511207	10044.43	15.0927078713	9539.062	8.20899154059	10505.86	15.5539000573
5.668	1.71445636541	10040.04	8.26320454951	9520.02	13.0960896843	10453.12	14.7639841886
5.669	1.83754462207	9953.613	7.63046815628	9452.637	12.206280778	10543.95	7.14167030934
5.67	1.52174397995	9966.797	7.22767047487	9476.074	6.86427136488	10461.91	8.32249483618
5.671	1.5997053876	9966.797	6.95453120538	9461.426	6.38361339781	10485.35	6.72151712608
5.672	1.52188807378	9966.797	13.9500396628	9527.344	9.43963915471	10492.68	9.86492354524
5.673	1.32503222315	9966.797	7.77107271793	9492.188	5.82395300562	10529.3	9.84155873939
5.674	1.27443664381	9959.473	6.54323310835	9515.625	9.98131622837	10480.96	7.94841559441
5.675	1.29398107765	10023.93	8.10674476104	9530.273	8.68932922301	10480.96	11.6729114411
5.676	1.17770717954	10021.0	11.2816707154	9549.316	6.61288105437	10486.82	5.92209235069
5.677	1.18548051739	9978.516	8.24018994798	9464.355	9.29056388504	10532.23	5.86927476466
5.678	1.18921698983	9997.559	6.66299970533	9470.215	7.61680298111	10500.0	13.9460631906
5.679	1.14257444951	10026.86	9.11183655717	9480.469	6.90864425277	10504.39	7.20785220089
5.68	1.10008269337	9965.332	6.97899386225	9452.637	5.18899682253	10456.05	6.63049448767
5.681	1.070835411	9974.121	4.63638401906	9527.344	5.11341698081	10492.68	8.52404100313
5.682	0.986050874887	10023.93	8.14375194341	9544.922	7.15129145157	10529.3	7.55253455245
5.683	0.993943842787	10009.28	6.51825115173	9493.652	4.24409426021	10542.48	4.72298696555
5.684	0.961435132812	10006.35	4.96719101193	9476.074	4.56257301309	10473.63	8.0743966086
5.685	0.841926637629	10000.49	5.96742571496	9480.469	5.38682634201	10454.59	3.30171997768
5.686	0.873775847629	9955.078	4.62947526812	9487.793	4.1462669979	10497.07	6.0300217756
5.687	0.864427185321	9996.094	7.86705632625	9474.609	8.34957875618	10543.95	5.85905974569
5.688	0.835467385316	9990.234	4.18305585393	9498.047	5.87224206914	10516.11	5.00142778857
5.689	0.829794974944	10048.83	2.90506358498	9468.75	4.05134344455	10505.86	4.04551691952
5.69	0.798182017765	9987.305	4.47913702996	9544.922	4.99852959433	10533.69	4.59685053631
5.691	0.752734388948	9975.586	6.53363188287	9500.977	5.29315636432	10501.46	4.14416746595
5.692	0.711156618883	10026.86	3.57789394016	9454.102	5.00148200082	10500.0	3.73363415208
5.693	0.721021679201	9979.98	4.44843010841	9533.203	3.94480938013	10488.28	4.00518746678
5.694	0.688652397341	10041.5	2.81612715659	9481.934	6.08419650918	10530.76	3.41699410178
5.695	0.691184499715	9977.051	3.13440014198	9525.879	3.04536308399	10488.28	5.64356553129
5.696	0.631094734155	9978.516	5.01179485752	9490.723	4.35029295883	10529.3	4.12272304735
5.697	0.64199046124	10003.42	3.40490876451	9455.566	3.08689042912	10454.59	3.27775664551
5.698	0.63193594313	10025.39	4.30449991667	9514.16	7.79332642301	10529.3	3.09013704504
5.699	0.597707983712	9971.191	2.56693299584	9496.582	2.19671942383	10454.59	4.35444191259
5.7	46.7062389406	9978.516	327.931445447	9477.539	425.078203653	10453.12	458.754187467
5.701	0.558581241577	10031.25	3.4496432933	9540.527	3.67910358422	10542.48	4.87234341032
5.702	0.567261478031	9975.586	2.82701665452	9468.75	2.37483894923	10545.41	2.99838303679
5.703	0.614621348354	9975.586	2.75624589019	9496.582	6.4348973298	10510.25	2.344660141
5.704	0.550669318081	10007.81	2.96117007482	9514.16	3.67083685198	10548.34	3.94542504939
5.705	0.515911451855	9979.98	4.10564396288	9477.539	3.9020348284	10523.44	4.22235012311
5.706	0.542072715567	9963.867	2.02135886337	9522.949	3.10426797153	10495.61	3.40320245035
5.707	0.522889389299	10034.18	2.07522188386	9506.836	4.29536658271	10516.11	2.68945741944
5.708	0.539636124432	9997.559	3.21226635599	9505.371	3.3515815406	10482.42	3.33162053859
5.709	0.506603998092	10004.88	2.73323757288	9457.031	3.33015170685	10489.75	2.67612250056
5.71	0.487912344966	10012.21	3.15823062632	9517.09	3.46143737692	10494.14	2.53935853333
5.711	0.530938498349	9987.305	4.26890173535	9547.852	3.16851577721	10546.88	2.54796369996
5.712	0.466041667977	9950.684	5.46555514459	9455.566	2.79065329407	10505.86	2.43062731694
5.713	0.497074025957	10028.32	3.83058965897	9549.316	2.50218436855	10541.02	3.51785677647
5.714	0.494278138143	9991.699	2.28046757884	9467.285	2.70137552223	10486.82	4.89142178663
5.715	0.511318472422	9966.797	2.88196507497	9534.668	3.10097142207	10450.2	2.61568522899
5.716	0.500813530596	10031.25	3.24331244424	9505.371	4.36258612679	10467.77	3.14734598601
5.717	0.463463702648	10025.39	3.42277082081	9547.852	2.88440386221	10507.32	3.3175917657
5.718	0.469052976847	9982.91	3.85845288695	9464.355	3.58704641266	10492.68	4.76323906153
5.719	0.462997882271	9974.121	2.26299697183	9540.527	2.25590974821	10492.68	3.15443322353
5.72	0.460672530785	10035.64	3.09657100877	9534.668	3.84952975952	10475.1	3.90011999558
5.721	0.451907335799	10032.71	2.49389853408	9520.02	3.00587925819	10475.1	1.65909180009
5.722	0.423656912156	9985.84	3.40167122165	9533.203	3.73915236259	10508.79	2.83973281629
5.723	0.424843544027	9975.586	3.84437281573	9465.82	2.7845184852	10504.39	2.96262077795
5.724	0.42028989583	10042.97	3.32337878223	9525.879	1.79967546314	10492.68	3.7169098478
5.725	0.451063292123	9958.008	1.94060204488	9470.215	2.34049640121	10501.46	3.82560957547
5.726	0.422507164092	10035.64	2.24138081724	9543.457	2.10529413309	10467.77	2.10669626907
5.727	0.39802440125	10035.64	3.0851694232	9457.031	4.6142343751	10485.35	4.12872106519
5.728	0.417356275704	9996.094	2.03958904654	9486.328	3.16124697891	10495.61	2.18300448923
5.729	0.385283502277	10010.74	2.43188416374	9512.695	1.91628564833	10460.45	1.78713118273
5.73	0.394517462053	9987.305	2.85811935009	9498.047	4.19790621767	10492.68	2.44507525676
5.731	0.395364670858	10023.93	1.39460611769	9518.555	2.81386589172	10458.98	3.19860878373
5.732	0.380837000962	10047.36	2.21207533111	9484.863	1.80690435231	10470.7	2.18906261717
5.733	0.401343509104	10038.57	2.83022702808	9484.863	2.37063574734	10533.69	2.45000488547
5.734	0.414438478389	10037.11	3.66638174561	9539.062	2.53083229317	10464.84	2.23218011812
5.735	0.396493353815	9972.656	1.2719025763	9506.836	2.37947501757	10514.65	1.92969930831
5.736	0.415501875947	10006.35	1.77321625214	9547.852	2.89452231143	10497.07	2.18410440097
5.737	0.397426832252	9952.148	3.20728542495	9524.414	2.99046357653	10489.75	2.31080236656
5.738	0.396253348606	10021.0	2.91276596077	9541.992	2.87250653438	10543.95	2.74586120181
5.739	0.402832737334	10003.42	2.70130713681	9461.426	3.17608888678	10451.66	2.49173567164
5.74	0.400275089682	9969.727	2.59290459186	9493.652	2.23589159597	10450.2	2.09524645642
5.741	0.392788713359	9996.094	2.75894068642	9500.977	3.20101850158	10504.39	1.80781986771
5.742	0.38437349431	10042.97	2.54047909398	9492.188	1.8652149166	10479.49	1.64272466228
5.743	0.37468110813	10044.43	1.66191962122	9455.566	1.88259394581	10513.18	1.78917310267
5.744	0.409828175675	10015.14	3.0553366943	9503.906	2.00071661219	10491.21	2.39524867623
5.745	0.422324868838	10018.07	3.4304770406	9502.441	2.27659483835	10475.1	2.84670173381
5.746	0.396953701839	10006.35	2.46058777735	9537.598	2.21033256429	10456.05	2.72038834748
5.747	0.381096016067	10025.39	2.53730570145	9476.074	3.55828626368	10451.66	2.49661221843
5.748	0.392313233971	10000.49	2.1925421025	9509.766	2.99933576528	10494.14	2.07712428201
5.749	0.408541814759	10019.53	2.47582444923	9461.426	2.60262125442	10461.91	1.78143691976
5.75	4.00997429984	9969.727	25.7304315711	9467.285	16.6975781754	10504.39	17.6940422477
5.751	0.431242608061	9975.586	1.50629964229	9505.371	1.8095011138	10458.98	2.73717998495
5.752	0.403195112403	10038.57	2.33696612391	9483.398	2.71058340833	10486.82	2.75007673415
5.753	0.414798598204	10021.0	2.94812796232	9537.598	2.48690474458	10536.62	2.99645748933
5.754	0.393794024553	10041.5	2.02422813359	9508.301	2.83133637291	10511.72	2.35813241461
5.755	0.421787806407	9974.121	1.75577345773	9540.527	2.5627760002	10485.35	3.2203468663
5.756	0.406748115548	9959.473	3.61180414553	9492.188	4.73276022533	10536.62	2.89402375975
5.757	0.42335919385	9965.332	1.92593462271	9511.23	3.87952583938	10489.75	2.786290456
5.758	0.464144350814	10029.79	3.15259182477	9509.766	3.36376939043	10527.83	2.299290424
5.759	0.454218801649	9969.727	3.04916429533	9511.23	3.18492384933	10529.3	4.2411024038
5.76	0.450550067037	9962.402	1.77528340411	9464.355	2.4539914521	10513.18	4.21613295629
5.761	0.447070026566	10031.25	2.49822783408	9505.371	3.51716302102	10513.18	3.01357763477
5.762	0.456378331877	10040.04	2.32097859081	9493.652	3.60965827289	10548.34	3.54449888663
5.763	0.465587969035	10007.81	3.20976903471	9492.188	2.82197120633	10510.25	2.75032850341
5.764	0.458934053712	9956.543	2.21550885028	9480.469	3.9283658915	10543.95	5.64013791961
5.765	0.473726070729	9953.613	2.68802999545	9502.441	2.86638068783	10500.0	2.85597000415
5.766	0.486769651932	9968.262	3.60114223149	9457.031	3.24781209751	10454.59	3.3745759581
5.767	0.462742978197	9959.473	2.72449064151	9544.922	3.39281321647	10460.45	2.37349594778
5.768	0.524878985776	10047.36	2.72395945995	9492.188	2.45198477896	10502.93	2.67558170833
5.769	0.47022932155	10022.46	3.38733065892	9489.258	3.9001357592	10521.97	3.93870484921
5.77	0.465317568181	9975.586	4.92082333923	9487.793	2.95185004583	10458.98	2.28984581136
5.771	0.513358953923	9978.516	2.76896600893	9454.102	2.82968700009	10549.8	3.10600358793
5.772	0.530033007257	10044.43	3.77325088151	9508.301	3.40905966064	10539.55	3.53450651852
5.773	0.554532213149	10034.18	2.67406728622	9537.598	3.87632589658	10497.07	5.46678874965
5.774	0.556164152448	10042.97	2.95183435695	9481.934	2.43946820188	10541.02	2.23897437015
5.775	0.551676144551	9984.375	2.5924220818	9454.102	3.07938573444	10488.28	3.48743174414
5.776	0.565120847538	10037.11	2.96984095177	9490.723	2.7155461355	10548.34	3.39472246856
5.777	0.576559114973	10045.9	3.5639259248	9543.457	3.02531258413	10523.44	5.13098135913
5.778	0.567241116591	10045.9	4.59149920704	9451.172	5.58386210663	10492.68	4.83418900989
5.779	0.612364909275	9956.543	3.60229265891	9547.852	4.81838618152	10505.86	2.85950050095
5.78	0.536443658289	10012.21	2.59359683981	9477.539	4.96469343914	10510.25	3.0496757742
5.781	0.570663771624	10042.97	4.34389015899	9520.02	3.84958742308	10486.82	5.31977612191
5.782	0.624028130064	10026.86	3.43508183021	9505.371	2.71583466108	10495.61	5.31628511202
5.783	0.624726274268	9960.938	4.17260421277	9518.555	3.2144732531	10526.37	3.63873582249
5.784	0.624077187589	9969.727	3.28267604214	9505.371	3.93866428077	10546.88	4.97338494197
5.785	0.624016165441	10029.79	5.4464735024	9457.031	7.16640120142	10467.77	3.158419006
5.786	0.681126111673	10047.36	3.30221023901	9549.316	2.14639749337	10507.32	4.72013904116
5.787	0.704590761378	9969.727	4.05811491234	9509.766	4.20892024613	10519.04	3.09749361226
5.788	0.695959700718	9962.402	4.02491651591	9492.188	4.12500222652	10453.12	5.4355661766
5.789	0.670097471534	9975.586	3.32304017751	9462.891	4.93497019355	10535.16	3.11832286652
5.79	0.690923527919	9993.164	3.49519549388	9492.188	5.23336571739	10450.2	4.9440848417
5.791	0.683054288662	10042.97	4.5418555152	9544.922	2.9205928776	10478.03	3.87931149138
5.792	0.706864201085	10038.57	4.59890126683	9471.68	4.58322415434	10524.9	4.28910868218
5.793	0.762070262242	9975.586	4.28799704532	9458.496	3.3776731299	10539.55	3.37653557335
5.794	0.701925534711	10045.9	3.21350224801	9517.09	6.11651593911	10466.31	6.59290822832
5.795	0.758034762501	9966.797	3.69435227967	9474.609	4.46130445093	10513.18	5.51449746458
5.796	0.786101126366	10012.21	5.64022006427	9527.344	5.70353121836	10524.9	4.74350303804
5.797	0.858329199502	10022.46	6.29205603497	9492.188	6.40215843998	10454.59	3.78693587317
5.798	0.783815809856	9950.684	7.56520758677	9471.68	7.62754548323	10476.56	3.66870930909
5.799	0.774391056963	10044.43	5.37369871726	9525.879	3.76204294954	10457.52	5.43096357729
5.8	0.804772716921	10000.49	5.63048623803	9489.258	7.23074984566	10538.09	2.78367654529
5.801	0.874682580778	10041.5	3.56933273815	9498.047	5.29108276398	10464.84	4.63549153654
5.802	0.808956117513	10037.11	4.00843003084	9511.23	4.29727388938	10541.02	6.28723548446
5.803	0.883111078572	10023.93	5.59953964726	9547.852	4.43840151353	10475.1	5.30367288863
5.804	0.84432761213	10023.93	4.26787487666	9489.258	5.16928803238	10542.48	4.97979662218
5.805	0.958354763843	10044.43	3.10276434694	9522.949	4.53307702669	10514.65	8.45309534725
5.806	0.974382379329	9958.008	5.25069175334	9479.004	11.8260944753	10514.65	7.48873119923
5.807	1.04165160569	9968.262	6.03882837048	9464.355	7.76032570915	10450.2	6.22013804397
5.808	1.07096188703	10009.28	5.22146604996	9511.23	7.66241387775	10513.18	6.87371576377
5.809	1.11342425274	9963.867	5.80930097337	9508.301	6.22352415232	10521.97	4.42805237405
5.81	1.09572627525	10015.14	10.6477083547	9470.215	4.77250857752	10539.55	6.26431731011
5.811	1.05034572291	9999.023	9.15103052613	9473.145	6.27952397127	10541.02	5.22600372622
5.812	1.09752322394	9969.727	7.84215933316	9534.668	7.70054724645	10510.25	9.43828114525
5.813	1.09230031982	10016.6	10.8711120851	9476.074	7.71796318496	10470.7	7.14593679043
5.814	1.23247409245	9988.77	6.20578259707	9461.426	5.77349107067	10548.34	12.9943729456
5.815	1.22107043351	10019.53	14.3912284136	9486.328	9.66968658232	10466.31	7.41021533055
5.816	1.16446248036	10012.21	10.1159874945	9521.484	7.70731554873	10535.16	5.32446993299
5.817	1.20814047143	10042.97	7.12738439388	9509.766	5.94525719124	10524.9	8.20257177029
5.818	1.27078660332	10004.88	9.89780229526	9493.652	8.13765605978	10485.35	8.21167520472
5.819	1.32680635679	9968.262	9.81816269005	9525.879	12.3540956448	10543.95	10.6435464668
5.82	1.36905997116	9969.727	7.69103193057	9505.371	5.99053504497	10480.96	10.3582343994
5.821	1.33234806554	9960.938	10.3555951928	9454.102	13.139815652	10524.9	11.3654119503
5.822	1.42255843445	10048.83	5.58585736915	9496.582	8.4952784481	10504.39	10.756891942
5.823	1.41463489426	9997.559	9.58064240164	9498.047	9.74320999656	10546.88	11.532726554
5.824	1.43410097239	10028.32	8.14487961727	9528.809	8.61965832065	10470.7	9.90482003642
5.825	1.43578795702	10028.32	6.68474539102	9487.793	7.71056638867	10470.7	8.61017659778
5.826	1.53219639012	10029.79	14.461666231	9458.496	7.92501743726	10470.7	10.0790726091
5.827	1.69630937428	9975.586	9.42913288914	9515.625	10.5596703178	10476.56	9.0719348843
5.828	1.50530107662	9997.559	12.1168153231	9461.426	7.89670160857	10489.75	9.78255876849
5.829	1.61016381155	10010.74	10.3125237982	9524.414	14.028694457	10480.96	10.9394294248
5.83	1.59284665315	9994.629	13.9628258657	9514.16	14.3645571888	10485.35	13.9049900992
5.831	1.70084998088	10028.32	7.48811728419	9473.145	8.85583462494	10466.31	9.37587498886
5.832	1.64295831928	10009.28	8.03969896165	9547.852	5.1352212929	10546.88	8.13314724568
5.833	1.65079127564	10019.53	9.57260827569	9502.441	8.73629085822	10524.9	12.0393169022
5.834	1.81776929176	9990.234	6.23319866373	9481.934	9.58797350543	10543.95	11.5697694219
5.835	1.8260549755	10007.81	8.27470454441	9506.836	7.17154181219	10478.03	11.9654957185
5.836	1.61815801112	9978.516	14.2691719144	9518.555	8.41466367218	10517.58	14.7934011145
5.837	1.72409064835	9969.727	7.08480135371	9541.992	7.63998716022	10533.69	10.4805087139
5.838	1.79027536161	10018.07	14.8230263104	9500.977	10.7719713162	10530.76	11.3322750048
5.839	1.62879579175	10012.21	13.8848891392	9520.02	10.8017723913	10542.48	11.8925224036
5.84	1.61253145524	9952.148	10.9963690028	9492.188	13.6902874969	10451.66	8.41747988495
5.841	1.78032223249	9955.078	8.69971172432	9502.441	7.65407416836	10460.45	10.2280785385
5.842	1.65935168413	10023.93	13.2163172191	9544.922	12.8542053571	10511.72	8.39872156008
5.843	1.63618600645	10038.57	12.0280051823	9527.344	16.1796218851	10535.16	15.2466788464
5.844	1.61576980217	9987.305	11.6321545172	9530.273	12.8241570382	10538.09	12.1580763001
5.845	1.53652533148	9993.164	12.0029608935	9464.355	11.8372302889	10532.23	13.7083859348
5.846	1.5738087466	10003.42	10.4297391545	9534.668	17.9217251316	10458.98	7.44508058389
5.847	1.58891919309	9991.699	7.55711892632	9459.961	10.6461198046	10527.83	16.9371017036
5.848	1.66061426326	10021.0	9.01947016426	9549.316	10.3725731657	10545.41	12.3007017039
5.849	1.56148029967	10029.79	11.7881552425	9512.695	10.6246808217	10454.59	7.6195694719
5.85	2.01557642939	10006.35	30.6000546946	9452.637	12.5720120827	10486.82	18.2513088243
5.851	1.55393928559	10006.35	11.770799728	9517.09	9.08446295945	10546.88	7.30982504823
5.852	1.55910204712	10016.6	9.64393809547	9500.977	8.27988063768	10494.14	9.13122582347
5.853	1.59275685524	9978.516	17.0105765622	9525.879	6.43215241266	10486.82	8.5508976657
5.854	1.49065234325	9994.629	7.6447733531	9471.68	9.9814465021	10478.03	7.61430786806
5.855	1.45006012077	9968.262	9.2428899009	9467.285	7.67230960663	10463.38	9.4537270869
5.856	1.43363667518	10045.9	8.71150318325	9489.258	9.23579513353	10511.72	9.77891637879
5.857	1.28359400721	9972.656	10.4792739855	9458.496	6.27398159317	10469.24	6.96008548638
5.858	1.32324518157	10037.11	8.71963917579	9547.852	11.8618994075	10482.42	15.3629792758
5.859	1.36612342808	10007.81	5.86444716296	9490.723	8.1047982521	10453.12	6.90811578956
5.86	1.43699606483	9971.191	5.47164181276	9547.852	9.20538598231	10469.24	7.25013218176
5.861	1.28296893241	10025.39	8.3515022738	9458.496	11.1061075127	10545.41	10.108148214
5.862	1.39512887307	9965.332	10.5100874978	9512.695	6.91152423868	10488.28	6.67730794038
5.863	1.3799326273	10015.14	4.9411457751	9531.738	11.3376257147	10463.38	9.1661128053
5.864	1.24708727098	9991.699	4.22992780053	9520.02	7.43253979403	10470.7	6.65058945091
5.865	1.2305803444	9984.375	8.24086386905	9465.82	5.16608595135	10529.3	7.38417869235
5.866	1.26646474583	9971.191	6.6721152107	9495.117	7.02113960911	10520.51	10.0539699739
5.867	1.23558631533	10016.6	9.14090443835	9489.258	6.94307644676	10517.58	8.54023292061
5.868	1.17531567305	9977.051	5.41618921332	9496.582	6.41776649415	10464.84	8.1690421346
5.869	1.17975635957	9958.008	8.17526177852	9490.723	5.30551985738	10516.11	5.57460916882
5.87	1.08324828567	9996.094	6.17052212684	9512.695	5.00360786523	10510.25	10.886807857
5.871	1.09955397925	9956.543	7.69788836982	9486.328	11.5258395984	10476.56	5.90508866528
5.872	1.18964939869	9993.164	5.71782305574	9525.879	4.87475802598	10497.07	6.56154158834
5.873	1.19359431326	9988.77	4.51366770961	9505.371	5.96259043001	10461.91	7.96215717703
5.874	1.06312761256	10021.0	8.58166795682	9536.133	10.7987970078	10541.02	4.88023415769
