# Two magnets, now with analyzer and polarizer angle at zero degrees
5.0	715.892805104	9996.094	435785.192739	9483.398	5561.80897373	10504.39	3827.72782885
5.001	731.717888908	9994.629	457322.579634	9487.793	5062.22770462	10510.25	5301.62472354
5.002	712.239979902	10000.49	438168.678443	9514.16	2432.82520544	10450.2	2655.3792281
5.003	686.197003202	9999.023	514405.769893	9508.301	5905.2129294	10533.69	5990.94373453
5.004	694.832795213	9997.559	510471.814025	9480.469	5623.23236745	10460.45	4081.9429983
5.005	692.290576324	9997.559	478937.607804	9483.398	4600.47187875	10549.8	2531.56458291
5.006	599.400164428	9996.094	513168.168863	9474.609	3320.73542687	10527.83	4381.8567543
5.007	570.48450906	9994.629	518281.948513	9544.922	4090.48865374	10466.31	2915.83928305
5.008	578.383380251	10000.49	495502.98736	9495.117	3202.5382571	10498.54	3406.30070077
5.009	628.581866899	9999.023	581047.050561	9470.215	2448.61081339	10532.23	4416.96319588
5.01	568.779880482	9997.559	489402.446575	9503.906	2951.32038047	10545.41	3278.4242652
5.011	557.085187247	9997.559	498300.436911	9468.75	2558.57331129	10454.59	3108.99465042
5.012	566.251995049	9996.094	546854.4164	9500.977	3659.81599438	10485.35	2599.70718381
5.013	529.031697865	9994.629	448331.634729	9539.062	2704.92984905	10505.86	2480.97012083
5.014	530.261107783	9994.629	419612.042042	9508.301	3939.12979961	10476.56	2905.40828109
5.015	484.642592187	9999.023	439805.55474	9455.566	1738.76183899	10502.93	4027.47532356
5.016	495.593130453	9999.023	386417.465557	9549.316	1635.16101722	10454.59	3310.74100075
5.017	450.238502669	9997.559	424890.25034	9500.977	4100.89756375	10476.56	5298.32638344
5.018	470.244393192	9996.094	411567.542459	9517.09	2143.51174088	10527.83	1742.02243215
5.019	465.120942445	9996.094	358728.732023	9489.258	3411.16874709	10519.04	3176.93915522
5.02	419.585051377	9994.629	406686.37048	9528.809	3626.83608029	10454.59	3556.46257164
5.021	475.484933934	9999.023	317605.114853	9459.961	2743.60307276	10526.37	2803.46252448
5.022	435.625052299	9999.023	333206.407292	9481.934	3738.16944107	10478.03	3061.16025961
5.023	425.613404019	9997.559	346030.879155	9454.102	2644.78324784	10483.89	2500.10174843
5.024	408.403790381	9996.094	316431.019636	9549.316	3479.21250693	10460.45	3622.97272806
5.025	372.178978594	9996.094	350076.394475	9530.273	2940.36888001	10519.04	3362.57178196
5.026	390.468989064	9994.629	336179.353675	9536.133	2525.40882836	10516.11	1500.25409746
5.027	380.924740076	10000.49	305080.974598	9515.625	2265.4248886	10470.7	2141.57454464
5.028	402.107398295	9999.023	271270.005823	9471.68	2089.36030057	10479.49	3435.64099065
5.029	403.951839851	9997.559	242035.676789	9500.977	3191.91299187	10508.79	2205.99649531
5.03	371.743664229	9997.559	206043.408483	9514.16	3084.1357972	10536.62	2707.8730613
5.031	408.662029688	9996.094	233578.51194	9462.891	2255.88601989	10514.65	1835.23951062
5.032	383.153272539	9994.629	217551.98949	9468.75	3017.38380717	10476.56	3112.91342937
5.033	387.32138772	10000.49	225333.676475	9525.879	2313.62321568	10497.07	1691.44050756
5.034	416.284223404	9999.023	210339.052206	9541.992	3229.76781767	10516.11	3202.4485507
5.035	380.056939997	9997.559	178182.965457	9509.766	4340.50515586	10520.51	2943.50537934
5.036	460.259445275	9997.559	224284.299414	9533.203	2623.27624937	10478.03	3095.08895637
5.037	402.763361206	9996.094	197996.020317	9520.02	3144.87207059	10495.61	3648.19331518
5.038	411.842943274	9994.629	154143.061573	9531.738	3899.76433997	10488.28	2032.83363304
5.039	426.149778726	9994.629	118071.198728	9452.637	2233.15777378	10517.58	3066.6168022
5.04	401.435256007	9999.023	102765.71277	9539.062	2818.67191941	10479.49	3017.71600517
5.041	393.513020025	9999.023	90067.0250202	9468.75	1330.90635307	10504.39	2579.66121103
5.042	401.805203542	9997.559	72593.0192278	9454.102	3228.06728734	10546.88	2171.48413008
5.043	427.873510208	9996.094	87706.9619815	9462.891	4537.07358743	10527.83	3682.29925931
5.044	395.820999775	9996.094	65599.684256	9502.441	2268.27033734	10521.97	1689.40093995
5.045	378.329345453	9994.629	59171.5750663	9462.891	2665.43562822	10458.98	1831.09174857
5.046	394.667616341	9999.023	54510.3063315	9470.215	2450.16968091	10483.89	1545.25549515
5.047	422.757467439	9999.023	65346.9354975	9487.793	2354.35336425	10520.51	1645.0129732
5.048	407.777532439	9997.559	70634.0928491	9467.285	3394.89742447	10505.86	3165.50021329
5.049	377.070380114	9996.094	73079.1766326	9461.426	3120.59413263	10480.96	2240.08964143
5.05	402.272400656	9996.094	89785.0827309	9536.133	2329.59459502	10514.65	2244.16026638
5.051	436.431551515	9994.629	94815.7065485	9541.992	2123.73349096	10464.84	2047.71702614
5.052	417.572403314	10000.49	81511.4204214	9484.863	2610.10061187	10513.18	2920.78596302
5.053	424.955367981	9999.023	98396.2058215	9479.004	2635.52968204	10541.02	1698.05723294
5.054	428.477091741	9997.559	76932.5057518	9484.863	2902.82509491	10539.55	3235.79445376
5.055	411.469795135	9997.559	72884.4117212	9533.203	2378.69815777	10542.48	2920.15243202
5.056	391.64020735	9996.094	85661.2519727	9547.852	2573.85829288	10457.52	2399.93289689
5.057	437.332589262	9994.629	89049.9270824	9530.273	1895.14750823	10464.84	3147.49978976
5.058	432.670330065	10000.49	100431.478978	9468.75	1862.98432068	10527.83	1431.24760063
5.059	421.486022464	9999.023	139960.986396	9487.793	2393.69416685	10450.2	1910.74668134
5.06	556.601715286	9997.559	107966.338401	9461.426	6610.1398947	10460.45	3453.45440378
5.061	397.905863893	9997.559	108819.008011	9486.328	3082.68756679	10526.37	3242.36913043
5.062	418.530301249	9996.094	136225.961072	9465.82	1938.83913816	10505.86	3154.51751019
5.063	391.969970022	9994.629	112716.721521	9498.047	2086.71414522	10483.89	2652.53524144
5.064	415.321454009	9994.629	115963.012422	9464.355	1763.03319555	10473.63	2250.15775868
5.065	385.960293636	9999.023	113049.9519	9505.371	1876.25676204	10507.32	2120.28622898
5.066	387.549146115	9999.023	104605.842412	9477.539	2547.41153787	10527.83	2565.69916746
5.067	427.210113626	9997.559	102678.959253	9495.117	2395.13254551	10545.41	2766.73451024
5.068	411.847088579	9996.094	82395.0147305	9471.68	1985.79646498	10513.18	2696.8559721
5.069	440.19452621	9996.094	59252.032521	9536.133	2527.95904068	10498.54	2597.67472569
5.07	435.301565711	9994.629	66981.2757467	9521.484	1654.55531555	10513.18	2262.22528803
5.071	434.530095973	9999.023	50062.9677328	9454.102	2391.50995742	10464.84	2735.36107738
5.072	424.678453814	9999.023	59611.4958299	9546.387	4007.11171403	10535.16	3317.09817215
5.073	395.230340878	9997.559	67371.6378047	9522.949	2968.15015017	10526.37	3043.90043174
5.074	407.360542987	9996.094	75819.2756356	9521.484	3858.00261199	10533.69	3602.21343243
5.075	403.97263582	9996.094	73567.7932629	9476.074	2596.75368657	10485.35	2018.09331625
5.076	394.196869165	9994.629	94418.4226143	9525.879	3805.0965661	10532.23	2249.02967282
5.077	409.932328598	10000.49	79087.5741412	9533.203	2624.2803055	10511.72	1682.8339874
5.078	401.603564362	9999.023	81155.3687795	9541.992	2583.35391275	10514.65	2923.71680835
5.079	405.786318563	9997.559	66885.3189202	9547.852	1947.84543366	10542.48	3306.42493666
5.08	418.583718415	9997.559	59494.2285577	9541.992	3696.39190028	10480.96	3855.06673555
5.081	408.684489847	9996.094	48248.8444241	9496.582	2103.01381459	10502.93	3170.1896648
5.082	442.672360116	9994.629	53634.7109274	9518.555	1885.22720392	10458.98	3254.11916206
5.083	387.950788805	10000.49	79106.7809081	9471.68	1731.12762531	10461.91	1290.18891025
5.084	419.443092818	9999.023	70572.8689089	9479.004	1762.67035405	10519.04	1841.33291631
5.085	415.743469589	9997.559	85257.9992912	9474.609	2643.34424077	10546.88	3104.07031538
5.086	423.265311323	9997.559	86763.8286966	9506.836	3226.78013782	10464.84	3165.92700395
5.087	383.362326237	9996.094	94139.5248721	9512.695	3813.4181909	10539.55	3456.91106793
5.088	373.56075922	9994.629	91617.0613345	9476.074	2152.72184884	10504.39	2810.71822621
5.089	389.53841917	9994.629	91555.8927353	9511.23	1618.36078704	10472.17	2426.92776254
5.09	381.566717073	9999.023	102865.090946	9490.723	2522.50663427	10504.39	1888.49432781
5.091	353.587336577	9999.023	95465.1780242	9518.555	2378.17693542	10466.31	1993.02977272
5.092	380.008000402	9997.559	107986.454802	9528.809	1813.18902976	10505.86	3876.44448896
5.093	390.710764923	9996.094	86313.997708	9470.215	2448.17828954	10510.25	2835.86192737
5.094	379.274182393	9996.094	80641.6563129	9533.203	1649.34138712	10470.7	3955.19059591
5.095	420.932266545	9994.629	89740.9921559	9483.398	2431.17948191	10461.91	3082.49329185
5.096	444.119348375	9999.023	93456.0545216	9528.809	1875.6828868	10502.93	1680.14662274
5.097	409.892429895	9999.023	96798.3291478	9543.457	1469.78614341	10539.55	3259.01900019
5.098	440.674918036	9997.559	83269.8087937	9524.414	2288.12119219	10467.77	3600.54676559
5.099	466.499484186	9996.094	87083.408733	9543.457	2784.56719514	10541.02	2260.33308482
5.1	483.102293257	9996.094	86575.7015715	9451.172	2972.52975138	10511.72	2613.87689478
5.101	513.131781188	9994.629	123113.602213	9483.398	2535.91252642	10473.63	2583.30268252
5.102	527.965932385	10000.49	125459.242913	9530.273	4147.31843844	10480.96	2542.16710852
5.103	560.244681604	9999.023	165373.086375	9546.387	2740.35528815	10516.11	3098.05293295
5.104	588.037422717	9997.559	152929.134712	9544.922	3519.79246144	10500.0	3126.25931357
5.105	660.119572027	9997.559	180888.992462	9543.457	2839.496931	10502.93	4320.12349592
5.106	623.387595995	9996.094	198472.676643	9530.273	3378.66799098	10539.55	4977.29137004
5.107	633.217647146	9994.629	150707.120837	9489.258	4913.93254445	10517.58	2659.81623154
5.108	586.585208882	10000.49	114291.169921	9541.992	4559.99765557	10483.89	2619.30488685
5.109	520.717357298	9999.023	119238.333592	9454.102	3595.06804058	10549.8	3014.15967676
5.11	511.650042082	9997.559	114643.165534	9517.09	4647.57539844	10464.84	2680.66489384
5.111	475.048634892	9997.559	136044.443045	9489.258	2610.99715897	10538.09	3720.44575173
5.112	488.854562069	9996.094	162800.940828	9539.062	2768.83594068	10529.3	1812.1126337
5.113	475.402895921	9994.629	157285.500376	9470.215	3135.89492157	10454.59	3283.74617839
5.114	427.31208079	9994.629	252696.747528	9512.695	2571.53848366	10494.14	3250.60004192
5.115	374.829400879	9999.023	248576.109918	9505.371	2609.87281458	10536.62	3918.79017479
5.116	389.771457159	9999.023	251299.071372	9481.934	2888.09022992	10548.34	3184.78444692
5.117	397.523986031	9997.559	303281.006804	9499.512	3426.22207421	10529.3	3280.10741198
5.118	354.530260191	9996.094	301937.296599	9452.637	1670.43830434	10500.0	2818.30784397
5.119	360.153150077	9996.094	306674.484523	9467.285	1667.29754646	10472.17	2429.79393358
5.12	336.694988204	9994.629	413759.807458	9531.738	2595.99057573	10529.3	2022.3681408
5.121	319.964852918	9999.023	381579.739195	9524.414	2470.44855126	10475.1	2108.48593914
5.122	347.233827485	9999.023	412149.219069	9455.566	2679.82333368	10541.02	3446.27953525
5.123	296.817503859	9997.559	464310.214355	9471.68	1513.01415997	10548.34	2139.11510115
5.124	309.384913442	9996.094	386271.024824	9508.301	2296.84483098	10492.68	1961.19061676
5.125	308.361773041	9996.094	420636.257488	9477.539	2054.01790063	10546.88	1665.09890555
5.126	306.230468746	9994.629	391093.86174	9540.527	2017.33256031	10456.05	3437.30714784
5.127	319.192210132	10000.49	369676.949903	9484.863	1863.99492188	10497.07	1555.87891827
5.128	319.175096488	9999.023	463072.101113	9465.82	2247.40023523	10495.61	1787.61397413
5.129	309.728566809	9997.559	483533.948824	9541.992	2067.12890146	10510.25	1321.05750163
5.13	323.720975843	9997.559	482543.295548	9505.371	1736.90761063	10467.77	3163.7222341
5.131	299.307129073	9996.094	501078.553985	9512.695	2444.73592278	10530.76	1209.24125671
5.132	315.017730703	9994.629	431868.243832	9531.738	1677.6838247	10461.91	1659.7778623
5.133	317.079583272	10000.49	417684.875423	9484.863	1728.37281127	10520.51	1347.72163434
5.134	312.42721724	9999.023	401597.624298	9471.68	1820.0888296	10519.04	991.761293864
5.135	320.047161726	9997.559	310853.909221	9540.527	1824.9715157	10510.25	2423.82265773
5.136	317.877450622	9997.559	331459.936857	9518.555	2034.55144079	10466.31	2261.23579797
5.137	336.032889099	9996.094	352661.499095	9496.582	2431.94842246	10546.88	2315.12544023
5.138	327.911266954	9994.629	296907.831483	9517.09	2368.58016726	10464.84	2156.07961183
5.139	335.575386692	9994.629	366623.603561	9474.609	2810.70087182	10508.79	1543.80689953
5.14	331.24678322	9999.023	396727.95429	9486.328	3520.39631341	10529.3	2016.7465198
5.141	351.026014403	9999.023	339838.485014	9502.441	2011.28143284	10504.39	1539.08852027
5.142	346.296956059	9997.559	428763.531171	9546.387	3169.09056379	10535.16	2276.36609124
5.143	380.211175046	9996.094	433225.206267	9524.414	2084.68611632	10498.54	1715.01696695
5.144	383.140154677	9996.094	422840.321732	9452.637	3173.02563073	10494.14	1839.68029438
5.145	413.787564179	9994.629	483581.898159	9531.738	2402.37289362	10500.0	2993.81431587
5.146	458.619868753	9999.023	420153.743531	9495.117	2237.61619166	10467.77	4408.49724589
5.147	478.740125594	9999.023	414123.748078	9492.188	3605.70033952	10485.35	2212.87754392
5.148	414.313381237	9997.559	399730.872994	9483.398	1514.07931722	10507.32	2712.70792827
5.149	444.828159228	9996.094	346332.736118	9481.934	3604.8618233	10536.62	2463.38798491
5.15	460.015488772	9996.094	411023.116151	9505.371	2543.53604638	10469.24	4336.35171027
5.151	488.917866275	9994.629	377935.613227	9543.457	2769.46452407	10549.8	2186.67944357
5.152	501.082588778	10000.49	369321.583368	9493.652	1994.90006401	10461.91	2255.47238502
5.153	511.006839819	9999.023	421263.852681	9473.145	3089.91362646	10482.42	3454.37788896
5.154	537.015247602	9997.559	403728.443726	9489.258	3373.95396729	10497.07	2672.22243856
5.155	532.653975878	9997.559	387058.111865	9465.82	2386.46209181	10450.2	4959.29743438
5.156	569.857310447	9996.094	418259.838584	9520.02	2742.20696095	10480.96	2560.48332753
5.157	626.231873002	9994.629	367586.212887	9477.539	3592.53961814	10475.1	3905.69170133
5.158	635.626936607	10000.49	338303.267164	9479.004	3670.93227854	10482.42	3681.7668783
5.159	661.638786449	9999.023	319235.728097	9521.484	4267.0564264	10536.62	4324.86118017
5.16	678.837882462	9997.559	246726.64486	9480.469	3900.60094726	10510.25	2832.21558314
5.161	741.679402387	9997.559	233512.351272	9505.371	5625.65423395	10483.89	5600.01919305
5.162	784.304671057	9996.094	196631.40739	9465.82	4439.36650981	10527.83	4547.73669973
5.163	792.351836427	9994.629	141398.477564	9543.457	5353.8326497	10526.37	9067.34128952
5.164	826.280885175	9994.629	204142.112582	9536.133	6970.09143905	10457.52	3293.10291798
5.165	886.213882482	9999.023	191794.141271	9525.879	4413.63107287	10549.8	3348.44626335
5.166	950.360030386	9999.023	198618.027656	9509.766	8844.23237245	10482.42	5404.99632286
5.167	1048.51897972	9997.559	240860.151726	9480.469	6282.39832632	10483.89	5189.16457693
5.168	1132.8558907	9996.094	239479.864297	9521.484	7792.4750328	10478.03	11316.2463427
5.169	1225.7219251	9996.094	232108.581487	9462.891	7496.80427262	10456.05	4772.04466431
5.17	1219.1834645	9994.629	240992.641209	9549.316	6816.35559848	10469.24	10506.4037234
5.171	1434.0389396	9999.023	156580.373415	9493.652	8955.74358207	10502.93	7438.8926135
5.172	1611.38542435	9999.023	166241.568939	9490.723	9790.7170346	10483.89	8100.21228259
5.173	1742.30121268	9997.559	174729.626066	9502.441	7070.95809977	10546.88	16216.2324029
5.174	2015.47288683	9996.094	145152.092029	9522.949	13645.754164	10504.39	25442.6051821
5.175	2308.69618924	9996.094	127499.966708	9503.906	16560.3349895	10508.79	12426.5780943
5.176	2317.75816671	9994.629	121269.477172	9536.133	16714.6295611	10542.48	10655.6158602
5.177	3003.64247554	10000.49	115203.49729	9527.344	14982.8117959	10470.7	18910.1230444
5.178	3413.60839735	9999.023	145449.882949	9459.961	16919.0211683	10480.96	26358.7121949
5.179	4197.74632705	9997.559	69244.9662537	9498.047	25074.1428752	10457.52	18732.6522841
5.18	4840.15347319	9997.559	78445.1153107	9511.23	36858.8602501	10486.82	31081.5927937
5.181	4740.30646743	9996.094	22476.1376757	9496.582	24275.3579608	10497.07	49772.8187673
5.182	4747.74904178	10010.74	32954.9436622	9534.668	27709.5263321	10460.45	21639.0517275
5.183	5249.57193323	10009.28	31212.6373054	9462.891	34552.5838247	10530.76	33633.8087245
5.184	5266.52271026	9956.543	27766.233808	9506.836	37687.819601	10545.41	35116.3413437
5.185	5492.13773191	10023.93	43881.5123851	9527.344	43347.4235745	10519.04	52918.4587004
5.186	5604.69955764	10001.95	33004.0741419	9500.977	30967.7691108	10539.55	27286.5164083
5.187	5793.2070815	9958.008	31268.5394422	9530.273	32606.7459337	10486.82	35548.1509608
5.188	5614.87850092	9962.402	41293.8303437	9518.555	31627.6530762	10501.46	38188.6024684
5.189	5776.19266629	9994.629	171807.276488	9508.301	35485.0781984	10501.46	33864.7081196
5.19	5840.30696612	9999.023	141107.310389	9531.738	59665.9239394	10542.48	22810.9228012
5.191	5540.59132894	9999.023	268890.711526	9540.527	26594.3163916	10475.1	28968.320657
5.192	5188.10598871	9997.559	260218.399305	9452.637	35472.3210601	10456.05	48933.5959318
5.193	4035.26568344	9996.094	180182.412964	9476.074	23405.522598	10519.04	29222.4417053
5.194	3344.84739227	9996.094	239869.165331	9461.426	36770.8799367	10476.56	15038.8980807
5.195	3363.75757225	9994.629	180920.78093	9486.328	25803.4878236	10543.95	18458.8898398
5.196	3352.92016331	9999.023	141727.320346	9541.992	20956.6047269	10514.65	15435.5613316
5.197	3255.58450136	9999.023	102954.017332	9479.004	14013.0052565	10536.62	17975.905327
5.198	2866.56030933	9997.559	125033.428592	9506.836	21810.0318181	10532.23	10533.8835895
5.199	2776.90865486	9996.094	138943.870533	9546.387	20732.6696841	10497.07	22712.509948
5.2	2032.02270415	9996.094	93066.1289946	9530.273	11552.7028014	10461.91	16135.5439674
5.201	1810.0465944	9994.629	94997.666647	9476.074	12148.0988448	10529.3	12606.7841449
5.202	1425.78363337	10000.49	92077.3025366	9512.695	6733.06447938	10539.55	6376.01516233
5.203	1327.80696435	9999.023	71900.8523924	9454.102	7491.59894297	10543.95	9590.54904754
5.204	1131.10116696	9997.559	89430.0677082	9522.949	5960.59321116	10497.07	6150.4416894
5.205	988.307373513	9997.559	64159.3161199	9536.133	11312.2219088	10546.88	6968.90258273
5.206	901.127816199	9996.094	69213.3974926	9512.695	5611.73671456	10460.45	5407.46693621
5.207	764.680640733	9994.629	33144.3983801	9467.285	4015.43792518	10469.24	5537.32235172
5.208	722.886176249	10000.49	39557.4987024	9543.457	5208.01668125	10538.09	5295.9454176
5.209	706.679245901	9999.023	31769.4399859	9505.371	4039.50798751	10464.84	4216.93696042
5.21	627.48817039	9997.559	32473.4743223	9500.977	4114.03718586	10513.18	4123.8600975
5.211	587.066373638	9997.559	33107.9906206	9536.133	4510.5771088	10479.49	4664.3345202
5.212	592.912561623	9996.094	32007.5291824	9527.344	3748.3720502	10498.54	4373.27799162
5.213	604.914606057	9994.629	14030.5291218	9521.484	3815.66335797	10513.18	3123.35207818
5.214	568.971468057	9994.629	12070.2237719	9503.906	5121.36750563	10470.7	5817.62683212
5.215	540.378204994	9999.023	10496.4293154	9465.82	3353.42401192	10533.69	4118.6025245
5.216	498.599406661	9960.938	3567.36996969	9508.301	5385.79930643	10520.51	3658.16594866
5.217	511.022367414	9997.559	5860.11671974	9541.992	3402.99715765	10463.38	4205.14231685
5.218	520.771379439	9982.91	6194.65632809	9496.582	4492.9043397	10451.66	4962.54480298
5.219	506.844580211	9974.121	2886.57064457	9454.102	3425.31599312	10494.14	3502.42652304
5.22	503.973971027	9994.629	3886.56382992	9517.09	3066.93401587	10500.0	2455.01314015
5.221	452.51382515	9984.375	5565.29380715	9454.102	3264.96145368	10541.02	3138.21666659
5.222	460.070830398	9999.023	4630.3363524	9464.355	2859.57505438	10451.66	3518.0072869
5.223	412.663170955	9997.559	6124.62734944	9492.188	3470.97721894	10485.35	2232.90510537
5.224	454.446135593	9996.094	3149.82743949	9541.992	2179.47777985	10541.02	3129.39543654
5.225	453.179136482	9996.094	7811.90131678	9517.09	3318.14737115	10470.7	5018.67620004
5.226	397.192225347	9994.629	5551.54145502	9543.457	3304.30717655	10513.18	3743.87972881
5.227	487.16085932	10000.49	13327.1387262	9527.344	2876.31693876	10535.16	4060.46615698
5.228	437.047666287	9999.023	15211.4411229	9461.426	2315.96885949	10548.34	3143.40653788
5.229	491.2126692	9997.559	25387.1938504	9464.355	4244.91637042	10508.79	3310.84188741
5.23	474.815380876	9997.559	19148.9454887	9474.609	3444.20943662	10516.11	1796.96282433
5.231	462.029298683	9996.094	24350.7282758	9524.414	2279.6201762	10480.96	1612.15825952
5.232	430.111883392	9994.629	18753.268524	9546.387	2303.65377409	10519.04	3159.35484267
5.233	435.790478097	10000.49	25893.2435381	9480.469	4349.6313726	10461.91	2621.46546175
5.234	466.183436995	9999.023	22844.7964779	9465.82	2828.41715549	10536.62	4083.61122009
5.235	440.827054338	9997.559	21182.7732801	9452.637	4750.61811579	10495.61	2379.09470481
5.236	429.761849653	9997.559	14195.9327701	9525.879	2255.52409849	10482.42	3758.46270064
5.237	386.32135656	9996.094	20392.2896615	9496.582	1997.14577736	10494.14	2271.44487284
5.238	379.486636468	9996.094	17811.3201025	9511.23	1866.78274051	10523.44	3217.20415686
5.239	387.248361395	9994.629	22165.4898345	9515.625	2165.43493057	10517.58	2755.28449273
5.24	358.863002993	9999.023	10400.8187246	9512.695	3028.78669557	10507.32	2364.6456624
5.241	391.249649997	9999.023	6434.2218946	9541.992	2580.97383442	10469.24	2523.10730083
5.242	351.888662643	9997.559	4137.46832225	9461.426	1974.28020097	10536.62	1484.78371747
5.243	361.746122371	9996.094	3493.58483042	9549.316	2228.52587965	10464.84	3145.93731919
5.244	370.421623404	9996.094	4081.79402124	9462.891	3095.25412173	10542.48	4087.41787318
5.245	360.091654502	9994.629	6238.13817977	9515.625	3258.71862907	10451.66	2308.96111122
5.246	354.770488878	9950.684	4192.24598316	9479.004	2789.07464111	10507.32	2128.45202697
5.247	329.559333807	9999.023	7222.92677846	9454.102	1849.67868416	10483.89	2829.4080049
5.248	302.451019885	9997.559	5954.52083574	9506.836	1209.87556885	10467.77	1868.82580377
5.249	285.3551901	9997.559	4722.48069932	9515.625	1695.94930959	10467.77	1527.46809131
5.25	267.232796992	10038.57	2835.68995687	9547.852	1711.72478039	10495.61	1991.02217613
5.251	252.795788357	9994.629	6732.9001413	9464.355	1515.56564572	10513.18	4708.38609734
5.252	222.220674604	10000.49	9168.13807203	9473.145	1579.37763368	10535.16	1266.70656911
5.253	212.842941055	9999.023	11536.9639233	9514.16	855.157992723	10476.56	1241.81973598
5.254	215.373788317	9997.559	13220.8148539	9544.922	2384.33910387	10456.05	1028.22645775
5.255	197.272922207	9997.559	16449.9356367	9547.852	1091.37706268	10472.17	1426.36257448
5.256	196.096509223	9996.094	16755.7795223	9543.457	1368.30078699	10454.59	1145.31896682
5.257	190.383257735	9994.629	22868.3700503	9483.398	2859.32130486	10463.38	1314.4648647
5.258	185.156427263	10000.49	21959.8801359	9544.922	841.030671408	10482.42	1360.39147854
5.259	184.101937253	9999.023	28932.191325	9458.496	633.305235017	10454.59	1374.33615906
5.26	178.459827041	9997.559	28015.4200748	9533.203	809.150614806	10504.39	795.10895126
5.261	173.379533562	9997.559	38486.2012958	9534.668	1031.98214631	10463.38	1438.28963678
5.262	161.255299787	9996.094	39056.226576	9467.285	1667.27988856	10483.89	570.800775132
5.263	169.5697333	9994.629	37931.0113592	9521.484	1143.77687465	10549.8	544.719774105
5.264	172.260285768	9994.629	48263.5887357	9539.062	913.869939526	10480.96	1329.60230632
5.265	159.322534075	9999.023	46207.8371844	9544.922	1109.51674254	10516.11	1542.44945004
5.266	156.698178199	9999.023	35717.4327773	9525.879	958.979046943	10523.44	1275.42113933
5.267	144.224912959	9997.559	38386.8153134	9470.215	910.803191546	10501.46	1070.05354669
5.268	143.200201405	9996.094	36445.854056	9492.188	693.578614731	10461.91	768.927504135
5.269	148.877336119	9996.094	30941.2597649	9520.02	976.129270599	10488.28	1177.50576007
5.27	172.956613683	9994.629	37207.7161826	9454.102	1306.98204529	10546.88	1087.45999711
5.271	162.282566418	9999.023	28643.8033389	9511.23	1198.07454341	10508.79	837.219738637
5.272	145.852487651	9999.023	34476.0384383	9486.328	959.705892614	10476.56	761.111918095
5.273	150.539505264	9997.559	34772.942248	9499.512	690.495857753	10529.3	1192.76420607
5.274	143.110901421	9996.094	22978.7450434	9471.68	1070.75370988	10519.04	1281.61568338
5.275	152.040394068	9996.094	36271.8968443	9473.145	484.093962692	10526.37	828.704641557
5.276	144.652555891	9994.629	35457.7220196	9533.203	944.31513302	10485.35	725.164201213
5.277	144.167622029	10000.49	30837.0331197	9490.723	1000.61731325	10517.58	1003.32997629
5.278	145.731705687	9999.023	27664.4875488	9514.16	434.902926535	10549.8	896.448596994
5.279	132.806954872	9997.559	26932.7765359	9543.457	851.109901294	10542.48	887.500764262
5.28	255.639027008	9997.559	23987.2944074	9490.723	1398.78559016	10461.91	1842.60591696
5.281	134.62858816	9996.094	26908.3030987	9461.426	743.425072208	10549.8	691.578205036
5.282	136.748493022	9994.629	25296.4797195	9506.836	953.473831784	10510.25	626.373503911
5.283	144.404521504	10000.49	29786.245879	9537.598	960.739375807	10491.21	1438.16349561
5.284	136.684526429	9999.023	35433.8934275	9536.133	1227.37397945	10545.41	611.271700184
5.285	141.44435109	9997.559	40811.9354852	9525.879	662.765850853	10510.25	870.001454385
5.286	137.16430215	9997.559	45154.9199023	9528.809	1156.9906461	10463.38	871.790981796
5.287	143.027556761	9996.094	42283.3075988	9524.414	607.665541469	10519.04	749.291019767
5.288	137.785581665	9996.094	41375.2400316	9471.68	671.744139681	10495.61	609.173307119
5.289	133.656824924	9994.629	45728.5580506	9474.609	1019.61454346	10461.91	748.979505072
5.29	135.961204311	9999.023	35272.1075964	9459.961	591.775794889	10505.86	935.573590912
5.291	138.5727318	9999.023	31622.4455983	9549.316	420.101933537	10533.69	921.390450514
5.292	135.402508377	9997.559	27214.4509654	9474.609	576.041485558	10450.2	997.602414164
5.293	145.487698484	9996.094	25790.1016018	9458.496	657.726752917	10461.91	909.576689457
5.294	136.46816298	9996.094	41495.5827733	9490.723	725.482955471	10507.32	701.064084342
5.295	135.59770692	9994.629	55259.2977761	9506.836	530.205147696	10476.56	679.134000314
5.296	144.63722915	9999.023	43650.0187155	9534.668	882.451959033	10527.83	990.751418614
5.297	133.306667026	9999.023	63527.1606509	9499.512	892.731076442	10460.45	1256.16125325
5.298	145.379714251	9997.559	66647.7777754	9514.16	641.885516434	10524.9	627.266269932
5.299	138.138850312	9996.094	44940.8259338	9521.484	979.895576053	10546.88	1082.90128982
5.3	146.838275804	9996.094	46302.6010525	9527.344	1056.46036955	10453.12	865.278153337
5.301	142.221229379	9994.629	44219.6276485	9518.555	922.935993476	10542.48	781.868591189
5.302	131.938436026	10000.49	46676.9746924	9546.387	911.414763546	10504.39	858.548586153
5.303	134.328349334	9999.023	44799.5360814	9457.031	662.35354001	10524.9	933.495485854
5.304	139.5575793	9997.559	50853.7609641	9547.852	859.893966512	10532.23	777.038853316
5.305	139.942484111	9997.559	48420.655966	9500.977	940.945300444	10502.93	837.677277382
5.306	132.465281198	9996.094	67746.5332105	9496.582	877.28036777	10549.8	412.665892312
5.307	135.819373144	9994.629	59099.8747618	9500.977	933.17021579	10500.0	1166.24391465
5.308	143.589159471	10000.49	63164.9504524	9505.371	1036.92998519	10530.76	826.349804986
5.309	134.09200866	9999.023	58975.1226069	9524.414	724.603153294	10523.44	789.976154835
5.31	134.543651007	9997.559	41052.9850002	9489.258	728.330129474	10473.63	925.089141507
5.311	144.569735515	9997.559	39196.9148215	9514.16	1651.2309737	10549.8	662.806375919
5.312	146.163031505	9996.094	41243.1796377	9547.852	967.149483596	10478.03	1002.79175157
5.313	139.280577062	9994.629	28426.8668595	9451.172	959.750555357	10464.84	807.910184955
5.314	145.353159721	9994.629	25589.0732431	9518.555	639.521224297	10460.45	1240.79716115
5.315	144.425330391	9999.023	15884.2182994	9527.344	887.442283323	10532.23	888.778129923
5.316	142.710072881	9999.023	17052.8536705	9509.766	1134.49961108	10457.52	966.202078677
5.317	135.712197432	9997.559	7784.97808753	9492.188	1102.38718013	10450.2	752.559205183
5.318	145.908637838	9996.094	8171.3786546	9518.555	762.695468035	10486.82	1239.19899292
5.319	144.755338142	9996.094	3881.80946568	9511.23	885.56765134	10500.0	652.621547711
5.32	156.625420604	9994.629	3221.95367546	9527.344	849.962977151	10520.51	598.149956958
5.321	161.834182813	9999.023	3760.94705744	9496.582	819.361154529	10472.17	726.194092544
5.322	154.634165837	9999.023	4106.54832447	9490.723	861.613738609	10497.07	1079.17349693
5.323	153.729849152	9997.559	5262.587856	9486.328	1296.73540977	10507.32	727.348618353
5.324	182.888174391	9996.094	4013.01307748	9528.809	617.094708949	10473.63	1877.06067056
5.325	166.853967874	9996.094	3066.80330624	9527.344	830.362828989	10450.2	1181.3322533
5.326	170.8939723	9994.629	3721.0072167	9471.68	855.502260278	10488.28	1396.14247687
5.327	158.502521671	10000.49	3109.58321956	9470.215	1003.02307432	10458.98	1218.12151155
5.328	165.600081791	9999.023	2863.31971839	9464.355	1034.05871393	10521.97	1192.98594466
5.329	172.862620285	9997.559	3117.30685814	9496.582	1094.15541655	10548.34	1256.66494106
5.33	176.515697448	10004.88	1140.27748403	9549.316	674.969732061	10466.31	1049.08869582
5.331	166.97899254	9955.078	1181.14298017	9543.457	490.041955135	10461.91	921.984653771
5.332	160.572977054	10018.07	1222.90834419	9492.188	1896.64343742	10461.91	1409.69018532
5.333	175.970117929	10000.49	2525.74528397	9451.172	1190.16521786	10460.45	757.191956524
5.334	169.179756022	9999.023	1706.46294494	9518.555	2317.79510216	10527.83	1190.27421863
5.335	174.319256176	9999.023	2345.13167742	9547.852	1100.88028295	10488.28	747.448641697
5.336	167.54934939	9997.559	6424.57964856	9464.355	1690.83358654	10495.61	1061.24820085
5.337	167.256555225	9996.094	6281.26567912	9498.047	693.127668781	10453.12	828.810437986
5.338	173.801581869	9996.094	9641.93021664	9527.344	1107.07850558	10491.21	1052.50696058
5.339	167.438544319	9994.629	12875.1160877	9476.074	1414.00379789	10514.65	716.989673953
5.34	162.692870224	9999.023	16038.4497824	9530.273	802.078768595	10467.77	774.26772471
5.341	183.654312659	9999.023	13173.4406901	9521.484	1244.2655218	10549.8	912.241367992
5.342	175.196671527	9997.559	20996.8018441	9467.285	1157.75180472	10533.69	927.395625696
5.343	174.257407489	9996.094	23465.8756898	9530.273	875.219992763	10541.02	911.900101444
5.344	187.541603527	9996.094	26855.8798484	9533.203	1058.42973624	10501.46	853.197839214
5.345	177.621965184	9994.629	38245.2414712	9509.766	1552.71817501	10482.42	728.041196125
5.346	189.220095644	9999.023	36311.6241507	9493.652	817.287690932	10538.09	1114.65891805
5.347	176.774245405	9999.023	31206.4505554	9487.793	1000.40622657	10502.93	759.494243898
5.348	187.750365812	9997.559	38376.7926734	9481.934	1179.82988554	10472.17	1687.96166654
5.349	180.384566371	9996.094	27926.0257991	9464.355	899.144292194	10526.37	1498.58566432
5.35	181.789817181	9996.094	40961.1103367	9493.652	911.123342998	10466.31	1574.90516332
5.351	201.510187695	9994.629	50813.9729193	9487.793	1337.53140621	10539.55	1719.55000202
5.352	208.156226291	10000.49	46604.463184	9455.566	1069.32701974	10536.62	1786.3536622
5.353	198.352687	9999.023	51734.3195983	9495.117	1316.59349233	10472.17	1191.91182339
5.354	175.919379404	9997.559	50897.2234724	9474.609	1762.31183204	10473.63	1471.94953673
5.355	199.082447097	9997.559	39980.1075459	9515.625	1593.09055587	10450.2	924.393241688
5.356	214.143681377	9996.094	41437.2276084	9480.469	1671.54835898	10510.25	1339.16593269
5.357	207.578007431	9994.629	28402.0826197	9524.414	865.53747861	10527.83	1342.22368724
5.358	210.437559624	10000.49	32118.1578116	9503.906	996.811964982	10478.03	1175.65393676
5.359	209.190767149	9999.023	28299.9711572	9489.258	1028.13753211	10511.72	1885.03362763
5.36	197.251684628	9997.559	24963.0058423	9502.441	788.534022805	10497.07	1558.5040361
5.361	241.871364143	9997.559	25599.3679392	9528.809	1233.75968247	10495.61	1344.10423321
5.362	234.632867147	9996.094	28942.1573861	9483.398	1195.05187615	10538.09	1688.76974174
5.363	213.517302981	9994.629	26506.0031526	9522.949	1215.70415817	10453.12	1669.42802902
5.364	221.005318452	9994.629	27824.6292368	9524.414	1291.75397257	10519.04	1882.91045214
5.365	227.377607468	9999.023	23154.2721735	9522.949	2096.00599269	10504.39	1675.10345319
5.366	258.513725046	9999.023	31967.7063332	9512.695	1306.07662792	10480.96	1897.33248363
5.367	264.670743882	9997.559	34338.7946664	9502.441	935.822549703	10520.51	1810.42256504
5.368	249.002715275	9996.094	47561.8350479	9503.906	1127.80141017	10464.84	1224.23313999
5.369	249.294782529	9996.094	40322.0703762	9470.215	1482.3296052	10469.24	2175.77255055
5.37	262.698077126	9994.629	44142.2742322	9511.23	1648.47481144	10526.37	1564.7227126
5.371	271.453763538	9999.023	27319.2616216	9489.258	2417.44395459	10461.91	1323.58075686
5.372	297.079168333	9999.023	54760.5110344	9540.527	2628.60028115	10519.04	2103.66846253
5.373	350.803723485	9997.559	44597.1232719	9530.273	2134.12170088	10501.46	2351.6611021
5.374	325.733970234	9996.094	37391.2759431	9520.02	3108.51137659	10510.25	1671.2026973
5.375	309.931716908	9996.094	46329.5454541	9476.074	1693.55489562	10510.25	1925.65720682
5.376	263.155278423	9994.629	65477.2025002	9524.414	2031.11315523	10483.89	1982.19389193
5.377	283.304549024	10000.49	51442.1557516	9500.977	1134.38704788	10494.14	2064.27449207
5.378	326.909978091	9999.023	60492.1129611	9461.426	2923.81621077	10530.76	1121.19874613
5.379	305.334807622	9997.559	66291.0797986	9525.879	1887.56228976	10526.37	1562.67319499
5.38	305.692815615	9997.559	56691.9175551	9458.496	2842.73001964	10466.31	2143.63775136
5.381	307.087358741	9996.094	72451.1497626	9541.992	1220.31999976	10480.96	1569.65712009
5.382	330.987959106	9994.629	68020.6100099	9539.062	1937.57541	10467.77	1964.76063133
5.383	340.847836943	10000.49	67248.943372	9465.82	3555.86057381	10542.48	2324.93814021
5.384	347.327256116	9999.023	53050.0581447	9492.188	1146.754783	10523.44	1779.66349515
5.385	338.310545639	9997.559	45831.1155457	9487.793	3678.58165208	10478.03	2266.71383533
5.386	332.123197907	9997.559	43768.9145106	9454.102	1291.57998157	10456.05	2968.75381592
5.387	335.6992163	9996.094	44197.8676052	9511.23	1453.53312014	10524.9	2041.26233176
5.388	298.372236195	9994.629	40660.056402	9528.809	1697.8059504	10545.41	2127.4594144
5.389	337.213734678	9994.629	41117.6953835	9524.414	1958.50213407	10510.25	1788.97703168
5.39	344.156587676	9999.023	35214.6331335	9527.344	2002.8148048	10508.79	1798.67484503
5.391	368.882891631	9999.023	30882.8686188	9486.328	2664.30639484	10495.61	1293.1736119
5.392	381.711666052	9997.559	41217.4208007	9490.723	1745.20688188	10485.35	1630.29124174
5.393	391.203447219	9996.094	28149.7836836	9541.992	1582.25739304	10485.35	2761.18608594
5.394	409.598915437	9996.094	20563.6745688	9518.555	3718.62070828	10460.45	2643.64720339
5.395	424.849546281	9994.629	28479.7035037	9512.695	2474.78940728	10523.44	2603.12456354
5.396	430.645530956	9999.023	29136.051935	9467.285	2300.04475046	10483.89	3437.73034024
5.397	460.467002529	9999.023	31013.3760267	9533.203	2582.49924126	10530.76	1979.94085079
5.398	456.752935253	9997.559	41103.5845808	9541.992	1838.90084404	10472.17	2754.66570893
5.399	514.941258878	9996.094	50996.1253212	9489.258	2645.60926595	10500.0	3259.79961977
5.4	548.581350575	9996.094	52332.4066847	9498.047	3299.29167978	10546.88	3909.86251513
5.401	607.251800847	9994.629	51518.8942107	9527.344	5444.07611619	10504.39	3012.44304429
5.402	599.013061255	10000.49	37572.3230742	9492.188	4357.43599403	10460.45	3283.36387423
5.403	763.244571825	9999.023	41696.791859	9484.863	3144.9269206	10482.42	8133.27781607
5.404	750.933136	9997.559	39348.1361452	9546.387	4199.96993574	10491.21	3103.33448014
5.405	740.724862932	9997.559	38374.9532481	9452.637	4831.41252695	10488.28	4248.67471688
5.406	934.78229185	9996.094	28072.6504899	9515.625	8539.37673344	10466.31	5196.51257102
5.407	1181.68685302	9994.629	43734.0438089	9489.258	10071.7347476	10530.76	13707.8305836
5.408	1240.95716391	10000.49	54654.6962849	9481.934	9041.58780302	10543.95	7130.31925266
5.409	1267.63508525	9999.023	38270.0910259	9515.625	9457.23796573	10511.72	10109.2107065
5.41	1227.23716072	9997.559	47070.2821718	9543.457	5986.1968288	10530.76	9962.7771188
5.411	1202.59609352	9997.559	43499.8249825	9464.355	6885.73061606	10463.38	7290.2440133
5.412	1262.05152967	9996.094	62017.0060552	9543.457	6183.85387983	10517.58	8673.6975482
5.413	1216.7615186	9996.094	52474.2260568	9483.398	4389.29997256	10467.77	6355.15647551
5.414	1354.85350292	9994.629	35053.5748018	9502.441	12151.4436178	10456.05	11535.0691153
5.415	1566.83956038	9999.023	64414.841759	9520.02	6533.02637706	10494.14	7625.77229393
5.416	1869.12659575	9999.023	83738.3632658	9486.328	10264.3013096	10546.88	19426.339941
5.417	1808.46177829	9997.559	87213.3499893	9527.344	13126.7493288	10524.9	15506.8258966
5.418	1656.95544577	9996.094	70676.0074188	9458.496	9079.47297957	10458.98	12563.4665329
5.419	1750.07068096	9996.094	82877.7868899	9511.23	9457.79647102	10530.76	13546.0847627
5.42	1681.68629743	9994.629	100183.761625	9539.062	6336.85471249	10511.72	12421.3136161
5.421	1675.09440262	9999.023	71526.6015397	9468.75	9879.54286417	10542.48	11896.4317527
5.422	1609.15824754	9999.023	58790.9523209	9490.723	12904.5706298	10486.82	10905.0481885
5.423	1587.23029295	9997.559	69937.9298294	9486.328	9428.98053278	10538.09	12261.5885777
5.424	1794.76650934	9996.094	34290.4805859	9525.879	9235.16853223	10460.45	14259.8108949
5.425	1561.3997502	9996.094	48064.6228429	9508.301	10712.4116703	10489.75	14801.4536092
5.426	1251.19671442	9994.629	78312.7978365	9479.004	9177.53930462	10542.48	3869.39832746
5.427	1197.08519932	10000.49	57547.5649743	9515.625	9308.62556397	10536.62	7424.38623092
5.428	1449.52462058	9999.023	55585.5694882	9528.809	9697.99675894	10521.97	6138.27637775
5.429	1282.16032185	9997.559	51453.623974	9517.09	7380.57828273	10513.18	6770.17453785
5.43	1603.21276736	9997.559	41583.1025386	9476.074	8553.67226911	10460.45	10829.8264435
5.431	1204.84955786	9996.094	51353.1776352	9539.062	8932.03044375	10543.95	12343.4831968
5.432	1336.20828683	9994.629	29194.8738817	9483.398	11106.928872	10504.39	10884.5642856
5.433	1575.21682386	10000.49	45116.6972168	9495.117	12521.3611411	10536.62	9720.81050855
5.434	1404.46870739	9999.023	65050.9697772	9487.793	8610.9213643	10541.02	10613.8892413
5.435	1706.31129558	9997.559	25568.3516165	9537.598	9121.43693276	10529.3	13048.835742
5.436	1937.46493627	9997.559	36005.3776065	9509.766	8801.39179687	10523.44	11740.9842312
5.437	1561.1795667	9996.094	41019.2106776	9524.414	12862.3585359	10532.23	7442.16696872
5.438	1385.76190255	9996.094	48944.6112362	9524.414	7016.63252313	10454.59	4975.70154914
5.439	1344.71890641	9994.629	52685.4814574	9511.23	7762.41814108	10450.2	11320.9997276
5.44	1489.12000433	9999.023	29624.9973395	9484.863	7631.29785778	10533.69	5934.99157736
5.441	1413.23909013	9999.023	32954.7408661	9476.074	7272.22729988	10501.46	11265.2538475
5.442	1379.3970129	9997.559	26365.5118985	9455.566	13653.8598619	10466.31	13540.2296497
5.443	1434.96842593	9996.094	40271.0469051	9479.004	12503.7227766	10453.12	11946.5424943
5.444	1144.09223613	9996.094	26947.4867055	9534.668	9015.52593146	10538.09	6939.25954443
5.445	1110.81573626	9994.629	26936.2523184	9541.992	9617.27441016	10521.97	5529.38253085
5.446	1113.82368612	9999.023	22521.0280769	9477.539	8494.09592698	10463.38	5762.82852485
5.447	1213.45450374	9999.023	23222.8528764	9515.625	7821.14332178	10508.79	8731.50617715
5.448	964.305602175	9997.559	27567.1667041	9467.285	4660.31835425	10542.48	8289.0237247
5.449	914.547270871	9996.094	39799.0010171	9487.793	7047.11114598	10529.3	5176.00533918
5.45	674.735839565	9996.094	31092.2610839	9549.316	2740.4635407	10514.65	5119.76319512
5.451	668.330729613	9994.629	24234.354147	9541.992	5041.82249816	10505.86	2974.36013464
5.452	872.997148509	10000.49	36982.2001696	9462.891	4953.98871523	10508.79	4947.06417622
5.453	754.641756314	9999.023	32174.1060137	9502.441	6635.92129728	10473.63	4301.92716345
5.454	810.070731534	9997.559	35565.4924784	9503.906	4584.24399344	10475.1	3538.51900203
5.455	741.390639286	9997.559	31287.3536817	9496.582	3861.64953767	10532.23	4688.71029189
5.456	745.551724636	9996.094	35577.4360104	9499.512	3897.35568555	10513.18	3204.37007254
5.457	683.557845217	9994.629	26414.7104401	9490.723	4988.63574903	10545.41	3873.78469227
5.458	579.353979515	10000.49	40012.3908006	9546.387	3920.37252525	10548.34	2721.04347439
5.459	588.841166131	9999.023	29151.8264955	9480.469	3174.71627954	10500.0	4056.4350118
5.46	526.442142612	9997.559	35652.0403336	9465.82	1960.79095583	10545.41	3737.31123341
5.461	469.279205294	9997.559	49660.6247862	9517.09	2567.63102963	10504.39	2222.83195602
5.462	436.015330291	9996.094	44400.84985	9499.512	1644.92598562	10523.44	2457.36219209
5.463	367.894531323	9994.629	33189.4681614	9531.738	3140.8129316	10516.11	2342.72578153
5.464	412.634263181	9994.629	38791.6179974	9515.625	2732.67069131	10546.88	2066.3231628
5.465	367.091420097	9999.023	23194.0179112	9454.102	1839.39176269	10501.46	3071.55767071
5.466	359.467800608	9999.023	20243.3595275	9522.949	1928.0885498	10529.3	3263.82585056
5.467	381.29993891	9997.559	23533.8032536	9484.863	3022.21040867	10542.48	1518.17510444
5.468	376.184330392	9996.094	26378.042416	9452.637	2575.70047817	10475.1	1739.97968638
5.469	337.981871609	9996.094	29072.3920568	9474.609	2827.81487242	10507.32	1738.65976632
5.47	409.559339705	9994.629	23247.8518802	9487.793	3086.22859262	10478.03	2276.31906727
5.471	373.823030206	9999.023	25644.1315226	9484.863	2923.25996827	10546.88	3629.63997099
5.472	386.7571675	9999.023	23249.0326718	9540.527	2108.90812756	10521.97	1233.79338887
5.473	379.499517544	9997.559	19587.2399907	9496.582	2061.09269315	10510.25	2211.34678228
5.474	393.222742588	9996.094	11328.9112874	9484.863	2354.61951896	10502.93	2742.31727006
5.475	457.115303781	9996.094	21872.4046456	9455.566	2277.82498025	10527.83	2856.49139644
5.476	505.846936848	9994.629	8629.47963737	9496.582	3437.2111518	10519.04	2516.25132127
5.477	454.853210758	10000.49	7307.31237867	9481.934	3063.67282471	10469.24	2382.08469849
5.478	456.384285939	9999.023	5845.93165365	9500.977	2704.76260753	10482.42	2674.91112364
5.479	477.00156371	9997.559	8872.08058917	9500.977	3014.31031356	10482.42	2736.4144316
5.48	539.940386003	9997.559	5779.57896704	9493.652	4274.73029848	10461.91	4773.3638079
5.481	474.406533946	9996.094	12342.2296023	9498.047	1839.97751993	10479.49	2464.11550158
5.482	397.89127299	9994.629	13330.3667847	9492.188	2199.26748492	10530.76	2748.77869189
5.483	406.93285884	10000.49	17282.4806561	9468.75	3625.19021177	10480.96	2736.34590835
5.484	393.56349011	9999.023	18474.4341918	9498.047	1549.65427676	10489.75	2394.06810642
5.485	370.403582581	9999.023	11495.5550422	9459.961	2390.45145895	10458.98	2097.43170801
5.486	370.114070643	9997.559	24205.011675	9495.117	2471.59223611	10539.55	2621.68790513
5.487	368.673713141	9996.094	9005.95437616	9547.852	1448.66223269	10458.98	2000.90818228
5.488	351.988793772	9994.629	11511.7378072	9454.102	2955.36863786	10480.96	2086.60346412
5.489	362.794369412	9994.629	13020.5935441	9511.23	2652.51779245	10470.7	2219.68880959
5.49	360.991410944	9999.023	7391.90010145	9521.484	2517.19414491	10457.52	3523.00176181
5.491	323.116452106	9999.023	10851.2279936	9476.074	1866.86319493	10520.51	1993.36426128
5.492	350.156859628	9997.559	7588.72875129	9512.695	2712.44249413	10476.56	2852.83368316
5.493	334.706050932	9996.094	6681.13014826	9544.922	1854.13037103	10538.09	2037.53451207
5.494	322.207965146	9996.094	7326.60032908	9502.441	2231.00811224	10533.69	1664.05960666
5.495	326.91773615	9994.629	7886.58452535	9503.906	2265.50652699	10526.37	2370.517948
5.496	333.186304472	9999.023	6924.32006239	9474.609	1621.22091865	10495.61	1481.22730619
5.497	329.332200949	9999.023	5834.01165836	9465.82	3421.06394073	10488.28	3201.42896906
5.498	343.067707707	9997.559	10347.5335886	9458.496	3344.00120964	10541.02	2889.37101725
5.499	349.024983192	9996.094	8236.02039714	9459.961	1642.17303798	10469.24	3060.08360482
5.5	826.113272155	9996.094	11861.7270191	9454.102	4799.74488496	10517.58	5848.86482637
5.501	328.438219664	9994.629	10415.6083682	9489.258	1581.49840093	10514.65	1234.93357687
5.502	321.150925903	9999.023	7681.52638012	9531.738	2304.87257282	10492.68	3534.88960281
5.503	370.24080351	9999.023	3758.75917054	9537.598	2217.01922051	10464.84	1693.14631669
5.504	326.143798188	10041.5	2946.82470021	9508.301	2346.02011009	10495.61	2983.72474917
5.505	343.295386803	9997.559	5328.30816731	9509.766	1846.34201744	10513.18	1764.62294839
5.506	315.409809832	9996.094	6807.25015198	9515.625	2196.97027978	10451.66	1284.43861109
5.507	362.315275804	9966.797	2494.38710904	9470.215	2219.34686519	10504.39	1963.72293611
5.508	334.585050472	10026.86	2612.1228573	9481.934	2179.13231398	10497.07	2860.7767038
5.509	343.39809013	9994.629	2968.87904551	9525.879	2170.94242825	10541.02	3237.10891303
5.51	359.905662784	10000.49	3971.77263424	9496.582	2085.6964899	10489.75	2483.76729107
5.511	366.50871014	9997.559	3744.23548014	9541.992	1949.61616734	10538.09	2364.76775188
5.512	363.855686224	9979.98	3241.0682831	9489.258	2748.58333444	10526.37	1940.25010012
5.513	447.151860793	9996.094	5972.17556205	9468.75	3850.26106146	10546.88	2298.70227513
5.514	442.081340584	9994.629	3123.84342915	9539.062	4319.32787247	10450.2	2640.22649714
5.515	446.192469288	10016.6	2365.67757415	9484.863	3611.93943774	10504.39	1407.02122004
5.516	541.285766568	9999.023	7859.76225544	9511.23	2395.15264315	10483.89	3518.9466999
5.517	640.295777118	9997.559	7330.90162748	9547.852	4759.07236196	10497.07	3258.54664396
5.518	657.908146986	9997.559	8597.47122377	9486.328	5121.39760543	10507.32	4698.3367057
5.519	820.713704109	9996.094	11318.7785987	9509.766	5279.17511929	10456.05	7669.64429829
5.52	928.572801205	9994.629	6980.76043984	9473.145	5823.14730477	10453.12	11330.5274628
5.521	892.345614475	9999.023	11267.6783331	9502.441	7844.55908966	10466.31	7836.97538368
5.522	946.725339073	9999.023	19588.9124541	9508.301	6181.964828	10513.18	4379.74907825
5.523	836.635501774	9997.559	11099.9270422	9477.539	5882.97867116	10501.46	4047.76633937
5.524	751.485843771	9996.094	25856.1861939	9457.031	4011.76048988	10523.44	7805.08593733
5.525	723.364821798	9996.094	14245.7120818	9474.609	3920.31971874	10472.17	3478.45926293
5.526	716.385695335	9994.629	27301.1184914	9543.457	6611.02973823	10513.18	3847.97649776
5.527	742.151608999	10000.49	16630.293221	9480.469	8770.41921202	10466.31	4166.62000127
5.528	762.260556395	9999.023	16373.5291666	9461.426	4417.60742736	10548.34	4817.01835145
5.529	833.207435124	9997.559	10559.2024133	9471.68	6500.44158058	10458.98	3709.03613469
5.53	883.420043576	9997.559	27100.8333171	9521.484	3998.70842093	10514.65	6530.5332158
5.531	933.925930064	9996.094	13903.6470965	9493.652	8428.82432542	10482.42	5948.30684598
5.532	1057.98982575	9994.629	22232.1580804	9496.582	6213.38442735	10461.91	4438.99231139
5.533	1204.18251232	10000.49	29211.8505624	9514.16	6692.2936331	10498.54	7949.14716417
5.534	1312.29844398	9999.023	23256.58943	9527.344	5390.33103493	10504.39	9974.84898876
5.535	1480.74371213	9997.559	14942.7504186	9451.172	13508.2083113	10548.34	7023.3203008
5.536	1461.1894447	9999.023	12146.791061	9506.836	6082.02470303	10467.77	8653.26182579
5.537	1611.52689099	9994.629	17882.6290782	9489.258	12779.3949655	10549.8	8328.80564493
5.538	1767.03226762	9997.559	11550.9861922	9471.68	6725.2315897	10456.05	12311.7195221
5.539	1949.99106451	10018.07	13884.9716354	9509.766	12949.0397743	10497.07	12113.7227322
5.54	2298.49193981	9968.262	12076.3066144	9474.609	7377.4677154	10501.46	10723.0698239
5.541	2345.69111445	9987.305	10011.2017591	9533.203	13225.270346	10456.05	23830.333814
5.542	2383.19493941	9997.559	18397.0518671	9483.398	9928.60979779	10542.48	8272.3168155
5.543	2828.66337022	9979.98	13275.625665	9547.852	24417.5804804	10497.07	19033.2024875
5.544	3277.97979418	10009.28	25480.8207754	9451.172	26474.8147307	10476.56	26164.8344832
5.545	3352.9499793	9958.008	21308.2963189	9471.68	17083.5565638	10472.17	22015.0724685
5.546	3320.82342391	9999.023	16787.2350862	9496.582	25329.8973233	10467.77	17411.3402405
5.547	3928.0731998	10029.79	30139.757319	9498.047	40540.2178595	10502.93	18726.5303751
5.548	4129.95709441	10025.39	16552.9082619	9459.961	16022.7250458	10486.82	28176.9537881
5.549	5033.20751123	9999.023	24150.8868594	9530.273	26039.0403646	10454.59	31521.1322747
5.55	5340.2848342	9982.91	29523.3260137	9479.004	29475.925074	10538.09	37490.2557225
5.551	5932.45756246	10026.86	34114.14389	9543.457	31764.4847041	10529.3	48045.1993339
5.552	5826.03654509	9991.699	20256.4552145	9541.992	31541.4594667	10539.55	33892.9183616
5.553	6167.04640694	10006.35	47570.4997475	9458.496	38945.5011004	10478.03	66359.0759857
5.554	7439.90798343	9984.375	47095.8786659	9481.934	49598.8708679	10524.9	86609.1435544
5.555	7100.28299042	10013.67	34835.9464235	9474.609	61594.9785167	10488.28	38088.471099
5.556	7569.71632712	10001.95	73434.5885441	9537.598	54719.9125358	10516.11	45299.7117995
5.557	7066.54567757	10001.95	49038.6071323	9479.004	32904.6205116	10511.72	40942.6563412
5.558	7716.83316458	10038.57	40027.5211472	9515.625	82407.7563318	10526.37	62703.6053627
5.559	7969.37846134	9962.402	27435.9479467	9549.316	29029.3793412	10458.98	31635.8421095
5.56	7490.26306243	10009.28	44166.4728	9487.793	56640.0509182	10521.97	59664.128156
5.561	7965.90221133	10021.0	29732.9181864	9479.004	46119.525861	10508.79	51536.0083101
5.562	7576.15984162	9968.262	49832.7230288	9521.484	44781.9167809	10504.39	53655.0117233
5.563	6712.68000112	9987.305	36218.1746756	9528.809	40720.2775044	10535.16	40333.0524169
5.564	7357.96985503	10018.07	45778.6393949	9487.793	40543.879568	10482.42	51448.862275
5.565	6909.0749717	10041.5	37206.1756349	9517.09	58364.8971229	10479.49	54916.1659371
5.566	6648.95666288	10045.9	43527.8294323	9544.922	49176.1838552	10549.8	26044.5100007
5.567	6590.87503563	9997.559	55146.04538	9524.414	38356.6194702	10505.86	40285.3021488
5.568	5935.44032781	9984.375	34122.1483464	9471.68	32634.125728	10511.72	61635.2253591
5.569	5353.72743321	9984.375	61186.5202389	9503.906	48947.775554	10491.21	36250.6570861
5.57	5157.8139565	9990.234	29676.7733811	9468.75	35706.0350754	10500.0	42324.2594029
5.571	4716.39610964	9962.402	23875.2353989	9537.598	47025.2774946	10456.05	31504.8766257
5.572	4423.45035398	10040.04	42195.581051	9492.188	44082.8302876	10482.42	25853.0096722
5.573	3519.04233017	9987.305	31675.4883444	9531.738	17715.842073	10546.88	18324.7435607
5.574	3104.81221475	9977.051	35584.1671035	9457.031	20008.9082932	10501.46	19493.573757
5.575	2999.44111106	10023.93	17851.9748573	9483.398	15115.9864527	10466.31	20880.6121482
5.576	2957.21570766	9996.094	8452.37314882	9459.961	21529.7205313	10548.34	23753.4240969
5.577	2656.17090505	9978.516	15813.9171913	9484.863	11753.2160363	10505.86	25204.3270066
5.578	2348.11119825	10028.32	11388.8718463	9533.203	8915.96995251	10466.31	26180.8100602
5.579	2078.99404001	9952.148	17064.2820959	9528.809	15305.2608958	10485.35	11050.381847
5.58	1913.30370619	10012.21	17027.8551479	9524.414	10412.1126649	10527.83	8637.95093525
5.581	1781.563231	9996.094	11222.6177534	9512.695	9988.23346612	10460.45	11525.8788449
5.582	1506.76997392	9981.445	10121.242999	9498.047	8825.68587055	10450.2	9062.15038438
5.583	1576.08822436	10000.49	15362.3070452	9452.637	9176.2220786	10475.1	9242.75468878
5.584	1387.14718454	9999.023	12152.3149564	9496.582	10362.0100768	10454.59	9701.63279963
5.585	1304.59584706	9997.559	11339.9518374	9502.441	6086.92343408	10502.93	11917.5237956
5.586	1121.67613107	9997.559	11479.1734963	9509.766	6883.13617652	10458.98	8156.56062863
5.587	1098.85771349	9996.094	7651.07233291	9464.355	5980.68905051	10526.37	7537.80224987
5.588	1027.63652642	9955.078	4928.44984934	9455.566	9161.37937891	10505.86	5433.36958029
5.589	1046.40452385	9994.629	7847.29105823	9544.922	7230.99899713	10488.28	7737.47350477
5.59	941.606877489	10035.64	4748.42840097	9524.414	7734.02733234	10516.11	4290.72615137
5.591	945.247003155	9999.023	8679.79774205	9517.09	7255.79897504	10450.2	6635.21904917
5.592	879.071826383	9997.559	13812.202999	9458.496	9724.34159844	10464.84	5249.78706516
5.593	915.73535862	9996.094	10781.5984225	9525.879	7231.54807706	10483.89	5690.38561312
5.594	851.022334278	9996.094	9492.02337134	9480.469	7864.70082281	10461.91	5436.91299082
5.595	917.419836546	9994.629	18195.9461059	9484.863	5925.28856569	10486.82	5180.18828268
5.596	847.230890666	9999.023	15860.0814112	9480.469	2804.65764742	10527.83	4269.21078685
5.597	797.550266878	9999.023	7960.36756354	9458.496	5115.96936327	10524.9	7478.77708374
5.598	864.435230834	10037.11	4879.51524639	9470.215	5420.18633944	10488.28	6582.66541073
5.599	825.64425834	9996.094	7049.96851055	9489.258	4920.49736908	10517.58	4241.56208287
5.6	863.589961399	9996.094	6106.71075166	9506.836	3696.00862217	10526.37	3752.59168446
5.601	809.854671848	9994.629	4608.76358904	9508.301	5411.93918137	10486.82	4045.49989166
5.602	853.899973084	9965.332	5433.56591655	9470.215	5411.32430111	10473.63	4116.74215109
5.603	793.440378643	10048.83	6688.16128606	9479.004	5007.57035738	10461.91	5787.19194705
5.604	759.058640204	9972.656	3819.15974368	9540.527	5676.11706805	10501.46	7004.46540887
5.605	618.446706763	10032.71	2843.21319611	9544.922	3364.17583502	10470.7	3149.7262296
5.606	566.194464305	10023.93	5492.37377214	9499.512	3230.67855257	10530.76	3310.18410978
5.607	535.36269552	10007.81	3644.53915782	9534.668	4434.08467118	10545.41	3977.12531293
5.608	661.664170551	9956.543	2719.89768327	9503.906	5907.29577279	10517.58	4992.37781677
5.609	570.587636876	9999.023	5748.42313323	9506.836	2879.24722789	10463.38	4180.01630638
5.61	561.219815492	10031.25	2533.00473437	9530.273	2833.57356668	10494.14	4477.12232883
5.611	491.848128018	9997.559	6628.41614865	9515.625	2803.58504005	10469.24	3039.51242176
5.612	507.32030714	9996.094	13932.8852497	9483.398	2830.47265752	10492.68	3690.08386545
5.613	549.627951452	9996.094	7267.13219877	9527.344	2944.55430762	10533.69	3767.56371793
5.614	488.105781136	9994.629	6951.48818388	9486.328	3170.47124165	10456.05	3201.73303338
5.615	490.43582704	9999.023	2642.44993625	9511.23	2386.74728215	10502.93	2772.50094856
5.616	489.11386554	9997.559	4906.21887166	9483.398	1961.23672534	10510.25	3330.51923005
5.617	463.484095856	9997.559	9945.29223951	9483.398	3051.65469087	10492.68	2509.45517387
5.618	571.361148407	9996.094	7159.24786111	9534.668	4747.97034501	10504.39	5053.30618858
5.619	574.665065878	9996.094	7032.8631136	9487.793	3414.32740359	10483.89	3184.2538872
5.62	677.379373839	9994.629	17370.1474813	9524.414	3889.19975425	10541.02	3551.17334249
5.621	696.553090905	9999.023	17455.3773059	9499.512	4372.4777813	10505.86	3172.89493261
5.622	547.971122318	9999.023	8778.52412281	9496.582	3254.26406848	10491.21	3151.55441938
5.623	581.928328625	9997.559	17903.2354439	9512.695	3453.63079234	10482.42	3787.94020659
5.624	543.213659592	9996.094	4114.99398402	9487.793	3941.49890731	10472.17	2779.48277047
5.625	737.681007959	9996.094	10488.5039616	9522.949	5370.64794828	10485.35	3836.49476544
5.626	612.182996136	9994.629	12273.8967369	9473.145	4028.94586418	10463.38	3413.76773289
5.627	641.541569638	10000.49	12245.7699818	9536.133	3695.02513305	10461.91	5613.83238981
5.628	700.194846518	9999.023	5597.95014475	9530.273	4581.57028658	10532.23	5626.01782503
5.629	710.971245521	9997.559	7658.62561802	9490.723	3778.61440295	10456.05	4194.29274763
5.63	665.683918924	10013.67	5273.0157105	9492.188	5556.4073534	10545.41	3396.89226073
5.631	596.657963521	9996.094	8152.455157	9530.273	2761.95485255	10480.96	2220.90985772
5.632	604.712121327	10044.43	5193.33000911	9480.469	3986.33535536	10454.59	3166.27079275
5.633	569.403025258	10026.86	4504.40419309	9512.695	4776.41805043	10473.63	4241.74291689
5.634	505.218803534	9959.473	2728.54644294	9477.539	3651.93150338	10545.41	2189.56085579
5.635	498.068988424	9984.375	2629.66636891	9459.961	3091.03930907	10517.58	2977.90893943
5.636	449.358512335	9977.051	3031.41972547	9484.863	3899.51140852	10513.18	3246.38420037
5.637	451.475594062	9972.656	2685.28963208	9470.215	2153.61729368	10494.14	3381.96861613
5.638	430.134266842	10018.07	1810.24176706	9506.836	3229.71693926	10508.79	1653.07120176
5.639	404.529799522	9972.656	2076.30394232	9459.961	3829.92671602	10529.3	3028.50048436
5.64	381.194577941	10034.18	3191.61939774	9547.852	3096.00905129	10548.34	2206.40501992
5.641	386.664197409	10029.79	1649.17000101	9461.426	2018.87272217	10470.7	2285.99284619
5.642	390.729891197	10010.74	2879.41808914	9512.695	2260.31765318	10521.97	2306.79666176
5.643	385.187078213	9996.094	3148.44291175	9454.102	2084.74025274	10478.03	2162.40108991
5.644	384.890683558	10044.43	2371.9300144	9528.809	2413.37021078	10505.86	3087.11776835
5.645	378.835963071	9994.629	2015.67919836	9537.598	2476.04698259	10456.05	2483.18346458
5.646	389.545073387	9999.023	1975.67434879	9528.809	3376.71032202	10460.45	1682.97979897
5.647	469.900977351	9953.613	2406.97750094	9539.062	2683.57591018	10495.61	3589.02344378
5.648	448.268229311	9997.559	4135.30911069	9537.598	3488.01493784	10485.35	4542.5126807
5.649	348.586420315	10009.28	1769.5729237	9503.906	2579.27064986	10488.28	1993.84056381
5.65	426.332663972	9996.094	4086.32911668	9457.031	1883.36533728	10464.84	1670.24658061
5.651	419.762003922	9994.629	6890.70146262	9520.02	2263.95020303	10504.39	1926.03576812
5.652	362.332867495	10000.49	5117.83885634	9520.02	1950.87363363	10466.31	3039.58839325
5.653	398.419465572	9999.023	5212.01352921	9471.68	3320.77807843	10498.54	5626.68741829
5.654	390.811584415	9997.559	5451.29460176	9498.047	3038.64180722	10521.97	3336.50688491
5.655	413.352040126	9997.559	5912.45031487	9505.371	3164.9532701	10478.03	2043.83136033
5.656	374.472649069	9996.094	3589.64561835	9514.16	1700.85201213	10470.7	1633.96826162
5.657	340.319227136	9994.629	4214.21036925	9518.555	1646.60155758	10491.21	1535.36616643
5.658	369.119804821	9959.473	2921.49726449	9536.133	1973.1321561	10458.98	3038.01544564
5.659	325.799599168	9999.023	3870.17135756	9459.961	1569.8278076	10524.9	2346.43220932
5.66	322.31831818	10003.42	2914.05692858	9540.527	1694.42190272	10476.56	2375.10497179
5.661	290.050204558	9981.445	2424.14823368	9543.457	1976.80579503	10491.21	2004.9593311
5.662	299.464029076	9996.094	4125.60388134	9527.344	958.896421175	10500.0	2930.08516461
5.663	270.138723985	9963.867	2456.6416196	9474.609	1601.5398981	10511.72	2227.57342774
5.664	270.720036935	9994.629	5997.03964632	9508.301	1511.59187013	10538.09	2087.49359076
5.665	271.731074162	9999.023	4184.8732126	9537.598	1300.94935542	10521.97	2206.3480523
5.666	254.016251604	9999.023	4941.10500473	9464.355	2608.5948257	10488.28	1151.95958719
5.667	252.071512331	9997.559	5586.47779773	9458.496	1523.91060722	10457.52	1279.01750073
5.668	225.523180398	9996.094	3888.17068917	9457.031	1248.12061997	10464.84	1462.95293582
5.669	245.25143657	9994.629	3476.25080296	9467.285	1165.2055546	10521.97	2118.8045339
5.67	230.005682548	9994.629	2042.08043692	9528.809	1129.10023874	10485.35	1616.56862365
5.671	209.973312677	9994.629	2065.83580436	9511.23	1636.88067237	10538.09	1811.57990542
5.672	203.244685065	10032.71	1008.37001218	9476.074	1773.71309983	10507.32	1727.63686207
5.673	203.643258409	9997.559	2439.40924362	9511.23	1369.28686374	10492.68	1560.13766717
5.674	206.436072553	9965.332	1335.81197101	9499.512	1049.17250702	10466.31	1349.18023327
5.675	215.007770846	9996.094	1892.04080141	9492.188	1251.60669877	10526.37	1595.14677785
5.676	219.768391638	9994.629	1248.11512864	9536.133	1089.60662174	10500.0	1287.2854154
5.677	215.595679648	10034.18	1698.49645315	9481.934	2003.76885518	10472.17	2137.25456237
5.678	191.84170145	9999.023	1825.01833215	9536.133	1566.73544857	10457.52	1213.40676668
5.679	217.920180546	9997.559	2054.5757716	9508.301	1708.93415234	10476.56	1361.07515242
5.68	204.835599804	9982.91	895.153347267	9549.316	1152.36076463	10505.86	1031.27416859
5.681	192.780552617	9996.094	2784.60108339	9452.637	1229.63434963	10516.11	1058.31336685
5.682	188.775251882	9994.629	2514.14211301	9503.906	1193.64391615	10467.77	1613.79174637
5.683	177.492931369	10000.49	2233.12542274	9531.738	957.253179394	10542.48	1295.37966278
5.684	194.809127199	9999.023	1578.23810325	9514.16	1607.9214833	10514.65	1031.3263096
5.685	177.95324312	9997.559	1513.69217939	9484.863	791.952510224	10543.95	1499.35668943
5.686	177.043472064	9971.191	1159.25453758	9480.469	819.819574329	10545.41	820.84428344
5.687	177.827673833	9996.094	1715.10784409	9506.836	879.147994487	10543.95	888.842169138
5.688	175.350165697	9971.191	1237.83433908	9464.355	1481.74547592	10532.23	1182.81030981
5.689	159.744487161	9990.234	1508.47171971	9517.09	794.719236732	10502.93	958.023065601
5.69	183.519774888	10019.53	1361.515767	9514.16	1238.69875557	10478.03	1062.88380155
5.691	182.809611746	10034.18	705.868941361	9500.977	965.623632112	10456.05	973.217831342
5.692	177.479631604	10044.43	1113.37747452	9500.977	1224.08825477	10467.77	2056.42171874
5.693	169.814593015	9999.023	1057.35090943	9487.793	965.894957963	10546.88	755.283789125
5.694	164.549917985	10003.42	1101.02470389	9544.922	1330.07779971	10453.12	1085.33991646
5.695	162.407202919	9994.629	2415.66392635	9455.566	1408.19589756	10494.14	583.4635221
5.696	184.063868139	9960.938	1330.35195337	9543.457	787.359372342	10498.54	989.968738771
5.697	197.595979538	9999.023	1736.61019133	9479.004	1980.97005654	10470.7	1411.72887275
5.698	207.04027094	9997.559	3543.6408952	9517.09	1549.9989258	10502.93	842.287896239
5.699	230.820290629	9997.559	5195.60044073	9455.566	2017.98265045	10548.34	886.121080121
