# Same as before, A/P 0DEG
5.5	13664.8963271	9979.98	53252.0028467	9508.301	94697.5343722	10513.18	117116.009848
5.501	12508.1811958	10042.97	80279.0894267	9536.133	101894.8106	10457.52	63032.261684
5.502	12537.0273279	10048.83	61100.5243052	9524.414	132653.08354	10542.48	115291.21473
5.503	12251.9503838	10041.5	75433.2775652	9512.695	77571.4466929	10469.24	68941.8806778
5.504	12697.0324103	9994.629	103609.903306	9480.469	55860.7975789	10451.66	129758.461891
5.505	12161.8978533	9953.613	105630.141235	9483.398	73050.2012393	10507.32	51572.8503862
5.506	12016.5398545	9990.234	83229.6067637	9459.961	112278.034343	10464.84	82360.2065012
5.507	12579.1525399	10018.07	74763.9612649	9498.047	54536.1189685	10546.88	75756.7781494
5.508	12110.1969969	9968.262	58136.1661437	9492.188	61322.240746	10480.96	68110.8157664
5.509	12251.4380632	9962.402	86983.0259015	9495.117	105539.380302	10457.52	86870.718363
5.51	12476.9056437	10009.28	75247.2889869	9503.906	76010.6838041	10548.34	109171.320893
5.511	12812.3488785	10038.57	87485.1625547	9467.285	107285.879999	10460.45	63500.4951297
5.512	12309.1598622	9966.797	94439.6591408	9540.527	88618.0204026	10549.8	53026.9725357
5.513	12302.6878442	9950.684	64267.1203409	9539.062	65418.2650193	10476.56	85666.3153527
5.514	12536.6427	9969.727	90454.087313	9536.133	70560.7879326	10526.37	114243.900765
5.515	12014.531675	9956.543	79738.9974158	9544.922	69660.8219051	10527.83	80962.5658879
5.516	11883.489564	9974.121	52213.8318474	9483.398	111155.598713	10517.58	70002.7655066
5.517	12273.6519618	9991.699	82749.4879032	9468.75	94124.950019	10536.62	110617.576542
5.518	12742.7764868	9960.938	53860.4627941	9540.527	98243.4561785	10470.7	105466.170587
5.519	12097.7786259	9977.051	128524.985063	9476.074	116105.855003	10533.69	75924.8871858
5.52	12828.4356753	9960.938	94779.2095393	9539.062	81107.0420301	10523.44	97841.9052046
5.521	12908.5780715	9993.164	71348.2058001	9493.652	70417.8998003	10467.77	80271.2972598
5.522	12304.2326973	9953.613	33713.7266532	9500.977	70160.0327384	10500.0	86416.78958
5.523	12549.3464077	10019.53	77446.6720592	9498.047	114996.261216	10508.79	70400.3444541
5.524	12648.6477303	10034.18	83409.5296177	9495.117	59705.3924307	10456.05	89510.9576942
5.525	12189.4986766	10032.71	89031.7194692	9496.582	96412.361437	10520.51	58367.3018772
5.526	12750.5703919	10040.04	72828.1677773	9500.977	102038.890938	10488.28	100414.559388
5.527	12707.5613149	10025.39	46201.1290725	9467.285	91074.9113189	10527.83	55688.8583596
5.528	12059.1401951	9991.699	106091.71068	9479.004	69798.2848995	10505.86	67525.5297446
5.529	12273.472345	9963.867	121665.013807	9536.133	86527.3621295	10460.45	62198.4499844
5.53	12600.538882	9997.559	55494.3444539	9483.398	69692.8646651	10523.44	80905.8835034
5.531	13016.5195629	10018.07	120778.632694	9528.809	54842.044135	10519.04	106194.741094
5.532	13113.8715244	9994.629	85848.2549378	9481.934	79917.5520189	10469.24	113261.040402
5.533	12943.0267243	9958.008	97270.6937575	9512.695	73156.1343197	10478.03	40545.6062754
5.534	12977.2283594	9994.629	115913.743996	9458.496	81068.8646153	10466.31	67234.208331
5.535	13266.3778739	10000.49	105087.347856	9511.23	102924.200924	10485.35	59705.5315069
5.536	13235.6058913	10004.88	128675.075639	9459.961	48113.2378816	10469.24	72480.4719918
5.537	14296.5397304	9955.078	126460.718736	9493.652	79363.6270489	10464.84	121862.860684
5.538	14452.7160867	9972.656	105887.713055	9540.527	94462.9203839	10539.55	88041.6732723
5.539	13770.9814917	10025.39	117036.262821	9539.062	67028.7288733	10454.59	77586.2640979
5.54	13365.8449829	10012.21	96392.8617902	9520.02	123967.756017	10523.44	84993.2881861
5.541	13917.8635235	9950.684	67962.2261537	9531.738	83845.234306	10539.55	69703.5569051
5.542	14042.2666954	10044.43	92316.0039885	9454.102	92995.0606985	10494.14	81690.6786635
5.543	14920.386796	9971.191	57942.9032176	9461.426	87022.7000686	10463.38	63845.3472943
5.544	14263.418286	10034.18	120820.399942	9546.387	77121.9791839	10502.93	84258.5376564
5.545	16033.4062201	10028.32	115414.360355	9509.766	98476.7155042	10480.96	78043.6826326
5.546	15835.6956766	10031.25	81587.4697998	9489.258	100264.416815	10521.97	128205.699675
5.547	16303.9408164	10026.86	144081.580485	9457.031	87590.3201209	10535.16	194350.231229
5.548	15973.1637738	10047.36	113273.230325	9474.609	107939.32687	10475.1	90174.691871
5.549	16554.1931893	9955.078	166256.763654	9518.555	93389.4979544	10536.62	81384.8786056
5.55	16092.7087024	10026.86	105396.82746	9506.836	86339.1278923	10529.3	97135.2725065
5.551	16338.3900821	9956.543	114768.913248	9499.512	149876.383013	10516.11	102280.668518
5.552	17678.8898154	9956.543	112055.971537	9476.074	97802.3568816	10473.63	99128.1115287
5.553	16231.8436299	10013.67	130011.993216	9528.809	173153.588765	10485.35	117164.359872
5.554	16922.7870735	9968.262	103862.333436	9473.145	151069.123375	10480.96	156453.706397
5.555	15821.1299502	9971.191	81943.7715906	9495.117	182991.971613	10527.83	98186.1631349
5.556	17688.1069598	9991.699	131722.029315	9454.102	135566.801583	10511.72	77085.9250726
5.557	18253.405617	10019.53	110538.923477	9464.355	88461.7082979	10536.62	111889.46441
5.558	17108.7945899	9982.91	142474.317902	9451.172	117109.265462	10526.37	108217.08714
5.559	16276.7012108	9978.516	122496.968566	9490.723	88358.9405918	10502.93	112957.80608
5.56	15906.0830038	9994.629	86783.0821828	9546.387	121757.144987	10520.51	122859.243494
5.561	16658.2834779	10026.86	112962.036299	9546.387	105164.588701	10526.37	113088.902719
5.562	16321.6816736	10006.35	93925.0204376	9543.457	92643.7558084	10536.62	110348.266989
5.563	16747.0080233	9960.938	176594.049822	9489.258	93148.5147907	10510.25	87868.6182057
5.564	16197.9673377	9978.516	130940.999714	9533.203	101876.810405	10494.14	115820.178257
5.565	15705.6720657	9999.023	121033.667594	9534.668	119855.462316	10520.51	143567.369442
5.566	14767.4011385	9965.332	87749.7034116	9528.809	109714.785023	10457.52	127904.821134
5.567	15587.3769131	9974.121	123224.716894	9528.809	88787.267074	10523.44	126675.986672
5.568	16478.5652621	9991.699	117177.872724	9520.02	107723.415739	10520.51	92108.845882
5.569	14866.2042963	10016.6	81139.07628	9490.723	145632.140544	10517.58	101351.759389
5.57	16327.200674	10028.32	117184.72523	9454.102	111421.691959	10450.2	111293.2041
5.571	16066.1540442	10019.53	105047.110876	9468.75	108795.256027	10538.09	112274.151575
5.572	14130.3387286	10035.64	124587.281273	9459.961	115325.566107	10513.18	106888.327581
5.573	16329.84806	9999.023	136606.74689	9514.16	112528.30237	10454.59	99881.5237024
5.574	14374.8085534	10029.79	112765.320358	9483.398	153013.745834	10494.14	68584.229472
5.575	14566.5063209	10047.36	121682.399342	9451.172	89812.8271852	10463.38	85382.7385779
5.576	14671.8940284	10044.43	154749.12341	9518.555	110854.042972	10457.52	43623.8077293
5.577	14549.3231492	10023.93	125272.50785	9490.723	173400.156923	10532.23	67960.1916755
5.578	15455.3330938	10000.49	79524.3869995	9493.652	51677.3817915	10488.28	116090.782632
5.579	14726.5970386	9996.094	80774.1225342	9483.398	154950.874003	10473.63	68095.035386
5.58	15075.1475867	10047.36	101833.602907	9489.258	45027.6352901	10479.49	222256.209354
5.581	14514.5125237	9959.473	90057.800281	9537.598	67378.4346205	10519.04	91424.7994456
5.582	13956.8402887	9950.684	74510.8179616	9467.285	63830.3370413	10473.63	119305.245416
5.583	13267.779873	10032.71	81645.7134801	9533.203	95992.3980892	10453.12	71670.1647169
5.584	14630.3374679	10018.07	97296.8931944	9514.16	59880.2725333	10508.79	89575.2396507
5.585	13476.2948489	10037.11	77697.456762	9474.609	90129.3954396	10466.31	126955.18789
5.586	14392.8069732	10029.79	125669.817925	9517.09	91000.0177243	10489.75	86872.5550483
5.587	14185.2636834	10029.79	63011.568818	9455.566	127233.651891	10505.86	92216.6647907
5.588	14069.3347036	10035.64	101685.646061	9541.992	76866.2864826	10497.07	56720.8065142
5.589	13851.7078779	9963.867	70218.060161	9452.637	106292.461783	10470.7	83202.0736075
5.59	14431.5411477	9963.867	104381.265808	9527.344	87818.2246935	10469.24	140769.644889
5.591	14559.7901985	10007.81	138629.791669	9492.188	95506.1296526	10466.31	66900.3010505
5.592	14335.7515026	10047.36	83197.6747228	9511.23	76110.8280279	10494.14	61711.2195587
5.593	14329.014112	9963.867	108047.080581	9498.047	61734.3425287	10476.56	58911.7516778
5.594	14509.6710435	9993.164	132598.840998	9458.496	108062.072935	10470.7	122649.517264
5.595	14467.8823956	9974.121	94459.0651486	9509.766	84520.0304716	10510.25	82268.7900534
5.596	15088.7040623	9969.727	66109.9014985	9499.512	166443.557709	10469.24	110283.507387
5.597	14837.0385929	9996.094	83478.2662608	9457.031	89613.2713688	10532.23	60162.1886332
5.598	14941.1762973	9997.559	97403.9427095	9465.82	126460.13407	10483.89	65214.2600442
5.599	14845.1864961	10042.97	85189.2454018	9547.852	82852.8446611	10454.59	74717.7491193
5.6	25545.0238871	10025.39	262200.901561	9476.074	168527.066974	10549.8	113950.049652
5.601	15334.7384222	9956.543	167538.416177	9537.598	51597.2922648	10451.66	121359.239335
5.602	14629.5051168	9955.078	105758.350921	9492.188	58572.1025419	10450.2	80363.2080578
5.603	13636.0803962	9962.402	61451.8513518	9537.598	78193.4737885	10470.7	92524.1385179
5.604	13326.7309765	10028.32	93478.6744089	9458.496	81492.1507422	10529.3	87819.5163615
5.605	13658.070924	9997.559	67664.4330264	9517.09	84623.8016799	10519.04	79981.5614317
5.606	13582.5773262	10003.42	73821.6360034	9509.766	82339.3928225	10529.3	51530.9270059
5.607	12693.4822012	10034.18	44209.4031024	9476.074	125665.017965	10475.1	97064.3897915
5.608	11962.9250319	10000.49	49296.2866713	9492.188	65068.0450585	10502.93	61541.1882922
5.609	13067.4742866	9958.008	48494.8614413	9517.09	76208.6447204	10492.68	85266.3933091
5.61	12770.3224068	9952.148	68699.417386	9518.555	100617.952685	10548.34	98202.6327863
5.611	11728.648989	10028.32	59479.5202505	9458.496	101019.616644	10482.42	77993.7631095
5.612	11286.7064934	9962.402	83727.4436149	9514.16	66245.8472268	10498.54	58489.5302605
5.613	11614.6830822	10022.46	74446.301944	9489.258	102362.471943	10475.1	64995.6227829
5.614	11229.7702822	9991.699	70431.9205198	9470.215	55195.1095359	10476.56	50421.8669241
5.615	10833.1649151	10012.21	65042.3098718	9511.23	41026.8005748	10532.23	107152.538504
5.616	10771.310838	9963.867	61086.6003471	9512.695	67209.633965	10517.58	103580.09025
5.617	10847.5359306	9952.148	72261.7052079	9464.355	74551.0145568	10489.75	118252.238901
5.618	10174.9150976	10047.36	45724.5655348	9528.809	50348.0515918	10476.56	55080.2648317
5.619	10120.7317461	10026.86	56713.8254842	9528.809	43877.2214744	10519.04	41108.315083
5.62	10474.6199905	10025.39	61372.8249319	9490.723	63527.5137764	10510.25	68151.4363287
5.621	9228.2567754	10023.93	55570.1080875	9473.145	53496.9710406	10475.1	75719.6294802
5.622	10836.7682201	10040.04	86826.4071458	9493.652	52432.1888712	10501.46	89443.2411433
5.623	10725.8086918	10021.0	55858.0422882	9520.02	65290.7887666	10458.98	61763.1870284
5.624	9568.86516441	9977.051	78011.9071683	9487.793	68027.4298563	10535.16	85240.551928
5.625	9057.72240017	10015.14	34949.6953313	9451.172	45629.1787781	10514.65	36569.4044855
5.626	8685.00525012	9955.078	44664.7301242	9533.203	58064.1679025	10476.56	40525.8738446
5.627	9449.86970529	9991.699	84444.8794968	9537.598	57548.3816559	10520.51	63529.4069593
5.628	8753.7544436	10021.0	52522.5455357	9509.766	71249.5992071	10491.21	50531.3658677
5.629	9064.14147381	9969.727	40368.2234075	9455.566	145497.345686	10479.49	71977.3156072
5.63	8679.85089096	9987.305	88429.0401789	9451.172	68736.8442799	10510.25	60891.8230094
5.631	9246.52773851	10040.04	103456.145302	9490.723	67163.5545763	10457.52	83244.0622094
5.632	9069.43561012	9994.629	92227.4542703	9503.906	81266.7003128	10529.3	53810.3713071
5.633	8372.16231676	10047.36	73021.3119177	9470.215	50735.4001995	10510.25	55859.0827823
5.634	8687.24949809	10041.5	37521.76396	9536.133	39332.0085062	10521.97	57613.3423024
5.635	8460.34173381	10000.49	78222.1029562	9536.133	34670.3654684	10457.52	61646.6723774
5.636	8973.52263649	10023.93	49214.8700305	9499.512	47367.3801284	10507.32	71931.0425381
5.637	9336.14375406	10037.11	47637.5086303	9511.23	74162.8051192	10463.38	66417.1363547
5.638	9272.66682915	10019.53	56724.2083363	9506.836	66660.5656165	10453.12	45231.0955462
5.639	8749.48748058	10040.04	55457.9038491	9467.285	42452.1232025	10530.76	40370.8609321
5.64	9133.01363929	10018.07	63229.275952	9462.891	63074.9815176	10475.1	54439.6503388
5.641	8990.27548515	10018.07	64313.9972882	9454.102	40115.3183227	10467.77	89906.8658484
5.642	8436.54454689	10022.46	63505.1321476	9520.02	39351.2415864	10467.77	89537.2149267
5.643	9371.57039943	10010.74	53176.4953096	9544.922	38797.3369495	10516.11	52333.2349539
5.644	8396.84750939	10026.86	58832.2369673	9479.004	89142.6953855	10501.46	49317.7670587
5.645	9082.09941829	10038.57	53507.2389555	9500.977	38066.2199739	10488.28	62626.5359155
5.646	8822.33531266	10026.86	61449.510811	9454.102	92496.2850179	10497.07	70772.0371222
5.647	8992.04012116	9985.84	67748.975824	9459.961	79830.7571154	10497.07	49878.0073119
5.648	8733.41172778	9999.023	79541.5018024	9473.145	54482.8418766	10524.9	61597.3506412
5.649	8587.49890601	9969.727	72235.9200993	9476.074	66242.4674001	10523.44	55048.8814026
5.65	8439.54782005	10012.21	52847.4731482	9462.891	66129.6673216	10470.7	80343.6888106
5.651	8587.55357568	9965.332	53781.825453	9525.879	81492.3843988	10538.09	57372.3410472
5.652	8785.17557423	9956.543	82876.7617942	9468.75	60107.3558151	10467.77	67893.3881881
5.653	9435.69148791	9953.613	59069.3142943	9461.426	55165.6920074	10454.59	28162.1946665
5.654	9285.187833	10019.53	48967.5250433	9533.203	45946.7633727	10456.05	47714.7422891
5.655	8972.87429248	10041.5	43902.3669828	9489.258	52303.3349093	10456.05	72901.7983465
5.656	9108.49440438	9987.305	47147.0188142	9533.203	47281.2299902	10472.17	47765.6004929
5.657	8391.20031718	9991.699	38485.2020744	9486.328	99327.0482913	10454.59	90584.5868023
5.658	8795.87307904	10016.6	41729.4275488	9468.75	45105.5226873	10541.02	74511.296295
5.659	9009.19606714	9979.98	67360.8194431	9520.02	46143.6439988	10514.65	57288.4736688
5.66	9399.9144102	9987.305	48466.03149	9515.625	64458.5653194	10464.84	46861.7698591
5.661	9163.95672601	10001.95	40847.9745584	9549.316	52698.9099077	10472.17	48561.8210097
5.662	9081.15052773	10048.83	48637.282602	9531.738	28625.9231089	10450.2	58655.5123443
5.663	9307.15670926	9950.684	38251.0738693	9536.133	64117.7972496	10545.41	77261.9149047
5.664	9929.26027739	10034.18	60728.284193	9484.863	85338.8668421	10498.54	62015.6480721
5.665	9556.59874289	10041.5	80518.1572294	9511.23	82898.6804141	10480.96	50144.234614
5.666	9880.80462173	9968.262	87375.966859	9544.922	82987.1133405	10500.0	42203.6483184
5.667	9648.14435907	10018.07	65597.6534543	9492.188	56047.6972019	10532.23	62690.4929493
5.668	10742.6627762	10047.36	49330.4020749	9471.68	55131.5170461	10516.11	83505.4694173
5.669	10549.1469898	9969.727	96981.889477	9470.215	95305.6562066	10516.11	46698.5291795
5.67	10049.4574552	9956.543	80408.0005743	9481.934	73811.0041587	10476.56	51237.6200958
5.671	10097.0991818	9960.938	104723.399959	9524.414	69683.9954758	10507.32	65825.8906173
5.672	10515.2105402	10038.57	51628.9060145	9518.555	56018.39768	10470.7	50785.1039785
5.673	10207.3698651	10013.67	59026.705788	9454.102	75903.8719824	10500.0	71652.8338707
5.674	10851.1812878	9965.332	103272.386066	9468.75	81081.2630316	10517.58	85748.0290423
5.675	10817.4310611	9996.094	93047.0730712	9540.527	99446.4765079	10517.58	63167.1086023
5.676	10783.1823824	9996.094	49978.1019361	9531.738	57383.0330213	10541.02	98578.2420443
5.677	10507.5824081	9960.938	72150.835758	9549.316	49778.8839207	10539.55	68528.4625782
5.678	11190.6421215	9984.375	135955.392791	9511.23	61564.9320949	10457.52	56423.0098024
5.679	11280.9149871	10004.88	115846.240769	9541.992	83750.4360392	10480.96	66842.1808115
5.68	11372.4882921	10026.86	63989.668073	9452.637	63853.2793396	10453.12	77725.8221461
5.681	11928.549162	10000.49	124254.15904	9458.496	66004.9218182	10535.16	39168.8636595
5.682	11064.2126296	10035.64	81614.490926	9471.68	46709.248649	10494.14	87195.6462886
5.683	11521.6500621	10021.0	82631.5112474	9514.16	101444.051681	10480.96	100125.16144
5.684	11529.5432954	10013.67	91827.9146374	9452.637	76041.7523463	10502.93	60550.8365331
5.685	11941.9477647	10028.32	101792.846815	9537.598	76563.1551634	10510.25	73344.498219
5.686	12101.0462297	10016.6	81636.6033334	9451.172	64423.6744867	10467.77	88244.747435
5.687	12814.5299918	9956.543	105443.053716	9459.961	99573.2979342	10458.98	55672.6151023
5.688	11804.8613697	9996.094	126809.990816	9481.934	77897.2750097	10516.11	139730.227863
5.689	13600.3107608	9979.98	101387.823003	9541.992	73960.2497481	10520.51	94887.9664254
5.69	12871.3115446	10040.04	95798.3111023	9493.652	64095.463669	10504.39	51948.6123733
5.691	12995.1810679	10034.18	105498.492034	9524.414	86772.9582952	10483.89	74564.6268166
5.692	13899.1905419	10032.71	86767.3308494	9487.793	74686.8555542	10469.24	120355.018527
5.693	13047.133594	9996.094	117610.178412	9541.992	147634.140872	10451.66	112846.283016
5.694	14462.9119671	9982.91	78713.3105171	9539.062	108262.447164	10508.79	64683.7882201
5.695	14012.9988407	9962.402	54847.310616	9462.891	91134.4696155	10511.72	110889.583963
5.696	13661.0706859	9971.191	96322.7678503	9512.695	85884.279966	10457.52	94034.1471877
5.697	15233.1683436	9999.023	90653.866303	9498.047	102334.601997	10511.72	61682.5297063
5.698	15034.1487545	10044.43	75284.3258985	9520.02	140389.251224	10538.09	117360.707378
5.699	14855.2456974	9969.727	78117.6258371	9496.582	110037.982647	10542.48	67238.4813813
5.7	14813.8641242	9959.473	82973.9829896	9473.145	123671.840167	10538.09	141449.121552
5.701	15252.3715958	10029.79	126568.7215	9546.387	71492.2412394	10523.44	94799.527472
5.702	16461.1969188	9963.867	130355.237089	9508.301	88379.8689286	10505.86	99953.2507242
5.703	16259.9009108	10010.74	80630.2762078	9495.117	80072.6683536	10546.88	76473.026172
5.704	15209.0348736	10042.97	94700.5580851	9514.16	91869.3737887	10492.68	110581.835457
5.705	16063.9175147	9974.121	101373.029958	9492.188	93336.1578596	10546.88	188560.455379
5.706	16637.9009355	10048.83	100367.385457	9547.852	119548.95763	10472.17	99672.6993999
5.707	18160.5829555	10028.32	106345.636474	9539.062	86980.9768277	10533.69	111636.655284
5.708	17632.5986456	9974.121	160863.848032	9457.031	115550.072531	10539.55	131947.34405
5.709	16481.9417787	9972.656	111626.166299	9525.879	242506.594315	10469.24	132350.759067
5.71	17490.8588608	9999.023	116568.149229	9506.836	128759.598351	10473.63	131433.928401
5.711	18631.4772897	10035.64	105956.780179	9464.355	125284.302982	10530.76	69804.5977554
5.712	18119.6714896	9984.375	76602.846983	9512.695	123529.524883	10523.44	200136.228438
5.713	19265.3339269	10000.49	115143.108489	9531.738	115612.680964	10475.1	94854.348934
5.714	17572.7214146	10047.36	140466.617246	9483.398	146668.977263	10456.05	121298.589082
5.715	20298.5286081	9991.699	112856.151805	9528.809	132837.775264	10520.51	155424.0821
5.716	19685.1285688	10025.39	119476.05177	9499.512	100809.283764	10497.07	86155.6963815
5.717	18823.7668487	9950.684	142355.361538	9461.426	97973.3248804	10463.38	91118.332886
5.718	19518.4808864	10010.74	86974.2419954	9521.484	136382.663606	10486.82	119221.637117
5.719	19802.0160933	10040.04	118266.752571	9500.977	117832.648225	10472.17	153510.756669
5.72	18589.2400369	9972.656	129992.379226	9452.637	99328.2073238	10532.23	116157.638668
5.721	19900.0803856	10010.74	177251.086246	9533.203	145799.613743	10513.18	243298.740979
5.722	20984.7899453	9953.613	155739.399209	9498.047	122531.53633	10466.31	142884.97832
5.723	20390.1520793	10006.35	149252.201217	9459.961	153736.855186	10495.61	106234.696601
5.724	20702.2509485	9950.684	106268.341563	9514.16	131785.162808	10461.91	125341.748396
5.725	20207.0934903	9996.094	144534.660768	9517.09	77375.5666195	10460.45	108066.775544
5.726	20972.239133	9956.543	178919.597132	9549.316	62094.9842115	10535.16	97250.1219899
5.727	20397.6249261	10022.46	95226.8478167	9539.062	117170.493356	10529.3	147000.659262
5.728	20176.9230065	10038.57	166862.860303	9522.949	204448.440571	10535.16	163089.805991
5.729	19119.7940214	9991.699	111031.645804	9543.457	123317.663022	10535.16	132201.894663
5.73	20234.968502	10001.95	105683.535494	9527.344	122207.701178	10479.49	162056.594488
5.731	19631.432851	10018.07	91252.1084012	9458.496	137210.142863	10497.07	173255.848555
5.732	21141.0926879	10034.18	109875.380395	9487.793	123136.915624	10541.02	151055.37419
5.733	20161.0782389	9972.656	121907.479412	9518.555	135483.667713	10470.7	110084.7861
5.734	20986.3190162	9999.023	135704.589447	9486.328	130148.968342	10514.65	186177.024889
5.735	20535.7715873	9997.559	142200.258495	9455.566	105397.931805	10505.86	128033.626913
5.736	21793.1245817	10048.83	83165.4264887	9525.879	94859.2110658	10469.24	98432.0438233
5.737	20400.8561382	10045.9	152185.367285	9474.609	82804.2906333	10516.11	111680.583239
5.738	21269.7822182	9975.586	122201.848808	9530.273	120721.88025	10548.34	112085.854681
5.739	19895.256113	9952.148	115865.536091	9514.16	126173.957405	10451.66	134608.36124
5.74	19317.2734275	9996.094	86380.7607368	9500.977	138555.190499	10549.8	73244.5926898
5.741	21507.9994684	9999.023	154887.553976	9480.469	117850.403153	10529.3	88453.4468992
5.742	20535.4394569	9962.402	141392.193626	9534.668	147496.92854	10500.0	107231.733511
5.743	19583.4571599	10044.43	161007.903386	9506.836	74163.9134671	10526.37	132908.177049
5.744	21451.3192536	10019.53	193696.178415	9522.949	93358.821742	10467.77	189579.022464
5.745	20987.9230753	9994.629	138040.024598	9509.766	78464.4921663	10483.89	239339.462239
5.746	20181.8999807	9955.078	143245.669924	9470.215	153289.692587	10543.95	105178.81923
5.747	20934.2123915	9971.191	106419.745674	9541.992	148641.665911	10545.41	150843.018248
5.748	21037.0623084	10041.5	123411.84638	9502.441	138974.176705	10507.32	97845.2359673
5.749	19910.7934777	10000.49	109040.098944	9481.934	116839.338682	10504.39	199592.921082
5.75	19096.2366811	10041.5	113385.276874	9506.836	182755.440387	10454.59	94706.8221481
5.751	21550.165067	10019.53	183721.764744	9511.23	148216.131787	10478.03	129468.532264
5.752	20118.062515	10003.42	139730.484416	9544.922	117349.137524	10472.17	168143.389715
5.753	20195.6563896	10031.25	221315.407644	9525.879	96301.7589188	10473.63	154047.779485
5.754	20884.7130215	10040.04	196085.344343	9493.652	132204.341917	10526.37	165412.704225
5.755	19713.8706613	9971.191	133834.501542	9505.371	139589.328268	10466.31	153496.291801
5.756	19034.5176779	9981.445	103256.645284	9455.566	126744.82527	10483.89	108133.889921
5.757	19366.9841782	9982.91	123434.632164	9474.609	123014.781666	10498.54	122286.773246
5.758	18664.3138232	10047.36	162395.904331	9515.625	115643.341387	10501.46	94315.461416
5.759	20760.884703	9963.867	97755.2096528	9470.215	85781.4895537	10483.89	78546.6932618
5.76	20172.329307	9966.797	86112.9256929	9524.414	212097.420804	10482.42	104794.167001
5.761	19045.1412583	10042.97	124326.828937	9546.387	110567.654772	10476.56	159822.991565
5.762	18265.1111647	10038.57	154119.636286	9515.625	91292.4154073	10483.89	264298.227581
5.763	17417.1705179	9982.91	148114.436959	9517.09	85067.7438488	10510.25	117820.794116
5.764	18474.5825264	9974.121	118063.087136	9505.371	78685.5449998	10517.58	126160.866443
5.765	18084.9603592	9978.516	113745.723748	9476.074	165120.721476	10491.21	104739.307125
5.766	18542.1462933	10045.9	83560.102677	9451.172	127945.27526	10523.44	133072.568271
5.767	19064.1932092	10003.42	117438.351313	9498.047	119216.021174	10505.86	142866.150569
5.768	18293.4543821	9979.98	155428.39779	9539.062	132059.204767	10482.42	96713.7309046
5.769	17681.0827271	10028.32	112331.12887	9505.371	105982.211652	10470.7	119074.310616
5.77	18408.7777792	9969.727	152722.219495	9452.637	106158.199642	10492.68	131587.811551
5.771	17688.0610583	9952.148	129167.817345	9522.949	127860.013311	10511.72	110415.754688
5.772	17587.6226153	9984.375	135904.334136	9527.344	197573.382239	10491.21	100175.094162
5.773	18046.6992337	9953.613	141405.799258	9476.074	83315.5850363	10542.48	129089.406271
5.774	16858.00702	9988.77	102285.468942	9518.555	143991.584971	10530.76	85638.669222
5.775	17794.4614178	10007.81	105670.191107	9511.23	121100.203253	10473.63	108207.273513
5.776	16241.3827617	10006.35	85393.0955018	9520.02	140736.402595	10514.65	109381.459351
5.777	17293.6894207	10047.36	101667.27632	9525.879	112197.657303	10548.34	93674.5322765
5.778	16946.0344041	9999.023	120891.416745	9459.961	132130.947861	10527.83	115224.93982
5.779	17296.2035512	10021.0	112245.178249	9483.398	129473.069647	10504.39	113722.902022
5.78	16455.309099	10021.0	90727.218248	9503.906	128829.241188	10475.1	153695.664151
5.781	16466.2797168	9996.094	102548.064199	9503.906	258038.079254	10514.65	82003.5492801
5.782	17115.5177117	9968.262	96627.4230809	9462.891	70596.7113424	10500.0	190006.720071
5.783	16410.6026744	9965.332	77254.9240619	9457.031	94336.5827564	10461.91	101934.495641
5.784	17164.7501844	9999.023	128364.239885	9509.766	101313.843879	10450.2	130379.813759
5.785	16006.0183636	9991.699	160253.652583	9495.117	91603.5998231	10521.97	75322.7483316
5.786	15682.5304652	9960.938	110868.746322	9461.426	148743.667148	10463.38	156429.001674
5.787	16532.6983365	10028.32	124625.324407	9512.695	161194.720552	10501.46	88491.3869234
5.788	16473.8402837	10007.81	73462.5821954	9452.637	122994.483286	10453.12	80294.209178
5.789	15761.8465596	9968.262	129297.291274	9451.172	128171.239953	10483.89	117438.076475
5.79	15478.9567074	10035.64	119365.605101	9486.328	134520.926624	10450.2	68961.4457405
5.791	15834.1953175	9969.727	101548.705336	9518.555	98765.0996886	10535.16	92279.9380347
5.792	15521.3735544	9969.727	148256.805035	9537.598	115764.993441	10498.54	71110.3343643
5.793	15770.8046174	10031.25	79686.9944592	9514.16	124449.135372	10472.17	102048.608563
5.794	16189.203086	10018.07	101047.928388	9500.977	82665.3034195	10472.17	106247.352116
5.795	15163.9898541	9996.094	67592.8130772	9500.977	84417.2478276	10532.23	164981.471887
5.796	15048.9219964	10047.36	97263.9429487	9474.609	102949.49032	10451.66	158823.586305
5.797	15206.0711935	9974.121	97763.6470338	9549.316	55312.3533306	10495.61	117732.76958
5.798	15605.4527074	9963.867	97267.063387	9467.285	92779.5065189	10500.0	109822.448705
5.799	14436.8535208	10040.04	84741.0284996	9528.809	84187.7500706	10472.17	76572.4422427
5.8	14169.3966563	10010.74	122211.184709	9525.879	53222.7703094	10458.98	68860.8579646
5.801	14225.8492297	9977.051	109429.095019	9524.414	124471.517843	10520.51	75131.1466085
5.802	14099.1591886	10021.0	80115.5675067	9543.457	106430.355756	10491.21	92124.1218326
5.803	14265.9790498	10025.39	119851.692122	9537.598	102311.46844	10483.89	102346.256326
5.804	13795.0586107	10015.14	106011.88091	9457.031	130978.778757	10483.89	121440.63738
5.805	14705.5320604	9975.586	100446.100008	9546.387	69272.6070352	10482.42	155975.815094
5.806	14498.609845	10007.81	67913.5624137	9470.215	134025.485899	10495.61	132349.430398
5.807	13653.8257507	10015.14	108538.536091	9490.723	60733.9450455	10508.79	92007.2899323
5.808	14801.3899218	10025.39	89395.976137	9470.215	81520.1137098	10502.93	68977.3115204
5.809	13328.6976343	10034.18	75194.9845069	9476.074	101128.044251	10463.38	51666.5241622
5.81	13428.9016127	9996.094	97588.0787827	9473.145	68627.4152461	10519.04	89944.9029817
5.811	14211.5167534	9994.629	51375.6124441	9534.668	107874.529429	10529.3	64857.0729126
5.812	12832.3669818	10009.28	92398.231488	9493.652	57827.2257264	10497.07	56422.6715491
5.813	12115.5860333	9953.613	67060.3321661	9547.852	88920.5839153	10513.18	87388.6204024
5.814	12023.1970815	10045.9	99758.945207	9457.031	87391.1894206	10464.84	81532.5376336
5.815	13071.2220078	10037.11	120939.039492	9477.539	91094.1697733	10549.8	68406.1240151
5.816	11957.2598508	10041.5	84314.8504785	9531.738	77559.169674	10478.03	67932.1958003
5.817	13392.87689	9969.727	85521.5300404	9511.23	68880.9081651	10473.63	93562.2977716
5.818	13007.3347425	10023.93	62355.7621881	9473.145	76931.4069545	10486.82	77093.0729433
5.819	13183.8261827	9972.656	145779.731779	9464.355	90827.2335046	10543.95	85971.0244655
5.82	12320.1144136	9994.629	83171.7510125	9464.355	101549.848086	10478.03	77344.0941957
5.821	12227.732871	9958.008	79945.6888151	9473.145	74325.2964514	10517.58	45504.616133
5.822	12844.7927274	9975.586	69980.691251	9509.766	90740.3417406	10523.44	104118.478079
5.823	12557.0542863	9978.516	77269.4359312	9457.031	86031.8550324	10488.28	34573.08057
5.824	12282.8346714	10021.0	78014.2737116	9489.258	124487.498438	10510.25	77740.6911449
5.825	11366.877689	9993.164	81916.3442143	9539.062	129180.744645	10504.39	66663.8126114
5.826	11993.4902306	9999.023	118584.450752	9492.188	91293.2255249	10526.37	89403.9078919
5.827	12298.1009942	9982.91	70832.3527801	9512.695	60989.9459925	10530.76	94715.9938078
5.828	11015.2503276	10004.88	89741.3877411	9540.527	83385.8051488	10453.12	66352.1453454
5.829	12013.9182444	10021.0	69390.9275407	9454.102	65489.267711	10473.63	73507.1949823
5.83	10841.9037065	10015.14	107615.315896	9517.09	78937.5782556	10494.14	39277.2490252
5.831	12032.8420744	9965.332	132981.338481	9451.172	51703.4204839	10524.9	75091.5536601
5.832	11207.3925189	9985.84	68422.1006496	9533.203	97971.1092455	10549.8	36541.1155719
5.833	10882.6690168	9965.332	48562.3687996	9490.723	60573.8890517	10524.9	85517.934756
5.834	10679.4402049	9997.559	58658.1790719	9479.004	84418.643475	10492.68	44667.0686368
5.835	10472.6874329	10021.0	78762.3443578	9457.031	55123.2814804	10543.95	87977.9622397
5.836	9908.00789491	10034.18	53696.2897155	9461.426	92718.8140852	10466.31	83488.2347065
5.837	10510.4733243	10021.0	57150.6167929	9468.75	63643.5308402	10461.91	41048.2400109
5.838	10499.4721081	10048.83	41066.4291284	9465.82	31182.4165266	10517.58	57563.9744544
5.839	9889.29284511	10016.6	69791.5670381	9543.457	77757.6376294	10473.63	54233.0554252
5.84	9688.96790806	10000.49	91272.8215434	9451.172	65988.7456937	10541.02	80775.2347318
5.841	9521.12109632	10015.14	66658.3467076	9534.668	84158.8256726	10526.37	59265.1320788
5.842	10299.0072431	10023.93	70014.0517294	9499.512	44293.5561321	10479.49	54052.4601313
5.843	9734.41335975	10044.43	60538.8228215	9518.555	84931.1158259	10497.07	89133.1235449
5.844	9770.36105171	10023.93	55105.514542	9499.512	82877.9952478	10456.05	54162.0252604
5.845	9884.91196381	10013.67	65896.2739985	9522.949	57890.3158368	10467.77	71901.9058554
5.846	9224.35925272	10040.04	65705.7756148	9459.961	55614.6633973	10478.03	65791.9546111
5.847	8599.16286693	9955.078	60597.7417191	9536.133	53029.3896025	10526.37	44580.3817483
5.848	8956.99570896	10041.5	92778.3969776	9471.68	54829.5625575	10482.42	66100.741171
5.849	8721.62359168	9962.402	38908.5513903	9530.273	42132.1207838	10502.93	50510.325767
5.85	9737.8194936	10007.81	100000.221124	9511.23	42036.1321771	10516.11	57416.0414293
5.851	9043.26305341	9968.262	45481.0781904	9462.891	43060.4448307	10470.7	54424.2956906
5.852	8722.87715685	9952.148	105631.851366	9502.441	63730.394292	10491.21	45097.3420394
5.853	8994.15820358	9960.938	38412.5113808	9496.582	30684.961922	10535.16	61859.5246196
5.854	8930.00898277	9991.699	73967.3701706	9520.02	95242.1687637	10473.63	54110.6700642
5.855	8851.66034328	10044.43	72550.4692599	9499.512	65033.3576747	10541.02	42730.3701227
5.856	8457.68523721	10047.36	45776.7385435	9476.074	63399.4550452	10505.86	56032.3736929
5.857	8389.4083325	9987.305	52827.8533344	9543.457	60364.2399696	10511.72	57222.9762859
5.858	9427.59041408	10028.32	56022.6390979	9495.117	42908.3994262	10472.17	79209.1266027
5.859	7929.3743011	9974.121	52915.8243857	9500.977	79742.2252225	10523.44	35584.8577111
5.86	8813.26919252	9999.023	100853.620255	9487.793	38986.6764825	10450.2	40958.8967361
5.861	8990.55686694	10035.64	52761.8918869	9455.566	57932.2917994	10488.28	40550.897156
5.862	7888.20613429	9994.629	53190.3468393	9496.582	79400.9579225	10535.16	63816.0799149
5.863	8141.54616179	10028.32	47264.7220031	9499.512	37556.4983705	10535.16	81922.3856771
5.864	8236.42522769	9972.656	47560.2523107	9498.047	61855.8864008	10461.91	53199.6086738
5.865	8128.02372704	9974.121	59390.1837033	9468.75	35409.2222955	10463.38	60130.1823998
5.866	8520.63052554	9959.473	37637.5399501	9474.609	50562.5858564	10508.79	88734.7123211
5.867	8188.64896645	9956.543	65878.2315891	9455.566	43482.9091537	10472.17	75109.377678
5.868	8492.75653459	10045.9	41007.3608846	9520.02	51985.8561392	10536.62	42009.2820119
5.869	7606.38479462	10009.28	49966.2075964	9500.977	75482.1687791	10523.44	33450.7286789
5.87	8317.23001508	10009.28	47205.7977278	9473.145	55117.8830993	10475.1	44876.1460402
5.871	7769.63508261	9959.473	74541.4374558	9477.539	109458.368199	10488.28	51513.7726793
5.872	7965.7791159	10038.57	54017.6390199	9452.637	35369.5534915	10539.55	27140.9109784
5.873	7773.50922919	9993.164	67658.1206426	9524.414	46742.4003211	10516.11	38257.2025964
5.874	7744.77614501	9997.559	70691.3143638	9543.457	38115.53486	10532.23	44601.0668869
5.875	7862.63321924	10001.95	67924.7152765	9487.793	45543.3777372	10523.44	47639.4093134
5.876	7326.14769915	9988.77	37183.5421657	9474.609	36601.3370195	10464.84	45801.4094634
5.877	8047.47498565	10035.64	59141.4189497	9500.977	71489.9473438	10454.59	45189.7615462
5.878	7703.64632656	10006.35	60831.3113706	9540.527	66531.5920424	10463.38	48319.3161837
5.879	7567.63853005	10034.18	64371.2181451	9452.637	39112.1785098	10545.41	36315.6900906
5.88	7702.559021	10031.25	49073.9853273	9546.387	56656.9071665	10520.51	52916.9416878
5.881	7703.8816075	9969.727	47222.846195	9489.258	60975.5280218	10461.91	38717.0550069
5.882	7554.26883304	9982.91	66250.5082263	9471.68	37762.0156647	10545.41	69137.349554
5.883	7018.00180452	10045.9	30488.3818215	9505.371	40204.1795621	10545.41	65360.8570046
5.884	7239.93473898	9969.727	59582.0800064	9479.004	54873.1973492	10466.31	43720.8794864
5.885	7606.47393285	10001.95	38847.8118402	9477.539	45177.6178428	10489.75	73587.3584258
5.886	7720.93017772	10007.81	46256.745999	9543.457	58304.1864887	10473.63	48683.0846824
5.887	7840.33898667	9965.332	78534.7001882	9521.484	50742.7080287	10510.25	93782.1397354
5.888	7961.40992835	10044.43	49587.7137383	9487.793	45269.4038171	10511.72	38373.6729903
5.889	7365.82786012	10009.28	45875.3769684	9477.539	41029.832937	10548.34	48155.1857628
5.89	7221.75972432	9960.938	63202.7319304	9536.133	29961.186969	10473.63	53327.9802377
5.891	7446.87777315	10013.67	65562.1851583	9541.992	63092.1828292	10479.49	51044.1251652
5.892	7908.01241568	10042.97	70869.6781677	9547.852	50651.8781208	10511.72	36265.4135747
5.893	7904.21937904	10034.18	56201.4703153	9496.582	33128.1568285	10473.63	59033.8746389
5.894	7860.39960598	9993.164	34076.8583884	9540.527	38420.7428547	10458.98	66457.8677835
5.895	7401.25724484	10004.88	111870.611987	9527.344	85551.3243748	10513.18	35771.838508
5.896	7781.55078711	9953.613	57813.9716845	9506.836	34224.3188734	10482.42	48912.1364489
5.897	8004.44823569	9999.023	62686.1771618	9500.977	45104.8732887	10473.63	75748.7449726
5.898	7262.19931541	10048.83	29191.722734	9533.203	48246.085311	10510.25	57699.9488758
5.899	7474.23224677	10019.53	51454.6996317	9483.398	45461.6253832	10549.8	22604.2105252
5.9	7707.71309877	9996.094	43583.0162963	9492.188	45524.2405428	10461.91	55004.717663
5.901	7343.09836973	9974.121	48367.4425101	9530.273	45603.0085035	10535.16	28374.0119194
5.902	7744.81582689	10040.04	60051.6380172	9462.891	58139.5460083	10533.69	41453.107701
5.903	7293.98834817	10026.86	57322.2659542	9498.047	56592.8600818	10541.02	58759.3047542
5.904	7663.33467572	10000.49	59911.8520367	9500.977	22008.3217868	10542.48	41304.1313555
5.905	7358.6872922	10045.9	46807.6649768	9524.414	65569.24896	10479.49	52619.8970849
5.906	7805.33278367	10044.43	73360.1930058	9530.273	38828.1626521	10523.44	43320.0141338
5.907	7762.71187196	10040.04	52105.01869	9515.625	33970.0433716	10466.31	78079.7306079
5.908	7756.90583929	10000.49	69464.5522827	9474.609	43776.6059222	10486.82	56397.513968
5.909	8038.22686161	9979.98	56548.1544952	9521.484	61699.1695193	10500.0	63981.4464275
5.91	7581.90070769	9963.867	46646.7468616	9505.371	47794.3891981	10491.21	34132.3764154
5.911	8799.62866758	9997.559	61714.4063152	9509.766	32887.8507147	10463.38	75644.9845645
5.912	7937.76831077	10009.28	73787.4052974	9544.922	50893.4602061	10530.76	77942.1790526
5.913	7595.24041687	9996.094	69089.09273	9499.512	58006.9638051	10479.49	30363.4444118
5.914	8426.56165222	10003.42	63640.7393324	9522.949	57216.4308543	10494.14	52758.3581659
5.915	8480.12204152	10045.9	74443.4889439	9549.316	31139.451122	10521.97	30277.5999817
5.916	7400.39152952	10013.67	79172.3125668	9462.891	74006.1365752	10457.52	49762.6769204
5.917	8310.84790699	9997.559	101495.916713	9547.852	40618.827046	10526.37	50366.0449397
5.918	7685.9229122	10009.28	35759.0603378	9455.566	43028.1495382	10451.66	40317.7111707
5.919	8234.05354858	9991.699	60692.7622471	9533.203	30344.7988565	10491.21	39591.0374226
5.92	8327.59131514	10015.14	54706.491104	9547.852	54002.3243573	10473.63	34549.1567204
5.921	7772.55530994	9985.84	47571.3899548	9498.047	73035.6025404	10546.88	53414.4685478
5.922	7623.96341485	10009.28	70570.35891	9484.863	102785.260451	10508.79	45768.7512054
5.923	8305.84211424	9952.148	101013.198733	9461.426	54986.2077531	10535.16	36375.2155513
5.924	8100.03814959	9953.613	45738.5208663	9459.961	67442.8007915	10504.39	55766.1130908
5.925	8284.78958645	10010.74	36740.0228121	9524.414	29075.5689879	10461.91	50874.1113833
5.926	7760.38706658	9994.629	55839.6114075	9489.258	54474.5347373	10489.75	54595.9568608
5.927	8550.58300676	10044.43	56400.0240787	9537.598	56472.0747132	10456.05	30369.7435539
5.928	7673.2603996	9999.023	71492.7381432	9541.992	44284.4793692	10491.21	79191.6434976
5.929	8028.15075127	10023.93	59388.3599585	9458.496	55629.9668268	10513.18	53124.6395609
5.93	7916.92250527	10021.0	41603.4068493	9525.879	44586.2295511	10467.77	61923.5369047
5.931	8146.34381611	9958.008	43901.9289244	9480.469	67680.6782918	10478.03	39233.8903928
5.932	7950.46465814	10044.43	64264.4558512	9514.16	38516.2277301	10524.9	76215.9415513
5.933	7732.60727158	10038.57	52315.9117419	9537.598	44737.1776908	10475.1	59796.3848395
5.934	8279.62696152	9962.402	66067.8802978	9531.738	29774.4284635	10500.0	61331.1706758
5.935	9058.34571009	10021.0	93632.9962096	9509.766	63523.0387629	10482.42	55439.078236
5.936	8610.55169041	9997.559	101572.446323	9547.852	43173.7681546	10473.63	39310.1159613
5.937	8271.46642045	9982.91	74717.4790368	9528.809	50486.0779474	10536.62	61576.2344908
5.938	8222.95428806	10019.53	44733.4188361	9470.215	35180.2012369	10488.28	52669.5944092
5.939	8342.71558196	10003.42	48441.226155	9480.469	33061.8908649	10505.86	46487.3338775
5.94	7941.66523069	10001.95	55667.6890109	9549.316	40787.2806729	10456.05	72978.9238962
5.941	8307.47120713	9979.98	57842.9255815	9495.117	56316.432105	10486.82	86041.094568
5.942	8663.07607841	9955.078	53956.0408693	9493.652	42001.6346474	10507.32	46940.7984191
5.943	8022.99080695	9962.402	65952.2592366	9511.23	55135.4093534	10521.97	118404.954461
5.944	8186.97575644	10016.6	39513.7946432	9484.863	29944.9204029	10539.55	41256.5108917
5.945	8227.58695336	10035.64	36252.8590166	9480.469	45998.4142493	10457.52	43830.4767797
5.946	8951.10092968	9974.121	26566.7922877	9484.863	42728.2492226	10549.8	45898.8099428
5.947	7860.7306918	9963.867	39560.0914655	9549.316	34659.4896754	10526.37	55374.3431845
5.948	8964.00564072	9968.262	89419.1831827	9496.582	44827.3769813	10479.49	54781.0454806
5.949	8273.43894869	9962.402	45851.8289743	9521.484	36914.3244968	10458.98	43818.3456992
5.95	8191.23982995	10004.88	88875.8518616	9464.355	76515.7590709	10470.7	53867.0060507
5.951	8004.30303748	10045.9	59798.0315096	9499.512	54815.0035276	10479.49	74778.1657555
5.952	8247.93285367	9984.375	70737.717416	9525.879	56120.9953378	10527.83	37503.2072019
5.953	8458.12394089	9981.445	75116.9170232	9493.652	38639.5548152	10467.77	42022.3069288
5.954	8027.3790475	9997.559	57307.1850218	9544.922	52686.8079965	10486.82	64057.7417599
5.955	8329.7960531	9996.094	44664.8991841	9473.145	32765.4768506	10536.62	68617.5127923
5.956	8152.47111299	9977.051	64091.4987166	9515.625	58082.1924256	10539.55	73241.4956851
5.957	7549.37285703	9975.586	46236.0316533	9458.496	36178.5794306	10516.11	57247.7692518
5.958	8263.48425283	9966.797	56611.6828855	9520.02	36414.9252862	10545.41	36748.1947004
5.959	8084.74631092	10003.42	98995.8772658	9524.414	71225.602728	10480.96	54238.5750655
5.96	7767.29864845	9991.699	32310.5277805	9524.414	44923.4914109	10486.82	40858.5181476
5.961	7838.8479763	9965.332	67747.4193288	9541.992	31556.7337431	10450.2	38341.0732904
5.962	7842.45631137	9996.094	40660.4798826	9508.301	41230.9880879	10451.66	45919.7701378
5.963	7725.50412216	9979.98	57710.0742655	9458.496	49748.1107193	10505.86	39742.5879336
5.964	7780.64960482	10012.21	52710.7733295	9505.371	51944.4029078	10453.12	44929.6364422
5.965	8760.04253946	10012.21	60002.9117107	9486.328	36688.1393169	10543.95	56315.8388086
5.966	7076.18261672	10047.36	48718.7690245	9528.809	63690.2603581	10501.46	47152.3502134
5.967	8197.20294047	9965.332	33786.4152584	9468.75	90646.016319	10508.79	30660.2346053
5.968	7880.60593333	10031.25	36757.1081467	9451.172	30263.0067678	10491.21	54961.5316588
5.969	7740.79455775	9988.77	81317.1858326	9464.355	73081.2582856	10533.69	106014.938194
5.97	7553.85075952	9971.191	39562.2499128	9480.469	48709.4840015	10541.02	43553.9876657
5.971	7442.66512595	9991.699	29980.8524576	9459.961	48898.7451826	10476.56	40594.7105159
5.972	6728.38389813	9969.727	39363.7941883	9493.652	36685.8966517	10535.16	58801.472326
5.973	6899.76766587	10019.53	44341.0522323	9539.062	49712.4368515	10546.88	57383.4626747
5.974	7037.57631917	10032.71	61229.2777869	9481.934	28602.1472342	10517.58	52049.9530372
5.975	7395.97030659	9996.094	53570.8487747	9522.949	77105.4837047	10543.95	49309.4746066
5.976	7321.35032603	9966.797	24898.0386928	9493.652	61129.8446082	10549.8	42238.1523595
5.977	7239.80625464	10047.36	40098.3737017	9540.527	64086.2123526	10473.63	54146.3878783
5.978	6376.18843002	10001.95	25342.3808276	9530.273	52020.8066939	10505.86	37371.3095065
5.979	6654.02963261	9966.797	55293.0085503	9496.582	30323.8799749	10469.24	46924.8216543
5.98	6623.09656565	10045.9	40534.0926132	9520.02	32189.8499954	10491.21	20456.8664958
5.981	6818.62229773	9952.148	46875.9832137	9521.484	31713.3929935	10526.37	26714.027957
5.982	6493.60958224	9990.234	30683.5753027	9500.977	40883.2789214	10539.55	43543.0831981
5.983	6632.5564673	10031.25	46330.528422	9486.328	25566.0255791	10478.03	56187.207696
5.984	6355.33043868	9950.684	29189.7532406	9486.328	27642.4523287	10541.02	48053.1860544
5.985	6100.24661637	10013.67	25195.6943344	9505.371	31667.6537859	10461.91	38063.7814848
5.986	5732.11173201	9997.559	47876.0155113	9495.117	33311.4051531	10483.89	60517.1806773
5.987	5595.80293028	10034.18	50971.283917	9490.723	24265.4747623	10458.98	41683.6294923
5.988	5769.85276787	10018.07	29579.5704139	9536.133	25601.8122472	10486.82	42434.2895592
5.989	5459.44364116	10031.25	51201.1964773	9486.328	29153.0518528	10483.89	39041.720571
5.99	5572.89692696	10016.6	51597.5861242	9479.004	27961.6960298	10501.46	41299.2081678
5.991	6031.46010832	10001.95	23297.9052926	9484.863	35278.8444913	10517.58	27650.8980049
5.992	4929.21860543	10035.64	51546.773599	9520.02	28620.4771521	10500.0	42043.6831757
5.993	5694.61295313	9960.938	23106.2263306	9518.555	52082.6215132	10539.55	57362.4397209
5.994	5498.72786612	10023.93	23393.2745155	9468.75	28749.0433308	10486.82	24455.7197807
5.995	5597.89075173	9979.98	23009.5008167	9505.371	27878.4294958	10489.75	78172.8121591
5.996	5344.48219638	9982.91	42189.5910321	9499.512	42451.8462679	10467.77	34589.6218215
5.997	5267.7174489	10040.04	44870.5081711	9521.484	24014.4589444	10542.48	47701.8801533
5.998	5379.37811616	10015.14	41434.0091813	9512.695	32337.7268043	10488.28	28182.4450107
5.999	5510.85747825	9958.008	31462.6676182	9470.215	41539.7113288	10508.79	25126.2919627
6.0	5082.08841351	9956.543	34834.5102041	9544.922	38608.6004534	10510.25	28356.1784436
6.001	5417.72299586	10012.21	41398.0776083	9481.934	25657.407721	10545.41	43629.6329837
6.002	5318.63655115	9978.516	42368.6662241	9505.371	25655.411592	10527.83	33271.8282432
6.003	5375.37187829	9971.191	40842.1915684	9522.949	29707.4260489	10549.8	19972.2009728
6.004	5480.37535491	10006.35	18125.8541671	9546.387	28518.2608011	10476.56	32821.0638916
6.005	5364.22284266	10042.97	34000.1594848	9533.203	32270.4280689	10532.23	35850.3789603
6.006	5056.82570089	9996.094	43725.6522791	9479.004	35728.6981454	10536.62	38853.4394978
6.007	5419.60313424	9962.402	26520.6204868	9533.203	38602.9738954	10461.91	34082.1536057
6.008	5534.81868438	9969.727	23366.2926849	9495.117	44143.851407	10504.39	32598.6938718
6.009	5807.06035005	9999.023	43825.0552916	9489.258	34472.9911767	10548.34	31823.2283353
6.01	5317.12917436	10010.74	32968.4462691	9541.992	40225.0369599	10519.04	47594.7247121
6.011	5606.88549233	9952.148	35903.531611	9530.273	33102.2354827	10497.07	50652.8287673
6.012	5748.70214759	9969.727	29429.6525567	9457.031	34802.9284226	10542.48	34254.4781347
6.013	5535.2377627	10021.0	43612.5234463	9549.316	30273.8488512	10489.75	42270.1602618
6.014	5649.77324252	10022.46	35922.3634554	9506.836	48457.7700598	10467.77	72561.8691242
6.015	5865.54911383	9978.516	59452.3017336	9534.668	30720.4472327	10492.68	46415.449694
6.016	5649.29862004	10000.49	43684.7106193	9495.117	32166.0676921	10517.58	30751.5143997
6.017	5849.89167827	10009.28	45729.2719509	9484.863	42758.6831603	10530.76	30281.4268301
6.018	6064.07574524	9978.516	37379.977026	9493.652	33474.0171125	10454.59	42290.8134836
6.019	5879.56384693	10023.93	58691.2303294	9467.285	50424.5342213	10524.9	45340.3778179
6.02	5652.17833619	10041.5	30040.4942204	9508.301	30298.0502361	10480.96	40447.7745953
6.021	6289.9775824	9965.332	54417.7411135	9481.934	21870.3333933	10491.21	38939.9485207
6.022	6635.64853503	10026.86	45279.8514064	9541.992	56343.8480471	10523.44	38661.7078998
6.023	6474.77305106	10000.49	33643.6040692	9517.09	40794.5269773	10467.77	22823.2339829
6.024	5678.60115564	9977.051	35799.7540325	9503.906	46222.5982806	10545.41	33316.2254693
6.025	6418.6290864	10003.42	33665.127643	9522.949	54195.6502079	10511.72	49362.0524731
6.026	6422.60725412	10015.14	40915.8862861	9522.949	38989.6922953	10463.38	48337.7328721
6.027	6458.22329926	9974.121	38179.1848144	9455.566	35440.0777087	10519.04	70697.3725998
6.028	6360.11576698	9972.656	28233.4132663	9500.977	71671.8283455	10502.93	38790.9837097
6.029	6642.54528428	10042.97	62096.8565705	9517.09	52489.9061511	10451.66	44185.4219604
6.03	6521.77553194	9996.094	25269.546889	9500.977	57228.2060924	10542.48	42053.8105642
6.031	7001.32587012	10010.74	62909.6436644	9496.582	52239.5264643	10532.23	27926.3037948
6.032	7150.62364418	9963.867	46055.2323315	9471.68	49437.2985866	10473.63	51985.2274395
6.033	6972.17221175	9972.656	63384.6843209	9492.188	47054.857947	10549.8	35589.8713278
6.034	7251.4291483	9966.797	64226.4163635	9539.062	40078.1736794	10495.61	47180.8169369
6.035	7797.61557068	9956.543	39936.1679727	9458.496	44230.5124429	10472.17	42367.1190557
6.036	7106.97329138	9969.727	40853.9449549	9492.188	70378.88466	10524.9	54348.6871251
6.037	7563.23215606	10015.14	54268.6587692	9511.23	31639.854987	10521.97	29256.3165608
6.038	7052.33654281	9996.094	47121.3987534	9483.398	44969.7502506	10479.49	44433.223606
6.039	7636.61985856	9965.332	32786.0741878	9531.738	31497.7685393	10454.59	52097.2967194
6.04	6953.20614329	9999.023	64117.2289134	9541.992	70493.8092857	10516.11	49860.1844206
6.041	7643.15112155	9999.023	43732.7164987	9521.484	55802.8397736	10539.55	37775.8149798
6.042	7558.83645293	10038.57	40002.2256192	9455.566	51778.1689791	10479.49	47952.5102106
6.043	8077.91850084	10026.86	53128.0611161	9458.496	27946.284085	10463.38	54061.6885264
6.044	7617.81496842	9994.629	68494.2401997	9490.723	48496.3255505	10535.16	47413.2595723
6.045	8147.05607223	10021.0	63322.9824052	9509.766	72410.9499897	10511.72	40928.3168837
6.046	7985.88202357	9999.023	92406.4372997	9498.047	43231.6821143	10541.02	49211.5799578
6.047	7813.80187203	9999.023	78378.2514173	9464.355	84303.6842976	10505.86	50810.8754874
6.048	7909.75015647	9997.559	54852.5704521	9468.75	44913.9297442	10539.55	50204.262137
6.049	8144.60636512	9997.559	102501.996756	9539.062	49486.3855214	10480.96	76619.8029036
6.05	7770.63993983	9981.445	38672.4650943	9543.457	50445.6035623	10482.42	74878.7320065
6.051	8230.75228959	9971.191	62020.21524	9470.215	42490.2884908	10472.17	53452.4103262
6.052	8136.6476894	10029.79	43870.3204864	9473.145	46131.0573826	10463.38	52232.2742793
6.053	8352.84078706	10001.95	45707.150244	9477.539	86009.287713	10502.93	53309.8420387
6.054	8396.01168901	9975.586	75605.2640487	9487.793	123736.968925	10514.65	45265.7940053
6.055	8406.97983634	10000.49	38223.3489604	9518.555	44819.8023681	10516.11	41945.9959205
6.056	8751.45813169	9981.445	47108.9418114	9527.344	52491.1391488	10541.02	51783.4955511
6.057	9145.07501319	10031.25	91908.6696871	9508.301	74825.4728706	10541.02	42031.3335701
6.058	8708.51738339	10006.35	61651.6601843	9492.188	58829.6705026	10461.91	49398.440893
6.059	9151.60383086	10000.49	78147.4313711	9544.922	63184.8754193	10460.45	62206.5956789
6.06	9107.09568287	9965.332	50510.9588903	9452.637	58312.1300467	10516.11	47960.0161227
6.061	8952.79431628	10045.9	64152.0776756	9455.566	70734.3535615	10476.56	53676.0871378
6.062	8627.85162826	9996.094	52088.7182091	9467.285	36241.9118107	10548.34	41724.7613523
6.063	8450.45268528	9960.938	51956.2502547	9514.16	76141.2344154	10494.14	59855.3656647
6.064	9219.58690403	9950.684	51969.4194455	9511.23	47841.9712592	10497.07	56521.8658583
6.065	9770.88432656	9999.023	95275.3748509	9521.484	49893.8772661	10526.37	45609.8949326
6.066	9315.02070072	10007.81	46137.2209725	9495.117	63571.6025383	10510.25	59671.7911651
6.067	9405.34715022	9997.559	99279.4950601	9520.02	53264.9554351	10478.03	56273.9937041
6.068	10024.8300169	9996.094	50473.9787995	9505.371	53940.4029867	10453.12	40606.7933757
6.069	8614.21581482	9996.094	106306.25717	9549.316	65001.1633337	10507.32	79879.3107235
6.07	9846.73993066	9994.629	113749.253796	9540.527	87167.4078108	10501.46	65267.0144897
6.071	9547.53156421	9999.023	96639.0924	9493.652	53220.3340457	10454.59	73860.9376527
6.072	9772.27555705	9999.023	112332.554099	9498.047	101484.803881	10473.63	65562.2215953
6.073	10341.3794649	9997.559	50312.239513	9454.102	46657.6672012	10458.98	75271.3268755
6.074	9753.37826653	9996.094	127505.314581	9496.582	49258.5507651	10501.46	56031.7416928
6.075	10619.352258	9963.867	73167.6321289	9547.852	49424.8021605	10530.76	75648.9582456
6.076	9991.14381767	9994.629	108458.350459	9539.062	70740.8581413	10497.07	89520.2579667
6.077	9987.23254505	9994.629	90277.7038956	9467.285	80654.180659	10524.9	56617.7071602
6.078	10292.8112202	9999.023	124779.280313	9544.922	74433.3500648	10539.55	48154.3051059
6.079	9815.73663853	9956.543	76439.3168766	9508.301	87869.5490555	10483.89	53081.8007616
6.08	10821.4606513	9996.094	114258.308202	9546.387	54058.97614	10482.42	40809.8077889
6.081	9936.88163752	9996.094	80823.1444451	9544.922	61055.2091882	10453.12	64406.2878618
6.082	10466.9687828	9993.164	127211.016195	9471.68	48159.5928183	10458.98	74056.4033328
6.083	10638.7550797	10000.49	159799.645148	9544.922	74692.5811397	10470.7	77351.204562
6.084	11117.8984101	9978.516	60157.7512016	9544.922	62990.4582784	10533.69	131294.821413
6.085	10488.7448402	10035.64	78792.2639075	9541.992	72119.5300712	10539.55	59764.6373322
6.086	10097.0450745	9997.559	101418.609104	9509.766	85121.6984365	10483.89	70739.9644621
6.087	10642.6252311	9987.305	74797.3505467	9487.793	59811.5886512	10479.49	90511.9647056
6.088	10549.5647472	9975.586	49331.2409273	9514.16	44229.5512795	10451.66	44503.8062025
6.089	11050.6322348	10001.95	66670.3570295	9474.609	65224.1537949	10548.34	60627.3430192
6.09	11288.8505316	10015.14	74551.0423097	9458.496	78911.2467834	10532.23	79628.6285981
6.091	11344.1750585	9987.305	47739.8484143	9525.879	65075.4505308	10510.25	81313.4926382
6.092	11016.470632	9997.559	176192.78903	9511.23	94800.4419805	10505.86	75778.016642
6.093	11300.9766477	10044.43	44495.7468694	9533.203	103831.85249	10542.48	65056.1201502
6.094	10219.818838	10032.71	86455.0205821	9537.598	45284.2706998	10494.14	87487.0579509
6.095	11639.7414247	9994.629	89036.0783802	9496.582	88964.417039	10524.9	51225.395725
6.096	11531.2154641	9999.023	68382.4450287	9525.879	63822.5065679	10491.21	71936.058763
6.097	10574.8912278	9996.094	47826.801272	9467.285	92277.8718651	10504.39	99984.1951391
6.098	11012.7605824	9997.559	193445.051325	9502.441	48001.8359243	10479.49	116915.540458
6.099	10625.104857	10010.74	62415.2700975	9512.695	54835.2106234	10514.65	67426.4218606
6.1	10808.6189732	9996.094	110467.584567	9539.062	98858.2994135	10495.61	55987.1341003
6.101	10738.4646703	9994.629	149192.101211	9476.074	58784.6421174	10476.56	57882.1376051
6.102	10179.6722724	9978.516	61177.4963828	9515.625	45074.9987281	10549.8	36377.3659762
6.103	11103.6494272	9999.023	191471.315424	9500.977	34727.3521872	10476.56	93398.7658016
6.104	11566.5898583	9997.559	173178.675416	9465.82	43932.0725371	10517.58	116020.827423
6.105	11232.5830355	9996.094	201260.960534	9506.836	98356.8693197	10508.79	67339.5215242
6.106	11684.9158607	9996.094	125000.88431	9520.02	49924.1189013	10457.52	47475.3604248
6.107	10811.3385638	9994.629	124942.534269	9498.047	70160.4245706	10453.12	59561.1933836
6.108	11802.881312	10000.49	189590.868808	9499.512	60839.4547669	10458.98	79109.1816766
6.109	11229.5177611	9990.234	123260.668658	9454.102	67173.5876972	10530.76	63849.4985249
6.11	10980.6306232	10003.42	73261.2465244	9477.539	84463.8520059	10491.21	67561.4621521
6.111	11127.5752914	9997.559	129994.680586	9461.426	81968.2028639	10513.18	56140.0069864
6.112	11180.1535506	9996.094	152213.697803	9500.977	61293.7090014	10507.32	93495.5619648
6.113	11278.4729199	10040.04	73368.7726292	9506.836	86747.9558453	10460.45	56825.6546853
6.114	10628.787023	9994.629	159667.70349	9502.441	127501.484116	10466.31	124429.257993
6.115	11317.6354004	9999.023	113751.688285	9474.609	82209.6452231	10489.75	89154.6636527
6.116	11845.0309195	10000.49	108347.85014	9490.723	57756.9136149	10502.93	114881.683761
6.117	12626.9631135	9997.559	158722.421422	9536.133	72533.2128843	10504.39	102579.799192
6.118	12895.2046392	9969.727	79433.6500309	9477.539	55700.25686	10511.72	53290.4752083
6.119	10253.6441409	9996.094	72442.1346828	9479.004	86297.8975318	10489.75	76471.3422066
6.12	11109.4728885	9966.797	84648.3622722	9473.145	63094.2080333	10456.05	48915.9626787
6.121	11461.5287818	10000.49	239205.315605	9505.371	62505.3985158	10539.55	59783.6239442
6.122	11187.290498	9999.023	115071.5352	9524.414	57124.7857029	10527.83	62784.5198535
6.123	10507.7920761	9997.559	95410.3758154	9530.273	106587.225393	10548.34	78150.4066385
6.124	10871.0836505	10004.88	69603.681743	9534.668	80579.2770924	10500.0	112478.072245
6.125	11259.2803839	9996.094	247115.009626	9451.172	65690.8787946	10454.59	65734.8231326
6.126	11217.6338713	9994.629	70973.3665571	9524.414	55956.7414186	10501.46	43414.3042531
6.127	10939.7294848	9994.629	86131.4728626	9455.566	48533.6975326	10521.97	67092.6277133
6.128	11452.1366756	9999.023	110204.355901	9509.766	101053.104388	10538.09	134553.126412
6.129	11438.936518	10019.53	92846.7690263	9474.609	45596.1321262	10527.83	51514.1398035
6.13	11648.7304293	9997.559	69757.3173847	9540.527	90579.5467786	10454.59	72631.5885125
6.131	12006.3261376	10001.95	60614.0133943	9521.484	51769.1023848	10497.07	52834.6886361
6.132	11269.7017385	10000.49	87400.5347697	9541.992	68867.0856428	10532.23	64358.4751214
6.133	12175.848302	9975.586	78866.3401696	9474.609	92749.497715	10526.37	63868.1462625
6.134	11479.9936136	9999.023	181244.10721	9498.047	61738.7905966	10546.88	107743.988069
6.135	11501.3689782	9999.023	92081.196719	9528.809	78456.5688762	10485.35	54364.8164297
6.136	10794.0455145	9997.559	79868.6952083	9531.738	71194.9715807	10495.61	63520.7735864
6.137	11070.3601669	10034.18	86049.8982523	9473.145	72677.1580458	10489.75	43037.1844941
6.138	10881.3232927	9996.094	79599.2548878	9514.16	57462.7547724	10543.95	76091.6359481
6.139	11076.7768176	9994.629	105003.81896	9512.695	115586.844933	10497.07	64165.4867049
6.14	11671.6004458	9997.559	53918.6536456	9537.598	66053.0782903	10543.95	61360.2723502
6.141	10805.3772473	10003.42	95441.5131529	9540.527	43798.6588949	10478.03	88569.0530352
6.142	11327.9793092	10044.43	59297.2835967	9544.922	138937.383674	10464.84	65668.8834001
6.143	10578.4809096	9963.867	50534.7219824	9484.863	52363.3549938	10543.95	87344.7018142
6.144	10285.321062	10016.6	78219.1781426	9544.922	98915.7520083	10538.09	72595.6458134
6.145	11295.3539694	9953.613	82644.7583142	9527.344	124091.416917	10492.68	50334.3763651
6.146	11208.4384277	9997.559	75530.4442667	9536.133	54835.0441557	10521.97	77565.0908522
6.147	10050.9635395	10025.39	71724.4488335	9479.004	38437.0892141	10520.51	83223.453963
6.148	11314.228571	9974.121	60670.145378	9547.852	78080.2966506	10543.95	57533.5105897
6.149	10451.2921411	9984.375	67733.0278105	9455.566	67567.0061872	10501.46	53916.7364234
6.15	11346.2611578	10025.39	82495.4406764	9493.652	51490.0671488	10498.54	58708.0760033
6.151	10263.3028516	9990.234	55378.7653318	9547.852	64543.5600711	10492.68	50690.6204397
6.152	10504.3065667	10000.49	85577.4084441	9467.285	59984.0887595	10497.07	52804.0572931
6.153	10860.3696446	9987.305	95850.2019819	9518.555	75528.5401291	10472.17	48243.9787714
6.154	10575.1248046	10028.32	65649.99929	9483.398	61142.5969624	10501.46	58571.9897348
6.155	10631.0779998	10048.83	75544.6985335	9522.949	70212.6704511	10511.72	50482.0283639
6.156	9797.67434749	10018.07	48797.2250806	9512.695	95572.6963749	10520.51	71016.0357913
6.157	10487.2168696	9987.305	46780.7212883	9531.738	73747.11101	10507.32	66458.2408176
6.158	10798.3837686	10007.81	55754.4797374	9452.637	65370.2399931	10475.1	67808.4439179
6.159	10019.7063167	9977.051	50488.6588486	9505.371	51291.5027559	10497.07	73124.6516731
6.16	10225.5920619	10003.42	47191.8875138	9536.133	59420.4205864	10549.8	45197.9490818
6.161	9792.13611905	9960.938	71378.0522633	9503.906	61784.9008554	10495.61	57078.096669
6.162	11196.1862332	10047.36	45481.1360434	9502.441	54334.9234271	10453.12	74301.8517183
6.163	9499.58160396	10037.11	49193.9061733	9477.539	77709.2467438	10511.72	82307.440088
6.164	10250.4165119	9994.629	108598.212355	9467.285	75657.616232	10483.89	71991.9879173
6.165	10805.6432965	9999.023	60260.0185837	9511.23	84604.392731	10519.04	47009.2064405
6.166	9297.81524482	10037.11	45589.7588454	9476.074	66136.3716077	10502.93	58585.9861861
6.167	9241.58136431	9997.559	118446.0659	9531.738	62438.7921435	10527.83	57548.7426614
6.168	9768.32962154	10021.0	64338.4363953	9474.609	43825.7122733	10466.31	62906.5592217
6.169	9772.61102169	9978.516	56269.6431398	9508.301	45083.9615875	10457.52	48230.1620259
6.17	9390.75219634	9994.629	69564.0017686	9517.09	52815.0219008	10456.05	56959.5380464
6.171	9485.93778665	9997.559	85515.4572251	9496.582	67994.1212221	10470.7	81017.6295926
6.172	10478.0547708	9960.938	45218.8523472	9515.625	56337.1252968	10470.7	82189.2345473
6.173	9407.71007549	9958.008	57355.4816694	9522.949	45338.8199376	10456.05	59871.8685126
6.174	8961.43233694	10026.86	54030.5711855	9467.285	43937.0285	10513.18	35942.298459
6.175	9295.96887844	10013.67	76608.6103846	9495.117	58477.7212215	10536.62	87558.5909561
6.176	9171.13994658	9984.375	47601.9017534	9500.977	72615.4427677	10457.52	65683.0377134
6.177	9911.95824676	9958.008	35867.7822882	9531.738	55264.9883083	10492.68	98327.4785581
6.178	9089.01168394	10032.71	40858.9085195	9489.258	85504.3718443	10498.54	81572.5295366
6.179	8921.41498028	10026.86	52676.777677	9544.922	54899.8350427	10483.89	79984.6478408
6.18	8687.41940137	10048.83	60486.1027066	9476.074	72029.7022492	10483.89	69077.8320969
6.181	9422.72906928	10018.07	105356.532979	9481.934	70943.0720386	10510.25	83698.2188585
6.182	9313.90354593	10028.32	65888.8960776	9541.992	81726.7777219	10451.66	63805.8097333
6.183	9750.87046082	9975.586	59953.2272186	9454.102	48979.6727875	10504.39	75277.894057
6.184	8934.81809429	9991.699	66356.8473966	9531.738	52517.0248701	10526.37	62770.7104913
6.185	9381.24787257	9982.91	68655.8838704	9462.891	41390.2734722	10470.7	47998.3771557
6.186	9105.87741724	9963.867	83612.2457693	9505.371	45026.2208587	10451.66	51135.0339859
6.187	9307.7252291	9994.629	51989.2103576	9518.555	46756.0633367	10511.72	89116.4265007
6.188	9000.47016031	10003.42	47074.0569558	9471.68	60806.665147	10514.65	58974.2754415
6.189	8913.08278121	9985.84	82494.9174642	9527.344	38780.047325	10472.17	58911.3538882
6.19	9185.74706339	9999.023	43401.0642739	9502.441	62535.5544859	10500.0	38712.3290177
6.191	8667.16287628	9958.008	49798.9067262	9479.004	42438.6893944	10461.91	78995.4881063
6.192	9163.05104186	10004.88	55058.4970309	9471.68	62082.1751243	10463.38	48931.2767659
6.193	9396.92211692	10000.49	61117.6401564	9518.555	53554.6951523	10479.49	45053.387116
6.194	9678.39668359	9955.078	67888.5813424	9467.285	60603.9228267	10450.2	63077.8228734
6.195	9680.61371142	10047.36	60180.9342268	9546.387	35512.5447884	10541.02	64202.8943192
6.196	9242.8360514	10012.21	128901.520037	9493.652	69582.0467108	10514.65	51550.7658708
6.197	10007.2695883	10029.79	70466.3914184	9477.539	33480.602012	10533.69	71110.0033081
6.198	9389.68622037	9984.375	76319.5733415	9547.852	45912.1210838	10491.21	90340.1394224
6.199	9087.01236751	10000.49	56058.407844	9467.285	56049.690472	10461.91	51540.1086251
6.2	9350.65553272	9996.094	82289.5008614	9506.836	61068.6455816	10473.63	57230.8411468
6.201	9691.04034332	10035.64	52967.3591962	9479.004	83130.005405	10460.45	49747.8309987
6.202	9209.56618807	9985.84	49910.3972267	9484.863	46060.3210387	10524.9	35156.4198883
6.203	9577.36476864	10037.11	77283.6195798	9533.203	61275.4137466	10523.44	90795.3363218
6.204	9865.08126129	9971.191	40892.1877842	9455.566	42649.0980268	10548.34	57611.6853587
6.205	10445.6044275	9999.023	80503.5308717	9462.891	58328.9214181	10526.37	72794.410917
6.206	9878.30866141	10047.36	59271.3132291	9458.496	49424.6375879	10535.16	48788.2227521
6.207	9566.42447378	9993.164	47565.4178189	9458.496	40767.9588199	10480.96	51896.9491639
6.208	10059.2021882	10006.35	61213.4770474	9533.203	64512.9898205	10541.02	76908.2853865
6.209	9158.36698651	9987.305	55456.7097455	9465.82	51347.7971277	10510.25	58977.6245638
6.21	10757.9576758	10044.43	44955.4705605	9537.598	63873.8661298	10491.21	68144.3185092
6.211	10359.5696572	9996.094	99758.3007749	9462.891	56382.5745305	10456.05	73207.9603259
6.212	10138.0983218	10015.14	42017.9167066	9541.992	56712.4333746	10473.63	56579.2606556
6.213	10796.1736666	9974.121	35894.5108811	9492.188	83549.8800058	10539.55	58654.5030178
6.214	9949.30066006	9956.543	52097.1683284	9522.949	61579.8396431	10479.49	71837.558504
6.215	10243.2799944	10000.49	90280.5619133	9533.203	76394.3003201	10486.82	66483.5060913
6.216	9686.84204914	9985.84	59546.5455162	9459.961	79857.7920355	10494.14	58604.3630206
6.217	10926.9852053	9997.559	100317.924604	9521.484	49976.5205932	10472.17	124090.682608
6.218	10083.0829673	9996.094	85469.33444	9470.215	50742.902469	10507.32	54807.7380616
6.219	10261.9728307	10041.5	86514.0409675	9541.992	83933.0711488	10476.56	77645.5138724
6.22	10740.1437073	9962.402	67107.8861173	9536.133	49456.2915594	10508.79	64889.6497158
6.221	11210.6012881	9987.305	75086.2790638	9521.484	108182.249298	10545.41	71396.8972612
6.222	10159.2647404	9975.586	85345.295904	9515.625	81818.1684279	10467.77	77502.9171038
6.223	11061.0101334	10034.18	65563.1029948	9474.609	73859.9174328	10458.98	85545.2383641
6.224	11090.4595835	9979.98	35653.530016	9514.16	57700.6468701	10453.12	81570.1131104
6.225	11763.4324869	9996.094	82946.1708317	9506.836	29937.5742951	10510.25	47436.7801583
6.226	10831.6722193	9966.797	81808.6065785	9546.387	94618.9263824	10498.54	47482.9764246
6.227	10941.1176988	10042.97	49863.9127863	9521.484	55718.224746	10508.79	56352.1765653
6.228	11635.6323472	9971.191	101396.321853	9457.031	74678.8197127	10460.45	45334.6252133
6.229	11422.7634765	10010.74	52228.7468071	9458.496	77722.0471801	10470.7	59867.4221336
6.23	11623.0674127	9985.84	57422.5090859	9512.695	88868.9589498	10498.54	56611.4396965
6.231	11570.5379155	9975.586	61617.1189723	9502.441	58327.5497793	10457.52	122783.495203
6.232	11315.0831994	9979.98	55126.4259457	9476.074	92270.2109928	10536.62	65806.6488994
6.233	12813.897415	9968.262	87620.4945848	9452.637	79005.8560051	10497.07	57507.6542023
6.234	11256.8161588	10021.0	84511.6714485	9470.215	58943.3332712	10536.62	76938.2097095
6.235	12011.0885591	9969.727	47746.890555	9536.133	66547.5509755	10464.84	63211.2967373
6.236	11951.4958157	9968.262	68850.2035559	9509.766	63995.9191791	10464.84	71021.7144878
6.237	11731.6140391	10004.88	62580.7509207	9473.145	53910.6074428	10549.8	51848.8164339
6.238	12441.3557785	9990.234	58225.1597699	9454.102	106957.241698	10488.28	110074.783857
6.239	12820.6213886	10006.35	107405.703867	9479.004	54627.6218563	10543.95	74201.9744009
6.24	11927.4146429	9953.613	75756.4453326	9522.949	57111.6506925	10523.44	93866.348981
6.241	12178.1168918	9968.262	63732.3890277	9518.555	50700.8736198	10523.44	72601.072833
6.242	13600.442671	9997.559	74679.2510853	9505.371	44255.4462931	10548.34	98821.0920063
6.243	13046.1379841	9963.867	77721.9536337	9483.398	82194.7169798	10467.77	96340.9307026
6.244	12086.6457579	9956.543	104837.532137	9521.484	104795.932828	10524.9	60223.034772
6.245	13009.3207512	10028.32	70141.609748	9464.355	143208.350445	10524.9	70487.2689625
6.246	12669.3608701	10045.9	60614.1170984	9546.387	121652.835631	10536.62	105405.730462
6.247	13203.5579943	9978.516	97271.2321329	9473.145	120901.614965	10511.72	92066.1905519
6.248	13129.1765278	10016.6	89583.1491887	9528.809	54173.4754263	10510.25	87970.5115239
6.249	12634.5480699	9958.008	56011.8145765	9498.047	67520.4954873	10460.45	117063.041281
6.25	13655.8921742	10001.95	107837.270127	9459.961	88251.107163	10543.95	74583.7508523
6.251	12490.3251373	9971.191	68022.2854803	9487.793	69405.1743824	10513.18	66844.93273
6.252	12225.4912509	10048.83	91078.8688784	9546.387	70187.7242588	10463.38	82133.0107577
6.253	13643.7016795	10031.25	83263.4302408	9473.145	105175.502497	10520.51	68489.1457168
6.254	13371.7684864	9965.332	94786.823254	9537.598	70623.577767	10549.8	67177.8385232
6.255	13996.5584577	9972.656	81582.0849844	9492.188	50294.7319506	10533.69	73650.9754522
6.256	14312.0508884	9955.078	81999.1961688	9458.496	65675.9015274	10479.49	94235.6482387
6.257	13946.5272526	9990.234	82191.0044822	9487.793	80105.7717758	10527.83	132973.659447
6.258	13741.1646514	9988.77	99004.9604443	9511.23	95111.1737654	10546.88	87655.4466544
6.259	15184.8841825	9979.98	82652.8207165	9540.527	97728.1320673	10541.02	111851.992721
6.26	13277.580928	9956.543	91888.9658018	9521.484	72491.5226919	10535.16	81407.2535961
6.261	13070.2586077	9971.191	82781.8387289	9502.441	70040.6323419	10530.76	109638.59257
6.262	13880.2784382	10038.57	73218.70809	9483.398	86036.2431048	10549.8	55518.6107727
6.263	14342.0851957	10038.57	79583.6366318	9531.738	111018.546284	10517.58	153971.600688
6.264	13191.5537469	10016.6	95588.072412	9521.484	70350.8272798	10538.09	91117.1326031
6.265	13603.7840829	9977.051	79654.75509	9487.793	113019.508653	10510.25	63858.1198544
6.266	14320.8036756	10021.0	67536.5406478	9487.793	100472.405687	10451.66	60632.4822415
6.267	13452.4780458	10012.21	136191.902545	9500.977	145198.528018	10549.8	70491.8214482
6.268	14324.7293088	10028.32	71343.7751248	9479.004	108567.08538	10545.41	75251.1561351
6.269	14653.2636537	9982.91	81732.6752525	9464.355	108811.384236	10461.91	137466.935803
6.27	15216.104866	9953.613	71904.8805154	9530.273	93125.7816331	10466.31	115918.921106
6.271	15081.2537334	9982.91	72859.103139	9489.258	87083.7537009	10464.84	49327.9116953
6.272	14903.2389488	9952.148	96273.9356132	9476.074	94911.7446058	10498.54	113543.965458
6.273	14133.6479842	9971.191	70739.5644273	9531.738	49256.3310003	10454.59	92520.9565653
6.274	14927.4452683	10038.57	115816.631742	9517.09	101188.372379	10456.05	131197.582048
6.275	14099.3184912	9996.094	71152.0884038	9473.145	102357.175947	10502.93	109355.622194
6.276	15011.711651	10038.57	99368.7148405	9533.203	187774.850732	10480.96	55359.3990116
6.277	15213.1166736	9968.262	79259.2666651	9498.047	72805.4136559	10463.38	151423.484786
6.278	14007.2490161	9966.797	90298.9456475	9543.457	155638.099599	10513.18	88085.6443568
6.279	15550.1969941	9982.91	97109.0977367	9531.738	157010.235356	10457.52	136757.250248
6.28	14338.3650498	9952.148	191482.787146	9511.23	174333.241871	10532.23	80618.4442404
6.281	15411.8354155	9977.051	116152.062742	9505.371	64343.9775877	10456.05	72577.3198869
6.282	16172.0401742	10025.39	85995.5166147	9462.891	57742.6266179	10456.05	74428.6008669
6.283	14742.0163019	10038.57	69167.9589996	9528.809	61366.4672216	10500.0	64607.4069147
6.284	16069.5102139	9982.91	100055.021887	9518.555	140154.154323	10539.55	155141.829686
6.285	15636.7402221	9994.629	69649.9059013	9457.031	153671.168737	10489.75	137109.035835
6.286	14968.0249795	10038.57	81436.1737626	9480.469	103206.557739	10549.8	54381.9561028
6.287	16204.0289238	9996.094	114351.908671	9467.285	141972.343524	10489.75	75218.7481872
6.288	14669.0571305	10042.97	55521.1950371	9451.172	71567.8743882	10510.25	83675.2631823
6.289	15368.0929246	10012.21	90169.142997	9541.992	99186.2240241	10513.18	107111.291042
6.29	15387.7449975	10031.25	141972.207244	9541.992	100906.089829	10478.03	100096.522252
6.291	15048.2724278	10040.04	66737.3921652	9546.387	65389.6291288	10501.46	71743.4509947
6.292	15482.67888	9955.078	102068.775729	9520.02	101030.448546	10527.83	97136.2377156
6.293	15377.9469886	10045.9	165223.567628	9461.426	174866.601401	10533.69	107787.728844
6.294	15809.1770297	9955.078	101738.173694	9476.074	72029.9196259	10539.55	132475.056475
6.295	15372.3811077	9977.051	131713.002413	9511.23	170406.990826	10505.86	82779.0506218
6.296	15299.4279203	9978.516	128653.852036	9536.133	81003.2746308	10501.46	120654.787103
6.297	15863.3119507	10045.9	137990.563968	9465.82	94731.6029628	10542.48	109296.181778
6.298	15942.0134969	9965.332	97072.4918928	9465.82	121821.935214	10453.12	109043.13448
6.299	15726.5572029	10035.64	91002.5735067	9487.793	101529.146377	10504.39	49568.3777489
6.3	20839.0383668	9953.613	102662.464445	9530.273	146639.782197	10529.3	236225.744944
6.301	15342.1621619	9997.559	115104.07963	9492.188	130231.76893	10479.49	199163.427385
6.302	16328.653277	10026.86	103466.701497	9547.852	85229.4091518	10492.68	141953.539834
6.303	15504.568346	9969.727	59561.5827616	9458.496	99550.9232708	10469.24	116243.256072
6.304	15850.4136439	10000.49	62958.8109249	9462.891	98086.8106376	10527.83	95793.8631909
6.305	16433.50131	10035.64	142420.481391	9533.203	62037.6787938	10453.12	94415.9564328
6.306	15594.8712601	10047.36	84266.6271044	9468.75	71462.2986055	10472.17	80185.2639071
6.307	16005.7664975	10048.83	76520.3015598	9506.836	94327.9292787	10519.04	122213.241499
6.308	15775.9436506	10013.67	132032.097009	9525.879	129054.324919	10545.41	85058.8872201
6.309	16148.6918699	10042.97	86196.7310052	9540.527	161308.884551	10470.7	108542.406693
6.31	15621.5511862	9997.559	89512.1585186	9515.625	174941.741729	10478.03	82823.8405379
6.311	15879.1533091	9968.262	102004.720572	9500.977	123961.695521	10542.48	189368.406376
6.312	15893.9596244	9993.164	88534.2224104	9549.316	62239.4837856	10514.65	89705.4008155
6.313	15989.735876	10031.25	117784.899868	9500.977	84005.4845403	10451.66	104307.131792
6.314	16227.5122441	9994.629	143101.955583	9541.992	73460.4138111	10505.86	152356.279553
6.315	15773.9532361	9978.516	81070.0084639	9508.301	105364.464629	10535.16	96616.7324157
6.316	15967.5946187	10004.88	105300.276032	9489.258	149904.538304	10504.39	107762.336635
6.317	16714.6939276	9984.375	115187.750511	9541.992	65055.1069242	10519.04	229988.006259
6.318	15384.3837988	10045.9	68143.8566147	9544.922	94416.1854776	10505.86	144123.228665
6.319	16681.5527872	10021.0	80307.6241221	9454.102	108006.84456	10523.44	104735.231927
6.32	16142.9891855	10021.0	76787.4819478	9490.723	87537.8189981	10502.93	68566.4517616
6.321	15198.6783402	9972.656	88966.1348712	9500.977	97361.5921094	10454.59	123259.800865
6.322	16515.8951038	10025.39	59583.894688	9492.188	84313.9238128	10460.45	89649.8375209
6.323	16123.4056425	9960.938	109018.076419	9457.031	82630.5176458	10479.49	113006.693114
6.324	15412.279445	9952.148	69316.9839604	9531.738	108099.805212	10473.63	87847.3553675
6.325	15870.6984132	10035.64	121873.589432	9528.809	89881.8266944	10501.46	80589.2414121
6.326	16711.0383776	10018.07	96414.7126223	9458.496	45738.3961956	10500.0	106195.244812
6.327	16162.0716127	9981.445	82180.8733377	9455.566	100360.123395	10500.0	93940.9984719
6.328	16574.2385578	9979.98	136783.774723	9495.117	125011.929028	10546.88	70790.0348843
6.329	16858.8650013	9988.77	64866.6022886	9481.934	93588.5311231	10529.3	76914.497283
6.33	16584.2425716	10007.81	118255.497838	9489.258	114667.049036	10473.63	106244.172368
6.331	15761.9808069	10016.6	111887.907356	9470.215	107013.33326	10473.63	144994.461662
6.332	15990.661016	9960.938	98158.9924745	9470.215	72187.9408407	10498.54	104896.187322
6.333	15971.8464273	10019.53	65153.763834	9508.301	113933.767549	10520.51	106368.38057
6.334	15421.9596622	9997.559	158205.003473	9543.457	100156.383452	10526.37	108800.562267
6.335	16099.4784893	9981.445	90764.1158614	9461.426	93713.5461258	10498.54	130746.064137
6.336	15904.7619882	10031.25	72504.3045501	9512.695	102733.755776	10529.3	97060.9079311
6.337	15600.3573503	10048.83	74871.0372559	9459.961	101363.474685	10536.62	108235.406603
6.338	15783.6773601	9991.699	73533.4692514	9533.203	93736.6233214	10502.93	77432.7339718
6.339	15996.3414491	9952.148	154019.750495	9546.387	94830.2057068	10532.23	79213.119554
6.34	15242.8310401	10048.83	63597.7505412	9452.637	85805.5665697	10533.69	129126.522279
6.341	16564.7021771	9956.543	77274.3002907	9498.047	104264.032852	10535.16	109671.367952
6.342	16525.2985892	10000.49	84312.7214112	9544.922	111950.846725	10453.12	89491.5948852
6.343	15674.1186898	9958.008	92637.2655824	9543.457	104710.535164	10470.7	153504.716918
6.344	16470.7645076	10025.39	80516.444702	9536.133	86873.6441416	10495.61	77177.1029153
6.345	15210.0029727	9994.629	250280.247046	9470.215	123058.044383	10536.62	112961.258417
6.346	10607.016732	10031.25	89264.1381817	9544.922	59858.0886299	10500.0	45597.4703875
6.347	170.535578378	9965.332	1406.62511285	9543.457	896.072336835	10458.98	783.048947821
6.348	163.884205245	10037.11	1077.89747148	9530.273	748.083834936	10514.65	1203.3151901
6.349	16168.811982	10025.39	138939.112325	9527.344	75703.6392374	10536.62	82421.4377733
6.35	15880.2940957	10004.88	102079.679089	9540.527	69583.3858585	10476.56	144164.624656
6.351	15451.2546227	9994.629	235007.571931	9546.387	108195.891928	10470.7	70220.6875716
6.352	14841.0181099	10000.49	216792.011471	9531.738	95749.9571427	10472.17	153984.257498
6.353	14492.0378426	10040.04	77100.1720123	9520.02	67259.1639266	10536.62	110714.065071
6.354	16824.2095037	9981.445	80339.8448869	9539.062	48283.5732903	10541.02	68878.1083148
6.355	15272.3411385	9997.559	147159.980821	9525.879	60301.3327256	10505.86	104640.591135
6.356	14804.850054	9996.094	175637.597322	9484.863	121161.949443	10549.8	79148.8873922
6.357	14923.8501901	10000.49	128264.950515	9451.172	88361.8245291	10482.42	57710.0378862
6.358	14962.86285	9999.023	89670.4273819	9470.215	74692.8434285	10520.51	52491.4084834
6.359	13650.7659042	9985.84	95712.0653703	9503.906	104048.356946	10511.72	91369.5666666
6.36	14941.3971528	10029.79	91880.4235975	9514.16	94010.431675	10541.02	78848.7618547
6.361	15002.9406804	9990.234	101768.637614	9539.062	68858.7126369	10467.77	73925.4861439
6.362	14597.8345054	9960.938	83718.2519643	9522.949	83169.7330302	10489.75	61000.3642017
6.363	13875.9403417	10044.43	84926.6152319	9521.484	82431.2129434	10467.77	73230.9535731
6.364	14161.7891151	10007.81	69565.4755047	9521.484	109959.696	10519.04	90797.6734658
6.365	13492.9897973	10010.74	95579.9007537	9470.215	93466.3152177	10489.75	74002.9597583
6.366	13323.692558	9993.164	74799.6894576	9536.133	51134.9247586	10536.62	81922.7425193
6.367	13453.0341119	9984.375	70600.502047	9457.031	108259.548458	10533.69	66924.378721
6.368	13589.6380235	9965.332	71104.7092058	9451.172	56708.4276366	10479.49	59802.0562552
6.369	13091.5471722	10028.32	77187.1708141	9458.496	136024.83856	10510.25	82998.3890624
6.37	12711.9514692	10031.25	70712.4334627	9474.609	72378.446482	10521.97	74363.168675
6.371	14189.3355549	9991.699	54530.8581748	9499.512	46112.3321458	10467.77	49206.8657217
6.372	12663.6412456	10022.46	93676.474669	9544.922	56100.4781911	10456.05	90087.7866654
6.373	12776.8610534	10007.81	95201.2144946	9518.555	73783.4212766	10549.8	64894.8935651
6.374	12700.1204416	9950.684	96647.0136526	9457.031	134767.149334	10460.45	75202.1522599
6.375	12238.3826525	9991.699	55559.0668311	9520.02	82987.1635121	10536.62	79949.2540326
6.376	12147.5388483	9950.684	89037.0709771	9458.496	68922.6269	10523.44	91659.2397879
6.377	11414.9675706	10032.71	106678.295866	9511.23	83725.5071889	10464.84	59892.8491563
6.378	12101.1006498	9969.727	78185.0210095	9508.301	155135.405591	10464.84	108617.221339
6.379	11505.2280628	9985.84	114780.277054	9505.371	102454.376093	10457.52	42611.6646155
6.38	12078.6686709	9996.094	90545.726245	9459.961	71779.272252	10548.34	60963.2552936
6.381	11781.2652299	9996.094	164939.561352	9543.457	66771.1193151	10457.52	71220.6691292
6.382	11153.2798227	10022.46	73842.7366795	9534.668	78750.7416677	10535.16	66143.3155562
6.383	11619.0027048	9965.332	83097.005786	9465.82	55186.6165565	10541.02	51635.7902759
6.384	10842.6193766	10040.04	82646.8209409	9457.031	77245.0266323	10513.18	57413.9902548
6.385	10718.3819024	9971.191	113694.922001	9506.836	66960.9040924	10523.44	54995.641206
6.386	10666.3446911	10000.49	107196.367146	9465.82	63003.6345687	10510.25	95146.012741
6.387	10337.4015446	10044.43	58828.3269342	9508.301	57649.0019069	10450.2	67599.4869054
6.388	10661.9098978	9994.629	34776.9416245	9509.766	59915.6082255	10500.0	54133.879083
6.389	10175.9154403	9975.586	95331.3988218	9467.285	72857.5281693	10475.1	53764.8477949
6.39	9971.56731001	9960.938	100066.777707	9470.215	65708.1283337	10538.09	78949.6722422
6.391	10355.1817383	9966.797	60635.2529096	9459.961	68350.5954805	10475.1	60984.8357953
6.392	9894.46673648	9997.559	78012.5520783	9502.441	49546.6504799	10494.14	63817.7876527
6.393	10289.6382846	9953.613	73915.142182	9509.766	102295.389759	10542.48	64814.6751317
6.394	10900.0691452	10021.0	87813.7766267	9524.414	48995.0819747	10543.95	66092.2563507
6.395	9795.7872859	9966.797	62523.180472	9489.258	88832.796656	10504.39	65606.4649965
6.396	10577.9130701	9999.023	163715.477364	9492.188	42504.2243726	10482.42	109299.276186
6.397	10638.8225988	10023.93	53323.4919115	9531.738	83320.799215	10532.23	96246.3187763
6.398	9658.49951171	10006.35	63104.083581	9471.68	64599.241987	10504.39	46400.8924092
6.399	10590.8590073	10026.86	55600.7027645	9502.441	52859.5510094	10495.61	65676.9577507
6.4	10301.2891073	9965.332	103584.585843	9477.539	70560.1183828	10495.61	43548.3950402
6.401	184.431795302	10031.25	1164.0083448	9522.949	1012.15806631	10475.1	1089.3293568
6.402	175.021315051	10034.18	1350.58266913	9514.16	1089.20047194	10548.34	1058.58234879
6.403	11338.108201	9997.559	63906.7148104	9505.371	45797.9862321	10507.32	91371.9039725
6.404	12168.9566371	10042.97	56405.1537672	9547.852	78561.6421519	10480.96	50815.8039466
6.405	11298.3541171	10045.9	69708.24268	9517.09	47824.5182838	10489.75	45150.7693966
6.406	11282.1640342	9996.094	93567.5195061	9534.668	83549.92988	10532.23	72515.5404191
6.407	11788.8312855	9972.656	100028.002055	9534.668	48346.1979131	10453.12	89305.8739902
6.408	12415.12425	9981.445	69609.5213934	9522.949	53051.9165286	10513.18	101396.974963
6.409	12314.1560523	9985.84	59834.7432676	9493.652	64770.3638744	10524.9	128801.421983
6.41	11772.814127	9985.84	79963.5223396	9498.047	105030.199346	10523.44	125573.795328
6.411	11943.9745348	10040.04	67515.4027513	9517.09	47484.375049	10514.65	73257.5128479
6.412	12639.6191741	9996.094	98383.741083	9479.004	128388.925989	10504.39	102084.309855
6.413	11990.5276561	10038.57	70445.5131773	9459.961	64034.2460446	10507.32	140582.82059
6.414	12648.1674172	9965.332	73454.2772638	9476.074	114414.525514	10450.2	111220.836041
6.415	13323.2792303	10041.5	93030.0655144	9452.637	81958.914771	10526.37	104064.951354
6.416	12455.7851781	10048.83	46723.5392465	9458.496	51690.1113434	10539.55	67698.6974676
6.417	14179.9499749	10007.81	86523.5377369	9455.566	62029.8354401	10482.42	88272.7709392
6.418	13635.6921498	9996.094	117728.240258	9474.609	67485.0417779	10469.24	64702.3973035
6.419	13667.5879025	10010.74	75159.6975902	9531.738	86419.0839514	10472.17	75779.2839463
6.42	13858.7575276	9950.684	149015.20511	9518.555	78441.8521651	10492.68	72902.5828492
6.421	13982.4165282	10022.46	83676.839395	9524.414	99482.3288448	10469.24	95835.7071835
6.422	13991.4883444	10007.81	77748.9395259	9544.922	79841.9436447	10519.04	117711.32562
6.423	13746.0099057	10047.36	72178.0766959	9477.539	91342.0457985	10516.11	155494.829137
6.424	14385.3964636	9960.938	111089.443956	9512.695	105210.78802	10532.23	87009.8334459
6.425	14019.4542278	9966.797	119180.965708	9514.16	131015.921013	10488.28	81487.5966093
6.426	15570.9717813	10003.42	94322.7554042	9503.906	88055.5441489	10476.56	101798.683949
6.427	15001.6114447	10037.11	76670.9330003	9530.273	107049.803026	10486.82	151897.307185
6.428	14819.0911971	9979.98	91905.6224185	9461.426	82705.3551503	10514.65	100884.210616
6.429	14691.6434204	9984.375	85764.4555935	9459.961	80418.4007646	10538.09	137060.727612
6.43	15663.7280934	10003.42	125543.83884	9499.512	109857.121403	10466.31	66683.8249507
6.431	15240.5423045	9978.516	121547.914081	9505.371	116151.079514	10521.97	90303.8839457
6.432	15925.3562047	10038.57	89826.2942831	9537.598	112762.286702	10500.0	60410.9423461
6.433	15593.6666345	10007.81	90936.1773274	9462.891	119905.849927	10516.11	97098.3799442
6.434	15508.3924747	9977.051	136551.579105	9464.355	121010.628786	10458.98	195497.113492
6.435	15876.3146814	10026.86	71704.0824413	9525.879	108823.475045	10498.54	112737.625521
6.436	16308.4085079	9994.629	140826.435085	9458.496	88745.0392896	10536.62	116086.465333
6.437	15793.3070182	9991.699	53351.5883419	9502.441	91067.2861213	10467.77	122941.125421
6.438	15360.2987106	9972.656	127821.531499	9499.512	90709.2239024	10504.39	100981.906633
6.439	16472.9565024	10015.14	95939.2788575	9543.457	62650.3337233	10542.48	80322.9573791
6.44	16616.3772455	9969.727	123569.466715	9502.441	106978.739546	10535.16	148876.756257
6.441	15978.0798161	10016.6	96750.3545739	9487.793	118576.826124	10546.88	108254.856884
6.442	16816.4848368	9968.262	133191.710929	9541.992	91783.7159031	10488.28	85768.6487713
6.443	17006.5664043	9974.121	99063.9952775	9476.074	139732.758281	10543.95	157533.999525
6.444	18076.252247	10047.36	111887.287498	9458.496	158960.967533	10458.98	83011.7145975
6.445	15915.4384067	9987.305	106007.349026	9499.512	92445.5072457	10521.97	79673.5234859
6.446	18122.1469637	10018.07	68568.301751	9543.457	247131.407541	10516.11	106475.940381
6.447	17174.1514085	9963.867	114859.587801	9543.457	151324.234052	10466.31	69339.6686585
6.448	18423.5066338	9969.727	95863.379315	9464.355	164566.109884	10533.69	101483.305458
6.449	18256.3298197	9960.938	147064.506026	9471.68	122323.632823	10520.51	170838.285466
6.45	17396.1110869	9981.445	198834.36393	9480.469	110287.845843	10498.54	92648.3823338
6.451	17331.2048879	9979.98	109797.168239	9461.426	136125.403118	10523.44	98617.5981817
6.452	17279.3352982	10035.64	182274.837713	9521.484	97091.6668803	10467.77	104809.347291
6.453	17291.0986045	9997.559	154355.064969	9536.133	133350.132852	10476.56	138909.257564
6.454	17557.8921792	10004.88	163535.233237	9479.004	346600.514061	10480.96	117168.951606
6.455	17668.4765115	10004.88	128586.918696	9549.316	59826.2016615	10457.52	99914.8424107
6.456	18112.0121937	10010.74	76129.1241833	9470.215	177946.064798	10467.77	73914.3877578
6.457	17601.0988173	10016.6	101635.519181	9486.328	87236.2596846	10519.04	113166.531233
6.458	16736.3161703	9993.164	81611.7938544	9481.934	124304.516689	10497.07	132382.557833
6.459	17519.6423667	9999.023	86290.6877213	9462.891	130318.998778	10517.58	168771.681826
6.46	18430.3376851	9960.938	171513.433741	9483.398	107722.165389	10526.37	96530.993541
6.461	18061.6161128	10019.53	76266.1255962	9468.75	113723.634691	10513.18	107724.324996
6.462	16853.9012631	9978.516	92213.2163987	9500.977	105493.595824	10549.8	89845.7409174
6.463	19091.0824697	10019.53	108711.105159	9514.16	134969.47451	10504.39	112186.069139
6.464	17986.4808649	9999.023	163366.325451	9530.273	121092.43957	10517.58	102023.888607
6.465	18260.3324485	10006.35	97755.6983117	9511.23	175629.224473	10460.45	105349.514551
6.466	18348.476862	9975.586	71882.147298	9524.414	131952.630625	10456.05	95684.1606477
6.467	17692.0898039	10045.9	85853.9150602	9484.863	133357.862402	10491.21	83527.8812242
6.468	17148.1592598	10029.79	133861.74614	9517.09	165507.465346	10535.16	99519.0553638
6.469	18111.6855501	9991.699	98682.0896905	9490.723	154146.130047	10514.65	158493.401054
6.47	17169.0149547	9969.727	139099.390496	9522.949	106656.760845	10476.56	74850.8875064
6.471	18151.8400426	9993.164	88486.738096	9486.328	118534.908515	10505.86	140659.01526
6.472	19110.5834336	10025.39	116732.723977	9533.203	75541.6969373	10542.48	129894.861743
6.473	18975.2487074	10042.97	94303.1409375	9543.457	218022.091759	10460.45	123501.518615
6.474	17631.098965	9965.332	151570.162888	9495.117	113097.175687	10488.28	121196.129685
6.475	18786.3953485	10029.79	98433.3142128	9452.637	138007.167128	10526.37	155488.489737
6.476	17945.5170838	10015.14	129022.720011	9527.344	126254.334631	10491.21	84943.9596101
6.477	19391.0058161	10013.67	117500.015463	9492.188	159254.837082	10516.11	97003.530621
6.478	18112.546344	9962.402	116899.530294	9509.766	114441.808399	10495.61	133779.37615
6.479	18090.8713455	9987.305	95981.8367665	9471.68	131402.125628	10549.8	87105.6745674
6.48	17744.2734584	9996.094	187288.176365	9476.074	125433.651374	10542.48	127152.150388
6.481	18913.7407512	9968.262	170473.832829	9509.766	111995.693684	10488.28	101214.115636
6.482	18134.5054766	10029.79	139177.866146	9471.68	147101.576215	10523.44	122756.755041
6.483	18345.8384273	9979.98	68382.5799622	9480.469	136246.953991	10521.97	110814.839843
6.484	18977.1372016	10019.53	99361.9358346	9492.188	161718.042831	10536.62	185069.409559
6.485	18116.6245876	9959.473	70930.3769317	9493.652	105226.152563	10451.66	111000.20536
6.486	17360.7764658	10004.88	74865.2199465	9506.836	107210.413099	10529.3	98570.8239419
6.487	19042.6592568	9971.191	115879.480128	9471.68	110685.71287	10478.03	114838.001575
6.488	18527.532057	9985.84	99502.3975001	9500.977	100766.016376	10517.58	101361.205189
6.489	18589.8517957	9959.473	101512.323836	9467.285	127774.792077	10526.37	84079.3023451
6.49	17979.8525871	9994.629	88419.2827684	9451.172	103170.131257	10545.41	142144.988423
6.491	18619.6408738	10045.9	130884.631285	9489.258	118889.09013	10521.97	129902.424992
6.492	19692.3985015	9965.332	148679.074441	9522.949	131053.060436	10460.45	150242.596404
6.493	18095.216887	9994.629	101884.800029	9541.992	96981.1414245	10458.98	96306.5219436
6.494	18138.5796767	10012.21	88437.5882082	9490.723	139720.882301	10511.72	128118.884363
6.495	17303.4747105	9994.629	191821.624847	9490.723	81867.1024509	10533.69	122321.845494
6.496	19312.5630661	9990.234	135290.627937	9534.668	77062.4258152	10500.0	115093.196647
6.497	16354.3328609	10047.36	138870.387357	9471.68	70371.1876357	10536.62	139326.963524
6.498	17773.2008226	9978.516	164014.785974	9465.82	178268.117105	10464.84	156350.017648
6.499	17675.8528531	10040.04	92215.9643953	9508.301	115423.187022	10510.25	196929.845134
