4.2	10000.0031112	9985.84	73234.9248805	9479.004	90862.7498865	10482.42	42212.4568306
4.201	174.89103997	9952.148	986.121653341	9540.527	1307.26058195	10492.68	1601.93440666
4.202	60.1942292438	9988.77	361.802223739	9452.637	614.639449628	10529.3	410.461920803
4.203	45.1844353215	10026.86	257.201359199	9462.891	258.321269436	10454.59	358.930371088
4.204	39.5260901858	9958.008	301.018810271	9514.16	478.409909714	10497.07	217.554303731
4.205	39.6187741189	9959.473	267.896021334	9476.074	168.046515688	10527.83	182.724006259
4.206	36.2583357254	10031.25	194.514917486	9540.527	298.763641123	10460.45	237.220200509
4.207	30.2308456573	10028.32	225.849362063	9470.215	228.736649253	10511.72	261.354509156
4.208	25.0702074018	9977.051	299.767764241	9499.512	202.013583201	10545.41	193.960555902
4.209	24.9046612979	9966.797	121.480827935	9470.215	187.337705327	10543.95	143.255051415
4.21	25.956807562	10045.9	109.101954625	9458.496	135.794405667	10543.95	118.125275178
4.211	21.061678326	9974.121	156.002489255	9520.02	291.244775881	10472.17	111.936967464
4.212	20.7015949925	9999.023	143.15928004	9524.414	116.887731547	10532.23	109.623476783
4.213	18.7309012256	10044.43	147.156673504	9500.977	134.353440158	10520.51	184.607017122
4.214	18.2953507622	9997.559	157.669197424	9496.582	84.5798432944	10507.32	105.27406338
4.215	18.3051958711	9996.094	111.628264478	9487.793	170.434127148	10463.38	136.830926228
4.216	21.0674531709	10041.5	112.79385467	9541.992	148.341603057	10482.42	118.164887817
4.217	34.6948382238	9993.164	262.507569445	9509.766	249.223711647	10470.7	240.133020821
4.218	27.9375417018	9960.938	207.979993788	9524.414	145.497910934	10539.55	108.311431804
4.219	24.3681652041	9966.797	129.458207256	9495.117	235.589665693	10541.02	150.269974636
4.22	25.1966315063	9997.559	297.925342754	9496.582	216.316749534	10478.03	157.685600565
4.221	24.1888254323	10029.79	127.468182429	9525.879	113.886504966	10497.07	160.357695383
4.222	22.0071767836	9999.023	320.944404617	9477.539	115.86051756	10460.45	182.602146206
4.223	21.3394970672	9997.559	151.242934567	9480.469	167.810015761	10473.63	73.0778366198
4.224	31.2433908364	10000.49	270.06569486	9467.285	201.431891343	10513.18	358.76385736
4.225	38.5736600995	9999.023	307.99776593	9528.809	232.985978048	10453.12	213.39572991
4.226	45.5417173392	9965.332	347.266914367	9520.02	409.943215287	10545.41	279.407182088
4.227	53.3329292997	10000.49	366.498403807	9540.527	320.970864908	10549.8	296.840140933
4.228	59.871348025	10047.36	259.728345094	9536.133	393.440624036	10521.97	304.86769803
4.229	57.6402384743	9956.543	423.367579473	9477.539	363.405701719	10529.3	515.267250151
4.23	59.5585405546	10045.9	505.056263526	9496.582	344.765604054	10469.24	297.507707219
4.231	66.8558562997	9990.234	585.217689796	9464.355	544.988188329	10457.52	256.737030116
4.232	68.9052901884	9999.023	476.028215276	9546.387	353.591823288	10473.63	359.938883015
4.233	63.1830287375	9956.543	820.068179955	9495.117	621.917582988	10533.69	292.217218074
4.234	71.3642264682	10042.97	457.754956407	9476.074	371.984732015	10486.82	392.578918358
4.235	59.0917865417	10026.86	364.681364749	9462.891	387.05895674	10483.89	602.063529899
4.236	62.4387243169	9956.543	548.702911963	9486.328	574.980837603	10536.62	524.687106929
4.237	69.1286295434	10037.11	408.463126972	9522.949	514.605212662	10475.1	565.019956526
4.238	75.5489803123	10042.97	620.427281977	9506.836	321.415348992	10478.03	498.571894114
4.239	85.873776173	10037.11	665.636464378	9479.004	549.808214262	10488.28	438.470400483
4.24	89.7709640772	10022.46	588.644173699	9540.527	487.636131216	10500.0	612.155477167
4.241	74.854773824	10037.11	424.291595866	9528.809	676.816322505	10480.96	486.121929256
4.242	75.880406581	9958.008	402.317023868	9495.117	589.530803787	10467.77	902.392743424
4.243	82.7425978909	9997.559	780.18977838	9527.344	445.748466862	10502.93	479.586386622
4.244	77.1703133763	10047.36	417.007992856	9508.301	235.813649909	10457.52	432.47210488
4.245	88.1331261454	9997.559	603.939048524	9515.625	585.689014856	10519.04	627.258182513
4.246	89.9870997887	10044.43	858.62209217	9539.062	606.260023725	10501.46	620.622731705
4.247	90.2121702494	9999.023	615.454812648	9547.852	558.39370174	10507.32	582.809991829
4.248	88.7544519142	9993.164	494.338431368	9533.203	609.37706988	10454.59	584.679664615
4.249	96.8982630875	10000.49	1001.29941696	9547.852	378.758927522	10491.21	410.166812937
4.25	104.487002009	9997.559	1168.12289233	9498.047	441.376281344	10502.93	652.281453807
4.251	100.972737013	9997.559	1762.69914224	9461.426	611.078568742	10508.79	710.83956796
4.252	104.970383345	10000.49	1035.91478412	9509.766	787.099620362	10538.09	443.830896841
4.253	117.732956537	9999.023	1378.49555925	9481.934	868.393981944	10538.09	588.178674029
4.254	120.559167901	9997.559	1965.2160233	9468.75	652.138854002	10453.12	487.865302864
4.255	130.362163941	10000.49	3006.03907489	9480.469	948.528415056	10532.23	570.62145244
4.256	131.744582983	9999.023	3073.98399681	9481.934	865.202405081	10461.91	1481.67633472
4.257	161.284975814	9997.559	2319.97429868	9541.992	1591.39856901	10488.28	824.628536165
4.258	173.368525919	10000.49	1088.68649411	9534.668	1546.59486278	10451.66	1055.69645465
4.259	207.698066131	9999.023	2741.12817218	9468.75	1156.17313377	10488.28	971.87242346
4.26	253.871644069	9999.023	3170.24877045	9509.766	1943.7216598	10524.9	1531.30258458
4.261	249.619954761	9997.559	1978.03417681	9468.75	1737.86437495	10538.09	1960.44635879
4.262	251.685403343	9999.023	1833.76997214	9481.934	1108.84100028	10532.23	1494.8524015
4.263	200.012155452	9997.559	2500.58588135	9474.609	1088.85170944	10538.09	1031.12825183
4.264	192.846691586	9997.559	1641.92601535	9454.102	968.192128378	10456.05	1090.90536159
4.265	212.166658076	9999.023	967.283187831	9511.23	1081.34190607	10542.48	1832.41706002
4.266	198.934337117	10025.39	1107.61589738	9540.527	1427.32463366	10507.32	1024.86123191
4.267	166.831319105	9997.559	1711.30332309	9518.555	1773.94013163	10463.38	996.927563606
4.268	187.558116584	10016.6	1114.73042678	9533.203	860.782854221	10456.05	1258.72708638
4.269	161.666189518	9999.023	1543.06948007	9474.609	1199.17788175	10541.02	1137.23608903
4.27	150.813167236	9997.559	3083.7893602	9549.316	794.368635669	10470.7	764.469800165
4.271	163.242082731	10000.49	2022.25605876	9543.457	1212.60075559	10483.89	1299.39883468
4.272	165.255161983	9999.023	2444.42995435	9528.809	1030.25856701	10527.83	1593.80935201
4.273	159.230232805	9997.559	2832.83367654	9517.09	1536.21015426	10456.05	746.702261202
4.274	139.561067108	10000.49	1793.49478901	9458.496	927.202941111	10501.46	1343.58961802
4.275	115.655173979	9999.023	2841.19162462	9540.527	674.370436678	10485.35	1364.86189493
4.276	111.402113607	9997.559	2005.98644758	9498.047	881.930096011	10546.88	565.334846697
4.277	95.2987287334	10000.49	2404.88387568	9489.258	611.803523724	10495.61	678.645389779
4.278	86.3265241306	9999.023	2866.41626308	9530.273	455.674913312	10489.75	634.789018208
4.279	74.1408216274	9997.559	1981.74069308	9465.82	933.416855244	10505.86	627.991150978
4.28	65.1222963321	10000.49	1690.81217081	9480.469	442.866262648	10523.44	392.60651199
4.281	57.6175510148	9999.023	2492.36275125	9495.117	359.17102407	10539.55	397.225839041
4.282	55.0925246634	9997.559	1891.09576689	9484.863	209.718714379	10450.2	296.35191929
4.283	45.0818623538	10000.49	1441.33105712	9541.992	178.222602745	10549.8	314.431782335
4.284	41.9308299354	9999.023	1940.0634678	9471.68	281.172720704	10495.61	235.872149166
4.285	37.4085260742	9997.559	1124.16070075	9512.695	364.536754404	10517.58	254.298594488
4.286	32.845041978	9997.559	1169.40910957	9484.863	148.836314867	10529.3	168.223127353
4.287	31.4198691479	9999.023	1086.74451152	9477.539	156.253620793	10539.55	170.661718276
4.288	30.5879639934	9996.094	576.798033126	9539.062	228.85388488	10500.0	220.969009678
4.289	27.7399966788	9997.559	906.915771734	9512.695	361.012024014	10454.59	131.333587095
4.29	25.7367326039	9999.023	352.665234645	9500.977	180.289914496	10513.18	164.45475212
4.291	26.9175357568	10016.6	191.675590586	9474.609	164.17654308	10456.05	208.595612779
4.292	24.6543129791	10023.93	182.650794546	9543.457	166.589031551	10541.02	109.010875077
4.293	22.5020171323	10015.14	110.791593488	9511.23	175.369457421	10535.16	171.802523479
4.294	21.3728883104	10029.79	145.241369678	9539.062	136.73641958	10491.21	244.367286432
4.295	21.0191443884	9991.699	161.419157939	9473.145	140.825336468	10517.58	82.0529286431
4.296	19.3574125316	10023.93	106.270931999	9511.23	124.205380263	10516.11	129.731888072
4.297	18.2727174114	9999.023	272.70708825	9540.527	130.035853434	10482.42	218.133180052
4.298	17.3720490346	9997.559	159.681944047	9522.949	125.091063604	10456.05	213.040011585
4.299	17.8030270594	9999.023	351.15121689	9458.496	130.585285557	10545.41	100.7704544
4.3	17.4455332435	9999.023	253.131891589	9487.793	144.400915596	10543.95	112.721011793
4.301	82.3159623716	9994.629	739.725568767	9471.68	636.519510495	10451.66	479.974470818
4.302	32.6667028392	10000.49	324.891947192	9458.496	225.443866665	10480.96	270.06323498
4.303	32.7449054278	9999.023	436.503716554	9495.117	167.349833495	10516.11	155.243509735
4.304	25.2879155382	9997.559	355.462694062	9461.426	94.7566587888	10538.09	180.244260767
4.305	26.1412314342	10000.49	519.84081737	9499.512	251.310635115	10488.28	151.241285008
4.306	26.1370792877	9999.023	499.547525117	9518.555	152.348872332	10523.44	263.581958134
4.307	23.7039840233	9997.559	230.468491808	9508.301	127.696530712	10530.76	146.591609442
4.308	25.7770315785	10000.49	358.012710128	9531.738	174.039622726	10505.86	253.488980915
4.309	22.8502287775	9999.023	168.008987213	9487.793	100.927724663	10546.88	135.981206224
4.31	24.4322092693	9997.559	321.89433474	9520.02	187.10985102	10470.7	188.141154603
4.311	19.9171519933	9997.559	160.622899262	9539.062	178.350507495	10508.79	144.408767746
4.312	16.2675137032	9999.023	260.474843111	9518.555	98.2466947567	10473.63	72.153888162
4.313	16.2408041358	9997.559	282.812012668	9470.215	95.7500449473	10497.07	98.3404200521
4.314	18.2783466791	9997.559	225.204520289	9537.598	101.024304681	10514.65	141.333043116
4.315	22.0840213075	9999.023	189.970734349	9454.102	83.2503458577	10485.35	111.010238508
4.316	284.562688266	9999.023	5328.98534279	9490.723	2077.65002312	10463.38	2101.21569016
4.317	20.8144321304	9997.559	455.538028325	9537.598	107.346799803	10461.91	157.720692355
4.318	16.5718069162	9999.023	497.261358485	9484.863	87.7709019783	10542.48	130.121288881
4.319	14.473635258	9999.023	752.458918109	9505.371	135.558199355	10535.16	123.670584629
4.32	14.9870770522	9997.559	631.281677669	9496.582	73.0859663795	10466.31	52.795086981
4.321	15.2710084076	9999.023	764.870933931	9476.074	150.475092775	10502.93	55.969879753
4.322	14.230293238	9999.023	548.0273822	9539.062	105.649704393	10533.69	102.147761039
4.323	15.5219059686	9997.559	782.196472504	9520.02	112.780752575	10454.59	116.08562021
4.324	16.6759759492	9999.023	702.965862137	9511.23	96.3229935907	10489.75	93.4538988959
4.325	18.7366089364	9999.023	734.183995416	9479.004	135.469493388	10464.84	109.62367372
4.326	19.6577846716	9997.559	603.578190502	9546.387	200.323171077	10485.35	106.687288172
4.327	20.134941468	9999.023	613.870594583	9531.738	126.839404886	10541.02	156.377486859
4.328	23.984438036	9999.023	761.300503187	9493.652	153.395468294	10530.76	137.558122684
4.329	24.8641120565	9997.559	395.756875668	9464.355	252.142504048	10495.61	162.024006638
4.33	31.6008601807	10000.49	519.05191858	9477.539	198.313225802	10535.16	251.43120574
4.331	34.7295155207	9999.023	465.615306452	9481.934	356.675197542	10517.58	236.602751555
4.332	67.9542020941	10047.36	806.637721982	9461.426	344.572431996	10530.76	384.898386462
4.333	43.3541095415	9996.094	228.67202876	9511.23	251.971978256	10538.09	189.386477168
4.334	51.2650887041	9999.023	682.531527546	9518.555	325.068260436	10483.89	228.090843295
4.335	57.3521014634	9999.023	333.660806339	9539.062	355.694556514	10508.79	406.038796984
4.336	33.7165994705	10028.32	185.285101879	9512.695	198.293750491	10492.68	177.930371211
4.337	27.8754367944	9999.023	284.324162751	9502.441	124.391304785	10480.96	234.103552843
4.338	20.5263840376	9997.559	678.727629891	9476.074	110.732526148	10520.51	113.27368108
4.339	18.3722027453	9997.559	169.49463302	9536.133	77.2197901363	10527.83	128.918183371
4.34	15.7832699364	9999.023	329.603839131	9496.582	107.352809355	10546.88	140.981820615
4.341	14.7384639472	9999.023	379.7625089	9537.598	86.7795893371	10485.35	90.54318897
4.342	13.499509476	9997.559	609.318721864	9465.82	59.9939856289	10491.21	95.4438747638
4.343	13.936977153	9999.023	415.535073474	9524.414	85.7831762001	10524.9	82.7155318711
4.344	14.9824963553	9999.023	535.976421933	9458.496	74.5478179535	10507.32	116.0763498
4.345	17.1216401195	9997.559	695.375937237	9455.566	92.4304474092	10466.31	121.897765733
4.346	17.3594505139	9999.023	397.008318038	9474.609	104.492783906	10479.49	146.347409194
4.347	18.5915140421	9999.023	985.36132757	9461.426	94.6965906386	10469.24	145.265068473
4.348	18.6433990109	9997.559	1052.13927059	9546.387	199.456397637	10491.21	137.660846015
4.349	23.4280790799	9999.023	710.214590484	9502.441	217.801128919	10527.83	137.763227899
4.35	23.7700814262	9999.023	1153.49205638	9527.344	151.837492127	10482.42	233.839478904
4.351	24.305201342	9997.559	1132.25267472	9470.215	139.744014817	10541.02	83.394748278
4.352	25.8992823029	10000.49	1124.14700872	9484.863	107.135082211	10492.68	168.657590308
4.353	26.1805081757	9999.023	1018.7072293	9524.414	206.426595519	10479.49	104.379031147
4.354	28.5403588306	9997.559	592.173009486	9470.215	107.344220072	10495.61	180.002608893
4.355	32.1517901458	10000.49	1208.32545856	9454.102	262.179940298	10548.34	133.724596687
4.356	35.2644653466	9999.023	1405.39456903	9459.961	155.283842187	10482.42	187.699355491
4.357	37.0449671249	9997.559	1590.67533133	9496.582	155.795352422	10549.8	193.182156545
4.358	42.7488994297	10000.49	1575.991656	9506.836	249.236905433	10498.54	356.611528741
4.359	54.5358422588	9999.023	1546.82666929	9465.82	397.489217638	10504.39	458.527261007
4.36	63.2237690575	9997.559	1591.94353073	9534.668	369.941734735	10517.58	360.722655917
4.361	82.2014124776	9997.559	2800.67013366	9457.031	484.031585158	10489.75	578.106305027
4.362	103.689367107	9999.023	3309.14025516	9502.441	792.478426749	10538.09	931.641565752
4.363	127.64278559	9999.023	2299.19454442	9524.414	1105.10367587	10495.61	897.057462626
4.364	195.383020085	9997.559	2534.35256835	9493.652	1295.9710443	10507.32	952.008914031
4.365	242.255038051	9999.023	1833.75428498	9483.398	2300.55065333	10483.89	1851.22688023
4.366	327.531084209	9968.262	2775.75505815	9498.047	2535.9890514	10486.82	1834.8338496
4.367	458.690123704	9997.559	6613.54338263	9474.609	5335.48887572	10461.91	2862.26366192
4.368	414.916767726	10035.64	3009.099115	9477.539	3175.97999631	10505.86	2692.41167271
4.369	266.712748582	9979.98	1439.44862305	9465.82	1867.01911873	10542.48	1965.08953249
4.37	155.001162937	9997.559	3100.26503215	9490.723	832.221985063	10453.12	970.592445062
4.371	106.302384719	9999.023	2524.12816295	9470.215	876.528902961	10495.61	561.594764294
4.372	76.8866830994	9999.023	3317.58055981	9528.809	483.581533774	10523.44	637.253240283
4.373	64.3502468286	9997.559	1783.98493232	9474.609	278.111153823	10489.75	460.035237054
4.374	45.8450943664	9999.023	1525.77410954	9481.934	617.760960573	10516.11	315.574684748
4.375	47.353842004	9999.023	1113.87646656	9549.316	139.432298938	10533.69	384.264389212
4.376	39.2484389515	9997.559	1532.50157288	9522.949	161.094450999	10524.9	157.74061793
4.377	33.2636339705	10000.49	1164.19047224	9502.441	179.785234174	10457.52	185.462743898
4.378	29.6057608945	9999.023	987.195426875	9549.316	114.878309119	10453.12	181.872495976
4.379	27.949413544	9997.559	471.554234761	9518.555	299.154162867	10457.52	189.744226162
4.38	28.0993280035	10000.49	987.698793367	9541.992	98.0683420268	10507.32	311.819390016
4.381	26.8233735945	9999.023	481.108125717	9527.344	135.664385884	10538.09	107.031494611
4.382	24.9137412253	9997.559	309.190524649	9541.992	193.880856229	10526.37	146.598075929
4.383	21.566789149	10000.49	231.604314294	9483.398	192.297393423	10543.95	221.804539725
4.384	19.9251400584	9999.023	523.379939891	9517.09	183.635778173	10530.76	153.148169953
4.385	20.0747027094	9997.559	338.21448154	9454.102	121.105925148	10505.86	112.106961447
4.386	20.0272028776	9997.559	428.221206952	9518.555	152.712179057	10482.42	191.198867492
4.387	20.2034350178	9999.023	264.616000897	9508.301	180.954901359	10517.58	78.9830346277
4.388	16.9809411178	9997.559	230.918493366	9543.457	58.0663363466	10488.28	131.031366141
4.389	17.3452813162	9997.559	337.436440354	9499.512	123.492994293	10478.03	84.8504026988
4.39	16.6678004525	9999.023	228.57477182	9540.527	90.2355703132	10541.02	97.0214893565
4.391	14.5915375871	9999.023	296.768861997	9509.766	83.1092348166	10480.96	116.546784638
4.392	13.3022578986	9997.559	218.974305588	9502.441	87.9712319296	10497.07	54.6200992316
4.393	11.3321051373	9999.023	260.872211004	9467.285	27.8127234501	10521.97	45.9627417557
4.394	10.4885030125	9999.023	266.301897894	9451.172	61.5271138786	10472.17	61.8908449288
4.395	9.38435517559	9997.559	155.668700899	9473.145	52.4492198387	10491.21	72.2557125921
4.396	9.30471123113	9999.023	268.906693738	9457.031	51.034175345	10461.91	54.102906282
4.397	8.17560791305	9999.023	289.251544113	9502.441	46.6300855892	10505.86	51.4810157302
4.398	8.30155242048	9997.559	176.332368915	9511.23	55.0024031208	10450.2	93.2105251652
4.399	8.41886625533	9999.023	152.101285117	9512.695	59.3974669705	10539.55	42.6166617654
4.4	26.7937244833	9955.078	161.61383354	9492.188	184.683679248	10545.41	238.913666984
4.401	12.9349849605	9997.559	258.138143264	9525.879	59.6242956321	10529.3	94.3472169208
4.402	15.444581151	9999.023	299.563416919	9527.344	115.24664658	10511.72	153.835274402
4.403	15.9566701843	9999.023	109.73956059	9487.793	96.0560359341	10510.25	157.19801886
4.404	17.5861399476	9997.559	207.237795562	9452.637	128.309408038	10517.58	144.222694107
4.405	19.2456460735	10015.14	74.6188737374	9493.652	92.8894930839	10498.54	110.491610168
4.406	17.1166864306	9999.023	326.121828968	9546.387	101.24241115	10470.7	142.984072538
4.407	17.0453493806	9971.191	114.413620118	9540.527	143.450406988	10482.42	154.224253774
4.408	19.7313248272	10026.86	109.720269207	9514.16	80.4744666975	10461.91	97.419176508
4.409	20.6814607612	9981.445	88.6560188565	9473.145	107.120034262	10500.0	128.939315044
4.41	24.5483091132	9978.516	148.096723249	9451.172	126.570147042	10521.97	123.368980204
4.411	25.6515894808	9974.121	194.449323781	9457.031	201.018122108	10498.54	92.0353040647
4.412	30.2292282489	10012.21	344.642693648	9468.75	150.744409827	10500.0	159.772170727
4.413	30.5824443217	9985.84	182.932063931	9528.809	145.150565354	10478.03	272.549335754
4.414	22.1977901998	10048.83	132.345296496	9480.469	157.900328971	10517.58	153.118739169
4.415	18.9575676944	10042.97	140.188828087	9531.738	86.0628486267	10485.35	175.677518026
4.416	17.1219676854	10041.5	133.958915014	9517.09	138.014127274	10461.91	117.243646862
4.417	18.1467366547	9997.559	286.100612196	9480.469	112.223759278	10451.66	73.3247853937
4.418	15.8265836328	9999.023	155.877721467	9536.133	78.1602468834	10460.45	126.339767711
4.419	17.2689319649	9999.023	170.986623217	9517.09	101.828657171	10469.24	183.00956589
4.42	16.7423507779	9997.559	205.910959103	9527.344	155.41195166	10541.02	138.310609272
4.421	18.2462695245	9999.023	236.801303634	9496.582	77.4327330257	10476.56	126.488189313
4.422	21.4847119339	9999.023	369.600587866	9512.695	227.216028789	10546.88	135.338379956
4.423	22.2640461217	9997.559	681.546673332	9459.961	200.783498844	10451.66	114.913933233
4.424	23.5829513715	9999.023	275.477345649	9461.426	162.980895016	10480.96	160.096933678
4.425	26.5973375997	9999.023	606.860032344	9484.863	190.208580916	10479.49	136.868888961
4.426	24.4341017146	9997.559	689.289044637	9457.031	154.385918736	10483.89	98.5247636582
4.427	24.6379957057	9999.023	786.783512191	9481.934	122.645166072	10479.49	254.734417726
4.428	24.9748004109	9999.023	811.652919632	9537.598	179.853587153	10486.82	232.589846863
4.429	23.8294570254	9997.559	1097.53633994	9477.539	125.454446723	10549.8	103.537788015
4.43	167.374429425	10045.9	1191.78078844	9496.582	653.017084777	10543.95	1169.73369941
4.431	22.8399293326	9999.023	1410.85928844	9490.723	122.000228969	10488.28	128.080538977
4.432	21.1434495261	9997.559	1648.55581625	9530.273	93.7486924911	10492.68	179.420124646
4.433	21.458457466	10000.49	1152.87732021	9511.23	129.908689251	10491.21	186.234418738
4.434	20.1265714536	9999.023	1640.11440832	9511.23	79.1494798765	10538.09	258.480459454
4.435	19.1665100797	9997.559	1662.26605616	9506.836	161.557681552	10469.24	107.660214624
4.436	19.0363262604	9997.559	1690.38608527	9499.512	165.835111149	10491.21	106.581759385
4.437	19.5031365861	9999.023	1961.6983877	9541.992	125.018617135	10539.55	176.175006019
4.438	20.7009111715	9999.023	1932.38162751	9468.75	99.8527813493	10507.32	113.423280459
4.439	21.7616879807	9997.559	2987.6238809	9511.23	170.643986263	10450.2	108.196144274
4.44	23.0955284885	9999.023	3057.34273345	9539.062	126.319636958	10508.79	116.322223579
4.441	21.5005536401	9999.023	2927.94497144	9464.355	141.053114268	10501.46	179.505646279
4.442	24.3955903778	9997.559	4065.67600328	9502.441	273.439693847	10483.89	225.406633835
4.443	27.844297284	9999.023	3163.98070905	9458.496	180.800563015	10543.95	360.628849074
4.444	33.4006605278	9999.023	3747.71593792	9539.062	245.787367514	10524.9	247.964521116
4.445	30.5837298843	9997.559	5107.26699775	9533.203	154.595584027	10538.09	149.250705737
4.446	37.0145411767	9999.023	4017.24509686	9533.203	291.582224127	10542.48	216.242390527
4.447	33.2602480354	9999.023	3219.71550714	9528.809	218.354965379	10476.56	127.079190169
4.448	35.3287107484	9997.559	4172.55345136	9517.09	237.142535211	10454.59	250.791731152
4.449	41.3541978329	9999.023	4298.58672175	9467.285	304.822199163	10549.8	231.660685601
4.45	47.3834299165	9999.023	3938.97902797	9476.074	303.609739802	10464.84	190.819643594
4.451	49.7289277938	9997.559	8131.52028397	9458.496	234.333233747	10530.76	225.540229177
4.452	54.7643795117	10000.49	5219.11205329	9533.203	258.253536445	10464.84	347.021776055
4.453	62.256643794	9999.023	6531.89202869	9487.793	353.305786799	10488.28	428.329586776
4.454	68.5560990976	9997.559	8404.27059551	9489.258	829.100219891	10466.31	331.212272356
4.455	69.5948816579	10000.49	6003.60548397	9492.188	454.8323848	10529.3	467.55255995
4.456	87.589969168	9999.023	8393.94139178	9496.582	489.89795316	10546.88	495.659187814
4.457	88.5565901094	9997.559	8878.19152959	9518.555	644.939036623	10511.72	452.791185206
4.458	98.983784128	10000.49	9559.88278315	9479.004	790.413340082	10517.58	522.197229142
4.459	109.927665523	9999.023	8887.26165555	9530.273	948.369400346	10494.14	865.201222794
4.46	108.794049219	9997.559	9114.63090223	9454.102	614.471704944	10491.21	860.477640555
4.461	103.648864878	9997.559	12567.1774041	9462.891	499.263616515	10457.52	596.590924186
4.462	84.1899098453	9999.023	9974.84263476	9525.879	578.523300703	10498.54	494.335220476
4.463	85.104581353	9997.559	8774.15095876	9471.68	825.154787258	10532.23	535.625563146
4.464	69.5814254758	9997.559	12019.9893871	9512.695	495.151050544	10543.95	445.315102318
4.465	75.3004007887	9999.023	9855.24693925	9480.469	511.44197647	10513.18	443.662930826
4.466	88.8749950899	9999.023	9873.51686284	9454.102	393.566380769	10495.61	555.366848965
4.467	98.2276408149	9997.559	14256.1452948	9457.031	516.061131337	10461.91	875.735647137
4.468	129.772586424	9999.023	13313.86774	9515.625	963.070830023	10517.58	698.827421806
4.469	125.815704874	9999.023	14608.2965735	9458.496	912.810173166	10482.42	1148.51083394
4.47	6934.39569316	9972.656	30540.0478751	9531.738	43881.340124	10510.25	38492.2565877
4.471	1492.3440788	9997.559	17808.0053567	9495.117	6477.62198907	10502.93	10851.4691289
4.472	1123.95629709	9999.023	31217.4791323	9533.203	6569.75860371	10548.34	4916.64249742
4.473	105.943737943	9997.559	27114.1915252	9509.766	553.453477327	10535.16	594.769019956
4.474	113.109709534	10000.49	24121.6049516	9464.355	753.193081829	10483.89	1229.59984869
4.475	118.863455616	9999.023	19608.192557	9462.891	1132.45213496	10461.91	555.715635505
4.476	111.873090136	9997.559	25644.8559422	9540.527	668.158573284	10476.56	592.475679522
4.477	120.254800391	10000.49	17583.78881	9503.906	667.536144345	10539.55	629.043197836
4.478	110.062347834	9999.023	18678.9262972	9487.793	777.905088327	10456.05	660.182439941
4.479	119.337927687	9997.559	15965.3635428	9520.02	1442.9319858	10533.69	1027.50619388
4.48	3534.12679707	9999.023	24780.8613854	9457.031	33570.6536063	10472.17	31470.2247985
4.481	139.246288126	9999.023	14776.0447539	9525.879	587.213125257	10498.54	919.568305585
4.482	164.953403676	9997.559	15596.680087	9461.426	1082.88083355	10530.76	867.777191488
4.483	213.927202525	10000.49	12370.1531451	9486.328	1793.12587376	10539.55	1191.65861293
4.484	297.623837059	9999.023	13767.9184831	9489.258	1760.52876982	10510.25	1801.52146082
4.485	458.247422502	9966.797	4215.73343786	9455.566	1950.13877943	10521.97	3616.37763514
4.486	674.242242073	9997.559	5825.68134073	9509.766	4015.882108	10517.58	5148.4401814
4.487	1233.58135646	9999.023	18659.0159793	9524.414	8018.03157848	10467.77	7963.10331774
4.488	1869.49952626	9968.262	17168.0108525	9468.75	17717.3199173	10546.88	13033.264604
4.489	1873.02669985	9972.656	11342.7289639	9506.836	7658.70652763	10536.62	16912.9381895
4.49	1995.52142197	10021.0	8724.68615287	9527.344	11232.7663973	10478.03	7315.1120943
4.491	1987.78905726	10013.67	18501.0482791	9505.371	9404.42880444	10457.52	13297.9450237
4.492	2207.24285195	10037.11	11206.8191694	9481.934	11908.2211128	10529.3	8568.73886171
4.493	2601.62888655	9971.191	15262.3429625	9473.145	14527.6994549	10510.25	22597.5564291
4.494	2580.01338786	9994.629	13512.5044706	9467.285	14032.0286038	10469.24	17442.0653628
4.495	1719.74727893	9969.727	9272.45048664	9457.031	13757.459238	10542.48	14232.9763908
4.496	1325.69352211	10048.83	4234.77035659	9524.414	6537.31445448	10505.86	9243.5005103
4.497	982.90439374	9958.008	4939.31159921	9489.258	5636.59066449	10469.24	10216.1068176
4.498	672.615919953	10009.28	6787.68799317	9500.977	5733.01212775	10482.42	5253.44680136
4.499	430.557190211	10026.86	3289.93352359	9509.766	2967.81686337	10541.02	3067.0275069
4.5	280.742097388	10000.49	2793.21035354	9524.414	2134.7100851	10548.34	1753.15848754
4.501	238.134873011	9997.559	2895.84521831	9539.062	1353.60058848	10475.1	1485.23029036
4.502	196.079476894	10000.49	1506.31913282	9549.316	849.747648087	10517.58	1107.49742326
4.503	136.593756572	9999.023	1562.37280338	9536.133	930.838176015	10510.25	1359.25961613
4.504	108.421072809	9997.559	3626.63830598	9547.852	535.390699699	10472.17	586.503367693
4.505	103.230012808	10000.49	1507.79273326	9511.23	582.390805288	10536.62	710.900425329
4.506	91.7691136982	9999.023	1826.30349738	9492.188	470.536242392	10470.7	642.722813053
4.507	78.788241849	9997.559	804.005965066	9530.273	460.962755846	10504.39	604.869681206
4.508	63.4745387673	10000.49	1584.78423242	9471.68	417.368581022	10473.63	319.307390955
4.509	53.134790853	9999.023	1180.40509267	9540.527	353.325521646	10461.91	228.691996616
4.51	51.391643675	9999.023	1313.63711996	9543.457	273.11565933	10495.61	458.17006671
4.511	45.2306253217	9997.559	1524.01881111	9514.16	229.660008013	10545.41	255.037421177
4.512	43.0001601627	9999.023	1781.04910852	9528.809	238.237005971	10504.39	264.170385756
4.513	42.3683263214	9997.559	1248.43481304	9536.133	258.684577168	10476.56	263.264943593
4.514	45.5309031244	9997.559	856.794824827	9479.004	284.241102718	10546.88	349.732511806
4.515	44.0903777765	9999.023	953.334670072	9521.484	366.473403423	10532.23	270.953362706
4.516	41.5123296128	9999.023	1682.34483929	9520.02	238.635089265	10497.07	295.369854537
4.517	40.265424083	9997.559	1470.8999654	9540.527	256.142084379	10456.05	246.862534066
4.518	39.2958905899	9999.023	1592.33121324	9483.398	187.629766193	10521.97	195.515964856
4.519	38.2070263234	9999.023	1163.44304836	9496.582	258.59385442	10491.21	156.102612007
4.52	44.2992187345	9997.559	1237.35757753	9549.316	256.839802554	10539.55	178.577517462
4.521	45.0325596705	9999.023	633.699333442	9465.82	252.673277503	10510.25	505.99716391
4.522	41.6380157252	9999.023	990.648138872	9493.652	300.893056567	10470.7	245.331378103
4.523	44.9644181447	9997.559	1356.7234629	9530.273	305.991568283	10529.3	211.169468952
4.524	39.3637535001	10000.49	859.867021812	9479.004	326.609355478	10501.46	325.911937176
4.525	43.1658883412	9999.023	1373.19634671	9517.09	332.761856038	10464.84	204.6652187
4.526	46.2574542891	9997.559	1377.45751741	9476.074	266.036351764	10470.7	318.15262237
4.527	46.983850269	10000.49	905.853157428	9531.738	355.248093764	10501.46	214.720216625
4.528	54.0775783076	9999.023	1624.81112194	9465.82	340.414369457	10453.12	208.283053991
4.529	58.4232378711	9997.559	1049.71801581	9487.793	294.148698378	10524.9	435.113088595
4.53	53.3324543927	10000.49	1057.5274846	9452.637	292.952702221	10479.49	378.721719056
4.531	44.0735100706	9999.023	1367.53653438	9531.738	173.221226177	10542.48	313.287781794
4.532	37.8699773147	9997.559	1818.88290738	9451.172	185.030689751	10526.37	281.952665845
4.533	36.2701688162	10000.49	1097.9556338	9499.512	228.887742414	10541.02	181.527140979
4.534	31.8191639412	9999.023	2251.13724092	9465.82	215.558170521	10482.42	192.645892306
4.535	32.9435162041	9997.559	1855.94963803	9487.793	235.42633279	10486.82	208.575613222
4.536	28.3594114305	9997.559	1280.53340896	9468.75	207.201795391	10536.62	158.869691495
4.537	31.9022672707	9999.023	1564.82292664	9483.398	167.200590725	10495.61	243.824346342
4.538	36.9494807944	9997.559	1393.16485608	9502.441	167.049765796	10473.63	169.097513864
4.539	35.6368932527	9997.559	2252.67464393	9508.301	241.097770996	10470.7	261.785588338
4.54	37.7864665719	9999.023	1875.68574742	9502.441	263.011767694	10532.23	318.738855596
4.541	38.8894357121	9999.023	1283.93935806	9546.387	327.293567831	10463.38	181.516664509
4.542	36.9277770187	9997.559	1983.91143971	9470.215	147.087105044	10526.37	198.573193374
4.543	38.2269974426	9999.023	1707.96395753	9531.738	214.396985988	10530.76	280.658008667
4.544	38.1993376701	9999.023	1641.07364668	9509.766	263.267222562	10497.07	230.430438937
4.545	36.9215698563	9997.559	2309.40866486	9487.793	341.5699463	10543.95	227.83406873
4.546	40.825551286	9999.023	2279.40311166	9498.047	309.410481847	10543.95	179.653321478
4.547	43.9683732262	9999.023	1698.81839557	9537.598	230.591466914	10489.75	372.40586078
4.548	41.0189609026	9997.559	2357.55618653	9486.328	273.314556626	10485.35	169.289650421
4.549	43.7082808822	9999.023	1719.51872805	9479.004	181.352978073	10480.96	270.18035702
4.55	81.7486141574	9999.023	2839.27234219	9467.285	658.13664685	10482.42	344.732625179
4.551	35.1143805031	9997.559	3390.12409676	9454.102	248.841551886	10549.8	165.713480977
4.552	31.384090705	10000.49	2869.13497234	9499.512	221.890736665	10485.35	220.035934135
4.553	35.0492304059	9999.023	2401.934616	9533.203	115.421556463	10494.14	166.686147316
4.554	40.6174122424	9997.559	2875.33096843	9520.02	253.988858319	10511.72	215.509785649
4.555	46.4944012619	10000.49	2762.17894376	9531.738	345.89985642	10505.86	240.319157237
4.556	50.1150353752	9999.023	3534.07886257	9455.566	369.236599551	10546.88	267.49148918
4.557	64.4305668157	9997.559	2001.74482924	9479.004	505.392264672	10489.75	477.430442664
4.558	65.5466860219	10000.49	974.553646776	9473.145	344.887516582	10545.41	451.745765406
4.559	61.8509114111	9999.023	2024.21392622	9452.637	533.488434155	10529.3	301.823322971
4.56	65.944175911	9997.559	2225.7806076	9522.949	405.162137864	10513.18	273.084823239
4.561	46.6591717336	9997.559	2628.74097678	9533.203	313.659850712	10483.89	437.875179236
4.562	39.0175890518	9999.023	2850.64020953	9495.117	193.784972247	10476.56	218.051653603
4.563	37.640802229	9997.559	2902.68463833	9539.062	329.258788337	10501.46	241.096567754
4.564	31.9802198838	9997.559	3311.70586132	9531.738	162.918516046	10508.79	218.038033721
4.565	28.9992083326	9999.023	3043.63457895	9522.949	129.259295739	10507.32	175.767488452
4.566	26.1186935382	9999.023	2423.67566983	9540.527	173.488616107	10483.89	187.993479704
4.567	22.7046375611	9997.559	4137.59682564	9540.527	151.119123826	10505.86	136.06949727
4.568	25.8180731696	9999.023	4126.00790105	9467.285	233.449021529	10458.98	217.357163474
4.569	514.016834351	9960.938	3633.49756721	9459.961	2293.01255014	10516.11	4371.36969858
4.57	25.2676302165	9997.559	3669.5457798	9470.215	145.15548919	10466.31	171.098009174
4.571	27.921589923	9999.023	3599.6186243	9522.949	148.667011002	10541.02	134.318832538
4.572	26.7302090553	9999.023	3575.05570904	9471.68	184.509795222	10497.07	210.228831522
4.573	46.7921582896	9997.559	3763.76845936	9458.496	381.491443117	10538.09	326.311788008
4.574	25.4253712442	10000.49	2812.8129382	9461.426	170.797295699	10521.97	152.527836289
4.575	27.2461560513	9999.023	3249.4565473	9461.426	257.26637059	10543.95	190.158825997
4.576	26.6262637804	9997.559	3127.08239914	9484.863	154.905191497	10539.55	101.950715039
4.577	27.8248060251	10000.49	3492.83223457	9528.809	239.260399901	10470.7	183.715360609
4.578	27.9693355483	9999.023	3257.79208287	9483.398	196.299647481	10453.12	205.051094117
4.579	24.4217604259	9997.559	2584.98225967	9492.188	215.083572547	10505.86	153.229387264
4.58	25.7015275052	10000.49	2892.16385934	9490.723	143.068599316	10548.34	95.0470365923
4.581	22.6957822788	9999.023	2780.70102616	9470.215	100.41252074	10539.55	160.594979668
4.582	20.7420190346	9997.559	2718.65206446	9476.074	151.426878627	10489.75	148.627599367
4.583	25.010564668	10000.49	2648.8217144	9457.031	131.70203956	10535.16	139.668663635
4.584	17.922104561	9999.023	2565.49493294	9495.117	115.15727314	10500.0	88.2186297344
4.585	16.9019243315	9997.559	2218.54620365	9515.625	142.97566283	10472.17	94.0808738629
4.586	17.1906371497	9997.559	1750.10917611	9511.23	68.9241427058	10527.83	142.48550173
4.587	24.2631480369	9999.023	2083.17850727	9533.203	131.414542759	10542.48	179.272753326
4.588	21.2758908917	9997.559	1199.20436903	9540.527	107.213706789	10543.95	78.9412597315
4.589	17.2624321263	9997.559	1362.59094086	9467.285	109.563505995	10492.68	111.854531387
4.59	16.5160343435	9999.023	1017.65276705	9515.625	87.1825525129	10519.04	136.033013653
4.591	36.6924550233	9999.023	1240.82616443	9509.766	181.819730413	10549.8	112.455816519
4.592	17.5277257756	9997.559	905.966385389	9543.457	98.6645571481	10527.83	92.813741718
4.593	19.747070102	9999.023	1006.25786064	9465.82	92.8714785774	10533.69	153.685478462
4.594	18.1841136138	9999.023	728.423604545	9492.188	145.706396346	10501.46	109.959336302
4.595	19.0544503695	9997.559	907.480285221	9543.457	89.896314432	10467.77	236.90196789
4.596	20.9455628332	9999.023	772.341190519	9499.512	82.3123495915	10501.46	110.319352291
4.597	19.4752487031	9999.023	1162.27911859	9461.426	140.879676766	10502.93	98.6618724882
4.598	19.9306625307	9997.559	890.440838664	9544.922	194.503257524	10483.89	91.7470291133
4.599	20.7376946342	10000.49	1077.01971588	9517.09	77.5960739355	10510.25	151.33012437
4.6	19.8768054273	9999.023	684.307500295	9481.934	115.998264604	10492.68	173.493728972
4.601	25.344556263	9997.559	906.966149873	9534.668	164.241560625	10535.16	196.080566868
4.602	29.4183264322	10000.49	482.756956564	9514.16	204.858736937	10549.8	192.463414274
4.603	29.5065152523	9999.023	781.044814357	9540.527	98.0124117414	10498.54	153.512843244
4.604	164.716749602	9997.559	1138.11383209	9521.484	864.366126933	10504.39	1084.77873755
4.605	31.1913015451	10000.49	467.170435208	9500.977	166.106605244	10543.95	301.029295103
4.606	28.9684351937	9999.023	267.423334477	9498.047	290.535493858	10485.35	186.482806424
4.607	33.2958566012	9985.84	217.822791101	9547.852	207.448588062	10536.62	267.691262795
4.608	39.118314097	10000.49	173.371960488	9500.977	224.576869256	10530.76	178.677981464
4.609	42.4537244382	9999.023	527.144234748	9521.484	302.905660577	10479.49	344.631291656
4.61	46.2277107927	9997.559	713.290036024	9506.836	362.109580966	10488.28	241.175298541
4.611	55.2783598877	9959.473	303.810502911	9471.68	289.126375846	10530.76	312.079014741
4.612	56.4132541484	9965.332	493.095546789	9547.852	313.592923839	10519.04	421.018765334
4.613	65.0768808544	9958.008	398.992948336	9512.695	687.630077792	10494.14	361.488612299
4.614	74.2353023643	10032.71	383.881226419	9480.469	552.064123147	10480.96	466.819992482
4.615	79.0261188525	10015.14	539.791946046	9454.102	471.84963567	10492.68	638.736181255
4.616	87.2445870943	9999.023	992.157201839	9481.934	623.686334806	10529.3	782.169597983
4.617	120.976514436	10000.49	727.810868599	9512.695	937.962051422	10460.45	445.725524339
4.618	110.154290543	9956.543	967.743387436	9500.977	539.076599128	10483.89	901.453254412
4.619	128.093662709	10013.67	1595.41620688	9470.215	817.173303739	10546.88	1213.2786713
4.62	166.594447751	10021.0	761.343796003	9509.766	1126.9993349	10524.9	943.842174924
4.621	175.902871223	10007.81	686.735961469	9483.398	1616.58749566	10511.72	1496.32980406
4.622	163.927365677	9975.586	1455.75102914	9546.387	805.032624046	10520.51	1282.5415233
4.623	124.757937931	10044.43	587.617468544	9503.906	896.866737949	10530.76	671.756491606
4.624	81.3103696175	9999.023	1059.55089314	9487.793	512.930196938	10545.41	297.29687772
4.625	49.8933483545	9999.023	1494.21935653	9527.344	272.342138594	10467.77	355.847925707
4.626	31.7292960416	9997.559	1190.97760926	9479.004	184.785255061	10524.9	126.436136994
4.627	21.0242186007	10000.49	1515.62778117	9499.512	121.816346604	10495.61	130.985231779
4.628	15.1795134179	9999.023	1827.24665861	9492.188	74.8656733244	10541.02	78.1899505387
4.629	12.365456916	9997.559	1361.22967862	9470.215	69.6135823037	10500.0	45.0227465782
4.63	10.9316114102	10000.49	1183.35242652	9540.527	59.0134759799	10453.12	83.679443204
4.631	11.9966639467	9999.023	1405.77929157	9528.809	79.8409507837	10546.88	120.113381424
4.632	14.5555368176	9997.559	1258.2888649	9506.836	61.4256383995	10482.42	86.9543657081
4.633	11.7909907121	10000.49	1435.66984516	9541.992	92.3892329541	10460.45	67.7900164374
4.634	10.4372748569	9999.023	1844.29948544	9530.273	59.2144229904	10473.63	49.0734217697
4.635	11.2449595085	9997.559	1768.97298178	9454.102	48.1971733706	10514.65	56.1933909827
4.636	10.8757205929	9997.559	2385.4525056	9477.539	81.4072211918	10532.23	67.9668394055
4.637	10.0823439543	9999.023	2390.18947566	9452.637	72.9260037835	10479.49	117.792261013
4.638	10.2498257141	9999.023	2048.39974118	9518.555	53.8464121228	10467.77	38.1122998916
4.639	9.83671419108	9997.559	2056.1186031	9457.031	55.7423089563	10539.55	67.7882940551
4.64	10.4351708185	9999.023	2162.40292685	9462.891	97.7806005157	10463.38	43.3732496315
4.641	10.7733467457	9999.023	2174.68648925	9527.344	72.0454951254	10500.0	92.5312904598
4.642	10.5025404475	9997.559	2555.12884802	9549.316	52.0906583766	10539.55	69.4699116199
4.643	10.5883146802	9999.023	2437.44516259	9512.695	60.3799029758	10473.63	54.1657127478
4.644	10.1539408406	9999.023	2449.49170225	9474.609	63.363378543	10495.61	67.3767679335
4.645	9.00502241125	9997.559	2641.45608767	9495.117	70.3460695683	10535.16	35.7010579246
4.646	7.61111837461	9999.023	1870.01312389	9477.539	40.6525300983	10542.48	34.5256832228
4.647	6.06608001806	9999.023	2102.85957046	9514.16	29.5233298508	10543.95	74.3350637271
4.648	6.11470558477	9997.559	1977.77679871	9480.469	49.8453462926	10502.93	43.3440726447
4.649	5.72801318958	9999.023	1408.40131137	9481.934	49.3885870927	10466.31	36.6099079082
4.65	5.84348948997	9999.023	1587.36507165	9477.539	29.6640688495	10460.45	34.0988490612
4.651	6.53337809697	9997.559	1336.76753942	9525.879	39.6902690055	10549.8	47.2752527506
4.652	8.4465578414	10000.49	1311.74344518	9489.258	34.0433103211	10460.45	54.2316610891
4.653	11.7431936709	9999.023	770.405141068	9502.441	111.395406504	10451.66	71.2062864387
4.654	14.6957741984	9997.559	634.405012786	9496.582	82.0188127803	10456.05	130.187945697
4.655	12.6134785444	10000.49	511.601282224	9503.906	91.3264309568	10469.24	121.717993784
4.656	8.53016947889	9999.023	489.7889076	9464.355	57.7649200617	10523.44	42.5562153192
4.657	4.53033125971	9997.559	344.500150043	9487.793	24.7605992596	10538.09	34.5631427172
4.658	2.9781521032	10000.49	330.283143665	9492.188	24.5052023368	10505.86	22.7625875761
4.659	2.71557588593	9999.023	326.205535871	9484.863	18.1212351756	10456.05	23.2986635311
4.66	3.06065830819	9997.559	313.539443645	9525.879	20.6361474486	10508.79	18.0208994916
4.661	3.17359737866	9997.559	318.403049634	9514.16	21.3774635879	10541.02	11.8313739809
4.662	6.30695075031	9999.023	497.260081359	9528.809	42.0473340761	10485.35	49.8421551006
4.663	80.2774608561	9999.023	1110.58357569	9495.117	528.88386522	10463.38	383.636776983
4.664	4.45100711204	9997.559	508.35450533	9477.539	20.0284602711	10463.38	19.6176604608
4.665	4.63107487061	9999.023	566.194891953	9470.215	21.3603917652	10523.44	25.2829935595
4.666	5.16890539096	9999.023	508.780354126	9522.949	51.9801384918	10486.82	32.1545943052
4.667	4.76383105172	9997.559	547.730164218	9490.723	27.1171552499	10453.12	20.4144607808
4.668	5.24165467569	9999.023	615.512923748	9547.852	33.9776399468	10502.93	40.4884215794
4.669	5.49453001849	9999.023	484.707331011	9524.414	24.5849659768	10495.61	41.1716286472
4.67	6.07408953805	9997.559	724.458161922	9479.004	51.3058080547	10508.79	43.2310313992
4.671	6.10125036777	9999.023	664.360040519	9500.977	50.2994831827	10473.63	51.5999040896
4.672	6.59202638121	9999.023	604.999510818	9544.922	31.4595492037	10467.77	39.7733920269
4.673	7.70106423098	9997.559	638.153221758	9543.457	76.3476215484	10491.21	41.3118491129
4.674	7.74833859808	9999.023	763.360945828	9474.609	32.9613176685	10457.52	52.464524985
4.675	6.08566869303	9999.023	681.261761285	9528.809	28.6816972948	10464.84	40.1497501969
4.676	7.96354593146	9997.559	577.626557787	9534.668	56.4399611339	10467.77	66.2770385297
4.677	6.74295159032	10000.49	644.32595478	9533.203	40.9675537816	10514.65	42.6544116229
4.678	29.7715504995	9999.023	597.084818663	9473.145	134.198789139	10549.8	114.709335745
4.679	8.04818218098	9997.559	493.101547732	9487.793	64.7460209523	10530.76	41.1810648599
4.68	8.04848513933	10000.49	483.27973773	9522.949	42.3740427979	10491.21	49.4696075906
4.681	7.16666769837	9999.023	490.559315741	9471.68	43.9497186864	10479.49	30.7191434872
4.682	9.20071097113	9997.559	279.288733146	9462.891	106.526875991	10504.39	66.156390376
4.683	9.99606672477	10000.49	424.149110525	9534.668	72.8406618659	10502.93	90.9504865828
4.684	10.9235094024	9999.023	303.930570487	9541.992	61.8671251452	10480.96	61.7358757108
4.685	11.5062144359	9997.559	330.802987045	9509.766	97.0006613845	10486.82	73.1169423776
4.686	11.1342537035	9997.559	337.98202046	9502.441	53.6252506933	10461.91	72.5267483103
4.687	10.5371122652	9999.023	283.83470012	9451.172	47.7622096886	10500.0	85.0798837149
4.688	8.97812358466	9997.559	449.745617945	9549.316	34.7859249276	10536.62	42.5787204969
4.689	9.4098665333	9997.559	280.401571987	9515.625	50.7584655911	10513.18	55.5505048958
4.69	8.04977171827	9999.023	304.656334848	9452.637	50.6667697582	10475.1	43.781037206
4.691	8.04185803278	9997.559	286.368278558	9524.414	57.1927804123	10485.35	49.6246313492
4.692	8.5061682749	9997.559	328.022018561	9461.426	38.2582294141	10478.03	59.3484046549
4.693	10.0849553026	9999.023	162.194468468	9474.609	50.1031673821	10504.39	78.9153267185
4.694	10.568586797	9999.023	368.38867596	9474.609	56.6290376487	10485.35	75.0008116699
4.695	9.52982328817	9997.559	238.019670625	9473.145	42.5549348799	10530.76	47.4969930304
4.696	9.21079300168	9999.023	253.2595564	9515.625	52.5850754518	10473.63	76.9968061502
4.697	8.90689970258	9999.023	166.851755914	9487.793	63.1737261849	10532.23	79.8618942676
4.698	9.12447202417	9997.559	198.229230483	9467.285	75.4879019862	10498.54	85.3164837645
4.699	7.03088454749	9999.023	292.170937401	9496.582	32.970926585	10500.0	36.0911049292
4.7	6.53535441785	9999.023	285.783950829	9489.258	61.920751008	10485.35	36.8985700483
4.701	5.97289402023	9997.559	362.725542152	9479.004	44.8276547587	10527.83	45.3131384476
4.702	5.67733840651	10000.49	480.566409856	9506.836	37.6013392005	10463.38	42.3684301456
4.703	5.64770761795	9999.023	426.155379263	9498.047	34.8868176229	10538.09	35.2639846565
4.704	13.9707583244	9997.559	438.464922028	9493.652	117.612951845	10461.91	101.120583732
4.705	5.67760494737	10000.49	429.487698838	9517.09	28.0909894479	10476.56	42.4532732388
4.706	12.2290112163	9999.023	396.590987081	9499.512	80.9758650943	10527.83	76.4600267467
4.707	5.8322087686	9997.559	441.647322788	9508.301	34.6277845207	10464.84	36.4953503467
4.708	5.7345802152	10000.49	530.161789265	9506.836	27.467993444	10466.31	46.456684682
4.709	5.97497093281	9999.023	402.942393108	9492.188	57.1748833188	10488.28	48.6079670378
4.71	5.70249069325	9997.559	334.664457308	9486.328	30.5715596827	10495.61	48.0574545157
4.711	6.10841823282	9997.559	551.261758004	9546.387	26.4876666536	10456.05	57.8118577895
4.712	6.53746922426	9999.023	402.212582754	9537.598	27.4154440539	10469.24	25.4697457535
4.713	6.12786366316	9997.559	323.695043738	9539.062	32.7724473092	10521.97	48.2446994867
4.714	11.1218979589	9997.559	389.492238396	9455.566	62.858005417	10469.24	62.0232557366
4.715	10.6611704268	9999.023	189.182148359	9451.172	57.234282277	10538.09	61.064579655
4.716	6.95501292326	9997.559	168.683091702	9479.004	45.8348256209	10498.54	39.1799761312
4.717	7.77141173238	9997.559	163.051171524	9495.117	47.0236255722	10543.95	64.9743676253
4.718	7.47126986429	9999.023	190.622815913	9459.961	23.4617637007	10497.07	59.0588777447
4.719	7.48123805887	9999.023	172.616488116	9464.355	42.4409673437	10504.39	57.4916243689
4.72	6.95672552804	9997.559	196.568584132	9495.117	36.7211558353	10530.76	64.1936496842
4.721	8.44583719301	9999.023	129.326878598	9544.922	38.2451281151	10479.49	53.0608829004
4.722	6.54422698368	9999.023	146.595918451	9536.133	47.1850402228	10527.83	60.3049184959
4.723	6.69619592216	9997.559	211.086144385	9476.074	48.5559476861	10456.05	65.4499836122
4.724	10.0712591928	9999.023	226.361240062	9498.047	62.5641114516	10513.18	77.7259658404
4.725	10.5488387991	9999.023	277.928474225	9458.496	77.0460082574	10519.04	131.433194379
4.726	1998.32523986	10025.39	13577.8738676	9517.09	17060.1671937	10467.77	6355.84564895
4.727	24.623463881	10047.36	223.542898967	9531.738	247.818193117	10479.49	155.575766446
4.728	43.0856705467	9999.023	482.361590062	9498.047	274.121558443	10502.93	323.207697932
4.729	7.61979251527	9997.559	183.265021037	9514.16	57.2814596886	10470.7	26.9379831509
4.73	7.42365542422	10000.49	310.880729256	9451.172	27.148876013	10524.9	41.625989959
4.731	6.97520508731	9999.023	446.234194311	9533.203	58.1308879907	10504.39	38.7061083655
4.732	7.11586606213	9997.559	345.568437322	9508.301	37.6036368496	10545.41	45.9401308569
4.733	8.56785213333	10000.49	466.56841114	9515.625	82.2623737918	10501.46	39.5734529297
4.734	9.55220471353	9999.023	633.457253262	9498.047	43.9543741734	10514.65	79.6037399707
4.735	11.8361599092	9997.559	585.066645891	9527.344	59.6141204217	10476.56	92.9934930937
4.736	13.6120648321	9997.559	685.852873242	9515.625	63.3154489173	10542.48	102.492460142
4.737	16.5991820196	9999.023	767.030002362	9534.668	69.7627218216	10521.97	130.240682972
4.738	21.5388626822	9997.559	796.076197413	9486.328	133.5023317	10505.86	79.1836736065
4.739	26.0690857402	9997.559	1859.03823846	9518.555	179.875942976	10479.49	174.425308231
4.74	32.9265066789	9999.023	1078.5879462	9473.145	181.641630339	10498.54	229.181342367
4.741	40.2312690003	9997.559	1161.62878196	9464.355	262.986473649	10505.86	284.952840594
4.742	49.877694699	9997.559	1532.14208363	9506.836	327.034802776	10516.11	393.099199204
4.743	60.8612575784	9999.023	1495.85555529	9524.414	441.939142817	10479.49	717.424519319
4.744	74.2660185662	9999.023	1490.54996303	9499.512	311.977426973	10494.14	535.735802493
4.745	102.821774118	9997.559	1674.51660945	9473.145	622.768067968	10454.59	358.473082606
4.746	125.723936825	10031.25	1187.78673627	9512.695	790.358251737	10467.77	972.701612454
4.747	155.344443117	9999.023	1680.85212972	9489.258	948.737010731	10454.59	976.430454171
4.748	147.898776219	9997.559	1316.92281939	9506.836	1208.99759688	10489.75	1049.72365637
4.749	116.016811737	9999.023	2914.97837761	9527.344	364.505571099	10536.62	528.867186764
4.75	83.7261827365	9999.023	1710.83076877	9533.203	314.20960857	10507.32	490.32410424
4.751	63.1630505891	9997.559	1799.05865126	9490.723	305.485572754	10488.28	443.872287634
4.752	42.8929353924	10000.49	2437.14306292	9528.809	289.556810016	10485.35	227.704857066
4.753	35.5490791724	9999.023	2067.53310892	9483.398	162.728539115	10536.62	241.170650928
4.754	29.8462844794	9997.559	2109.88132524	9479.004	179.147221357	10519.04	204.002545854
4.755	27.0595893058	10000.49	2819.73089374	9521.484	152.170751376	10483.89	126.599757545
4.756	26.7203985524	9999.023	2533.77665347	9477.539	134.976962274	10491.21	112.526960511
4.757	24.6780758643	9997.559	2303.44836718	9543.457	161.347179744	10529.3	229.223731133
4.758	22.3620281252	10000.49	2200.24365985	9533.203	131.721976754	10523.44	179.518612354
4.759	21.4785112232	9999.023	2976.3597948	9458.496	114.77839205	10543.95	89.2012323573
4.76	21.9965931254	9999.023	2660.78809163	9493.652	137.876886526	10451.66	107.943086948
4.761	21.804109185	9997.559	2602.12225445	9509.766	295.925268509	10517.58	135.610885834
4.762	20.7469283535	9999.023	3103.04554299	9480.469	102.258443589	10514.65	176.440499848
4.763	20.3960429672	9999.023	2322.58884138	9480.469	122.771064865	10497.07	167.335323822
4.764	23.006461438	9997.559	2887.54367801	9451.172	167.081899683	10500.0	163.718816268
4.765	23.7273364365	9999.023	2393.28533443	9470.215	113.872578313	10524.9	117.787289474
4.766	33.4774971821	9999.023	2416.85418592	9499.512	309.850888045	10482.42	153.945605055
4.767	27.0204080591	9997.559	2293.05061328	9522.949	184.416172052	10526.37	172.68727226
4.768	27.8355052718	9999.023	1840.74308198	9473.145	216.270264349	10514.65	185.061978624
4.769	30.0215989074	9999.023	2419.85635103	9479.004	242.202594703	10450.2	274.966933317
4.77	31.6688993899	9997.559	2598.87700051	9514.16	254.94758768	10533.69	176.70751703
4.771	31.1821530626	9999.023	2166.74500853	9539.062	133.200221664	10500.0	183.943462611
4.772	28.6745033791	9999.023	1386.30085109	9479.004	187.114001348	10467.77	266.516510225
4.773	26.7375004641	9997.559	2452.47313134	9452.637	265.542085603	10526.37	242.925416653
4.774	25.4143354541	9999.023	2058.97057199	9540.527	239.68139884	10516.11	162.2630891
4.775	25.7178498143	9999.023	2328.42540922	9539.062	150.30430023	10497.07	75.9692721255
4.776	26.3368424912	9997.559	2626.0835455	9500.977	147.162675441	10488.28	155.724378335
4.777	22.2102599263	10000.49	1960.62700403	9490.723	167.833475623	10520.51	117.576074819
4.778	20.5510840874	9999.023	1994.26790489	9473.145	115.161287286	10472.17	145.922630299
4.779	18.3282407296	9997.559	2073.32985061	9511.23	115.320615986	10524.9	118.42682215
4.78	15.744080828	10000.49	1596.16320325	9500.977	116.783430202	10530.76	110.533480295
4.781	14.5222104933	9999.023	2164.65050925	9509.766	148.675702999	10469.24	97.1394271304
4.782	12.911258815	9997.559	980.73660664	9530.273	40.6755619326	10511.72	92.2075830851
4.783	12.8719127172	10000.49	1159.70187618	9499.512	93.6591324787	10463.38	72.3699368823
4.784	12.5580785142	9999.023	1143.48045886	9454.102	162.927337363	10545.41	56.2707649768
4.785	9.76140496392	9997.559	1158.35617573	9496.582	69.0560240833	10482.42	79.2469471719
4.786	8.02273502296	9997.559	1057.11154178	9536.133	49.5245895424	10489.75	60.9514669202
4.787	6.69458355506	9999.023	779.092709311	9474.609	34.6360240343	10523.44	49.9261655827
4.788	6.02949086632	9997.559	791.985187013	9534.668	28.8677583713	10543.95	47.9546881234
4.789	5.28361824595	9997.559	628.509314022	9537.598	26.4247011963	10513.18	24.0693601233
4.79	5.01975088402	9999.023	860.939417146	9543.457	44.5008011242	10529.3	42.8101097136
4.791	4.47074605431	9999.023	527.565638669	9508.301	45.3550527245	10505.86	27.49785628
4.792	4.36085344192	9997.559	458.444449699	9505.371	23.655784571	10451.66	19.1654088699
4.793	4.37114532111	9999.023	373.359667829	9498.047	24.6239331681	10467.77	28.3233734542
4.794	4.15563335998	9999.023	358.688365499	9544.922	15.1137335653	10456.05	27.96770878
4.795	3.95905356124	9997.559	363.728303303	9522.949	20.0279089314	10527.83	19.4768750098
4.796	3.80094773122	9999.023	363.596128248	9533.203	19.0233669764	10463.38	17.3582786932
4.797	3.81209250198	9999.023	411.636919051	9511.23	17.42747288	10458.98	34.0090212359
4.798	4.20620261594	9997.559	396.012959909	9517.09	24.2098296737	10483.89	27.2054192527
4.799	3.85504949067	9999.023	319.197261143	9533.203	32.330217958	10543.95	32.0492333824
4.8	51.0796120262	9999.023	1037.52893689	9533.203	287.527507144	10498.54	181.105366614
4.801	4.15681048301	9997.559	376.342704827	9541.992	16.8322302681	10456.05	30.3861229314
4.802	4.20299734353	10000.49	432.84539436	9512.695	29.7805276101	10467.77	17.3461859116
4.803	4.58414449243	9999.023	510.202325773	9458.496	25.2490553919	10472.17	30.8789562874
4.804	5.07291299049	9997.559	550.168717931	9520.02	28.2172094731	10463.38	22.9352459733
4.805	5.28735260062	10000.49	415.400733675	9465.82	24.700128298	10542.48	31.0106757955
4.806	5.3014850967	9999.023	433.075063262	9541.992	25.4055739946	10494.14	21.062039162
4.807	5.89454167451	9997.559	339.082200809	9540.527	33.1185742344	10491.21	44.7654151625
4.808	5.92916294903	10000.49	439.930025033	9530.273	33.6078092807	10491.21	59.1236252042
4.809	6.11441578516	9999.023	358.02483685	9541.992	44.9257973112	10466.31	37.5480780466
4.81	6.53925076036	9997.559	375.436820288	9477.539	48.0752465263	10456.05	50.4328490712
4.811	6.53520060248	9997.559	423.060392231	9496.582	36.0449494096	10501.46	37.3195489278
4.812	6.65021239806	9999.023	435.595666986	9511.23	32.9511470469	10514.65	31.9166621029
4.813	6.8845163775	9997.559	354.754461635	9537.598	31.4370523603	10505.86	56.02766333
4.814	6.03742425161	9997.559	317.274206494	9496.582	32.0336558622	10517.58	29.730749297
4.815	5.7933474347	9999.023	392.260851031	9500.977	37.6477248761	10460.45	31.9197523084
4.816	5.87310901197	9999.023	255.685637345	9508.301	44.8975874099	10532.23	49.5567341761
4.817	5.40661328342	9997.559	326.641582746	9462.891	47.8793209649	10489.75	40.293129531
4.818	5.12214241807	9999.023	300.865703976	9493.652	38.9951350724	10461.91	44.8400853956
4.819	4.98218159198	9999.023	355.270681865	9521.484	44.5129291826	10536.62	35.4285271521
4.82	4.66193242191	9997.559	335.229597535	9515.625	37.2037895093	10527.83	40.4352271895
4.821	4.54762231253	9999.023	286.987310711	9546.387	29.6236461819	10483.89	23.976727444
4.822	4.53160386007	9999.023	289.40120361	9458.496	17.2208563702	10458.98	24.4012932851
4.823	4.61154500829	9997.559	406.978375017	9511.23	20.4694576528	10507.32	29.6865747476
4.824	4.86224632014	10000.49	286.301443298	9474.609	25.775239272	10513.18	33.2549197337
4.825	5.12185060151	9999.023	277.870146834	9480.469	33.1949514149	10492.68	18.0517500698
4.826	5.15596203873	9997.559	285.116640906	9476.074	53.9786242408	10497.07	29.3127657668
4.827	5.07493738446	10000.49	295.624469905	9452.637	33.5719239618	10542.48	24.2930402134
4.828	4.87694258033	9999.023	254.026744417	9455.566	40.4937656822	10548.34	33.6148392769
4.829	5.12316473283	9997.559	440.427322159	9451.172	63.1625984616	10523.44	39.7082673405
4.83	5.31791732659	10000.49	272.931980951	9493.652	75.1778287634	10524.9	62.3984268839
4.831	5.53907812727	9999.023	474.261169756	9518.555	36.6653030025	10469.24	35.9215157145
4.832	5.53252822704	9997.559	502.984213154	9525.879	31.4155775508	10538.09	25.6018184485
4.833	6.43329764689	10000.49	511.24848588	9462.891	41.020365751	10489.75	43.2201580573
4.834	6.68373789741	9999.023	819.064286546	9512.695	42.2901106884	10478.03	35.5812932038
4.835	7.67728593016	9997.559	700.49926001	9530.273	48.3446228911	10533.69	57.1638342503
4.836	7.62998219179	9997.559	729.435798915	9509.766	80.7089135144	10500.0	44.3364185567
4.837	8.58450706628	9999.023	731.716957072	9477.539	65.2870529349	10469.24	43.3238738305
4.838	10.9466941942	9999.023	600.854113024	9499.512	56.3825373337	10475.1	95.7714739694
4.839	12.3843553103	9997.559	737.225871962	9457.031	72.8545356989	10491.21	49.1216452552
4.84	13.726083843	9999.023	831.056142892	9471.68	108.689463704	10517.58	70.0031938054
4.841	12.4445063585	9999.023	607.799877816	9474.609	61.5907033345	10473.63	85.7825562765
4.842	11.2335741263	9997.559	682.8490154	9512.695	69.4687702293	10495.61	70.4730037506
4.843	9.39583741495	9999.023	408.21970105	9464.355	51.627904952	10476.56	82.3704347401
4.844	8.65312649482	9999.023	479.788194399	9517.09	44.8767283432	10539.55	27.7719226211
4.845	8.66418994335	9997.559	606.370327356	9543.457	45.5817215342	10469.24	36.9047094973
4.846	8.50287546753	9999.023	523.231987667	9549.316	45.1357820565	10497.07	49.4349757028
4.847	7.18020259796	9999.023	432.165694518	9546.387	47.8393994427	10500.0	59.6911628624
4.848	7.56636620273	9997.559	558.650870329	9468.75	48.2141916993	10485.35	43.0159426327
4.849	7.74509903771	9999.023	430.947747693	9473.145	55.9825692248	10517.58	57.0227070035
4.85	8.4030100124	9999.023	628.340434574	9508.301	43.8436724731	10539.55	81.8707620357
4.851	7.93795350927	9997.559	466.341838031	9474.609	51.4620957746	10545.41	68.1151025758
4.852	8.73079578288	10000.49	739.423990894	9541.992	35.469420366	10535.16	95.7686038082
4.853	8.70114329822	9999.023	756.268111925	9524.414	32.5043393026	10543.95	73.7699139367
4.854	9.87308463429	9997.559	534.370777776	9540.527	79.959511494	10482.42	53.2428361205
4.855	11.0249179826	10000.49	618.0921273	9546.387	76.63408722	10514.65	78.0722526984
4.856	11.4395619949	9999.023	710.837421627	9522.949	113.783870192	10523.44	50.4209765626
4.857	12.300984984	9997.559	703.966232316	9527.344	152.153228729	10502.93	103.129990859
4.858	12.9992142854	10000.49	768.708536671	9454.102	64.3637975994	10545.41	111.733338682
4.859	14.3858807224	9999.023	1127.51442317	9492.188	97.6575138371	10526.37	62.0189782691
4.86	17.8241997679	9997.559	1050.90764324	9539.062	127.063364945	10485.35	113.475915349
4.861	19.2637382923	9997.559	1557.17704103	9539.062	211.776607957	10478.03	98.0415008827
4.862	20.1416238468	9999.023	951.989030435	9495.117	110.012434715	10536.62	95.8374335799
4.863	25.0350741256	9997.559	1443.12948576	9503.906	111.417826452	10475.1	127.768773619
4.864	35.076619506	9997.559	1476.24256012	9549.316	150.462365765	10510.25	169.184593217
4.865	69.7652089838	9999.023	807.060525116	9547.852	431.703136006	10548.34	389.637157776
4.866	56.7855149569	9997.559	1063.56828635	9470.215	262.421929301	10549.8	228.523159539
4.867	41.901784662	9997.559	1017.29207574	9495.117	187.608068614	10516.11	305.762042195
4.868	40.4725894663	10000.49	632.744178412	9465.82	161.566976603	10521.97	167.662043244
4.869	45.138300967	9999.023	579.593863038	9512.695	239.487327815	10529.3	191.308170945
4.87	44.5453822051	9997.559	373.650003525	9462.891	180.393146534	10458.98	360.951908376
4.871	41.915212805	9999.023	705.0965629	9454.102	203.636830597	10521.97	279.123795267
4.872	38.1070063498	9999.023	562.330793737	9468.75	250.793938637	10485.35	389.102688337
4.873	35.9294273871	9997.559	510.624166988	9465.82	342.039209143	10520.51	172.081806357
4.874	32.9400782983	9999.023	355.838408213	9503.906	169.379146765	10478.03	208.94239329
4.875	31.2264056588	9999.023	975.012644149	9467.285	166.390919986	10521.97	258.108172496
4.876	28.2763772082	9997.559	775.40446146	9546.387	142.675543856	10517.58	223.254485262
4.877	25.5975392436	10000.49	716.873449496	9487.793	195.636860836	10548.34	107.69204898
4.878	20.8774572314	9999.023	616.830823998	9530.273	202.662707608	10504.39	144.571349298
4.879	16.9012536528	9997.559	787.207823443	9522.949	164.995503852	10473.63	84.3068210913
4.88	17.5868914743	10000.49	593.582140594	9537.598	111.902091473	10489.75	78.4406436236
4.881	16.1005979283	9999.023	742.203636001	9484.863	70.3510191808	10497.07	82.4568791816
4.882	14.801148892	9997.559	632.402745798	9493.652	69.3047212592	10497.07	101.38692764
4.883	13.9166109827	10000.49	525.054624759	9502.441	71.7731754169	10524.9	60.6986750204
4.884	13.184164879	9999.023	956.99939489	9461.426	76.1277693672	10467.77	89.8138642052
4.885	13.3880900604	9997.559	594.877202209	9509.766	91.6995853089	10466.31	94.9695564277
4.886	12.407081327	9997.559	659.503662122	9506.836	44.0698569088	10504.39	66.0751519727
4.887	11.8192352788	9999.023	942.808410397	9457.031	83.1744042367	10483.89	63.4073775842
4.888	11.5746314289	9999.023	599.796553788	9530.273	67.3517199117	10536.62	68.8865668458
4.889	11.5027797678	9997.559	1000.7528381	9520.02	76.7947843165	10492.68	60.6656132862
4.89	11.1621648393	9999.023	783.295563135	9547.852	74.8919940162	10536.62	73.3909324674
4.891	9.89061502892	9999.023	1025.9368808	9534.668	90.7836473127	10464.84	57.0642567612
4.892	10.426346588	9997.559	865.908407562	9534.668	85.4183292475	10486.82	52.5580336591
4.893	9.48877100703	9999.023	1010.3212924	9496.582	82.228387317	10475.1	49.6410197766
4.894	9.19645412706	9999.023	838.338941633	9470.215	69.115528997	10453.12	76.6473598592
4.895	10.0978236767	9997.559	821.196319368	9502.441	51.2440057634	10529.3	75.6148956768
4.896	8.37509093007	9999.023	963.951730492	9467.285	56.9271349899	10476.56	41.4798582642
4.897	8.71020888839	9999.023	909.169807938	9527.344	46.0431130886	10456.05	50.0358175459
4.898	6.81715079502	9997.559	813.527000302	9517.09	39.0054292137	10454.59	71.1366040438
4.899	6.72538422066	9999.023	664.668136127	9547.852	40.6938048553	10541.02	33.1938023326
4.9	2745.19748044	10031.25	26211.845081	9457.031	22455.2967084	10539.55	21960.7117238
4.901	6.43739196472	9997.559	700.696160833	9486.328	48.9713682743	10480.96	42.322848033
4.902	7.0353509458	10000.49	896.663084646	9541.992	55.1424008108	10510.25	27.9125288062
4.903	6.96989964423	9999.023	1074.67879536	9477.539	54.4952203952	10507.32	79.2502642019
4.904	6.37934805541	9997.559	1004.19310435	9528.809	38.2707345388	10492.68	43.7160044223
4.905	6.39866756661	10000.49	1071.27653007	9524.414	29.714703387	10504.39	40.393066578
4.906	6.10777021725	9999.023	1073.9561685	9536.133	55.8556185791	10461.91	39.6221834933
4.907	5.31273211149	9997.559	1017.29748246	9493.652	41.4284512363	10475.1	34.4827158433
4.908	4.9889727359	10000.49	834.378601319	9524.414	27.7775742084	10475.1	40.1805258153
4.909	4.60258130752	9999.023	746.343143291	9541.992	35.0017548401	10454.59	29.7210552056
4.91	4.25230365689	9997.559	632.531209791	9493.652	22.6625381882	10495.61	32.2630086818
4.911	4.18734477934	9997.559	516.207967893	9477.539	30.1913688316	10470.7	36.9041725006
4.912	4.56590949624	9999.023	408.977831112	9481.934	27.5445369389	10460.45	53.0805490585
4.913	4.69897638616	9997.559	309.359746306	9502.441	25.6232817294	10510.25	22.6173429459
4.914	5.76013852509	9997.559	341.807659223	9471.68	44.8356633904	10489.75	35.8168387842
4.915	7.08506708208	9999.023	339.336513344	9549.316	42.3811464373	10463.38	69.2631174927
4.916	6.54715551704	9999.023	249.755918725	9477.539	46.2848951079	10539.55	33.2329464458
4.917	6.13991313628	9997.559	300.402835713	9502.441	52.6136290103	10460.45	54.0987515829
4.918	6.25205472936	9999.023	227.797941669	9481.934	33.8480274794	10454.59	26.931338791
4.919	6.48572223969	9999.023	277.733534044	9486.328	38.5813846217	10485.35	35.1598227382
4.92	6.72146885978	9997.559	229.671756525	9541.992	97.3426209634	10535.16	70.6340656661
4.921	6.53812736058	10000.49	185.227987949	9524.414	40.9705130464	10467.77	63.0104523452
4.922	11.2680511697	9999.023	179.121402142	9514.16	82.139243362	10510.25	51.1732436338
4.923	54.5048742588	9997.559	787.216733253	9505.371	624.802374568	10458.98	234.811300585
4.924	271.975634669	10000.49	3118.60164337	9470.215	2318.35655114	10549.8	1514.58142638
4.925	122.241627658	9955.078	717.4173205	9498.047	915.620506304	10542.48	779.961287457
4.926	227.656389292	9997.559	1836.29602047	9534.668	1660.46571337	10473.63	1231.79889092
4.927	30.8765619485	10000.49	490.260294474	9502.441	225.708538583	10456.05	158.237108842
4.928	17.0732775445	9999.023	546.598124916	9521.484	156.021729697	10485.35	78.0725793021
4.929	12.9917299351	9997.559	358.13750202	9525.879	98.9308135937	10519.04	85.4036422544
4.93	11.5307668925	10000.49	323.985351593	9484.863	69.9761070331	10549.8	37.1865323734
4.931	10.7441825395	9999.023	412.588710737	9533.203	60.5577921967	10458.98	84.1465686976
4.932	11.7740896169	9997.559	498.669822812	9471.68	103.091555688	10532.23	72.7315080679
4.933	11.4923013887	10000.49	335.96996391	9502.441	43.9868271492	10545.41	114.053465051
4.934	10.7715800925	9999.023	307.840964906	9489.258	97.0208227212	10486.82	71.0745223909
4.935	13.465333165	9997.559	451.859490242	9543.457	89.509786712	10543.95	71.6943607181
4.936	13.7835607731	9997.559	302.128125547	9481.934	60.6975786872	10539.55	74.1708548761
4.937	14.3286060895	9999.023	299.522800159	9511.23	90.991262932	10456.05	81.6387355028
4.938	13.9351550399	9997.559	384.515862896	9536.133	100.610095738	10529.3	78.7129149985
4.939	14.2072521743	9997.559	538.913794283	9512.695	56.6647998585	10495.61	74.6703855173
4.94	13.5937305624	9999.023	580.872123828	9536.133	83.0641915532	10489.75	70.2283433546
4.941	112.663059382	10045.9	624.108550661	9473.145	567.821666869	10524.9	746.56560742
4.942	88.690050769	10037.11	575.797517316	9454.102	445.181649003	10495.61	553.296658479
4.943	17.5886711695	9999.023	613.509346896	9484.863	165.269728506	10502.93	87.1299461106
4.944	14.098508948	9999.023	411.850263179	9479.004	101.198551994	10495.61	96.4473905751
4.945	13.7150123801	9997.559	325.325946022	9520.02	76.8496746948	10456.05	109.709770028
4.946	13.2225154106	9999.023	332.2112792	9543.457	69.358333913	10470.7	70.8995411509
4.947	18.6413295389	9999.023	280.139687128	9502.441	128.135332771	10500.0	104.050160182
4.948	28.5193195002	9997.559	438.103077679	9461.426	178.830797324	10548.34	186.350261707
4.949	32.22292123	9999.023	350.069322622	9531.738	305.540701871	10539.55	189.417715101
4.95	48.220756706	9999.023	334.513651326	9477.539	374.910966049	10501.46	469.181889185
4.951	38.0333372865	9997.559	381.403266126	9521.484	204.63860675	10517.58	237.31648237
4.952	23.1764277162	9999.023	447.210321341	9512.695	186.966009519	10514.65	144.835583724
4.953	16.6057299354	9999.023	785.583744452	9509.766	119.827573795	10491.21	61.7414137037
4.954	16.0495736086	9997.559	483.797337936	9496.582	81.7399866617	10542.48	109.426075698
4.955	14.4519785069	10000.49	496.878898167	9467.285	61.2925669447	10523.44	97.5816693539
4.956	15.4246837849	9999.023	720.685938852	9473.145	77.5824444166	10546.88	94.2908763041
4.957	16.2551338391	9997.559	597.28319556	9534.668	173.817255532	10500.0	79.1778475982
4.958	19.5490367856	10000.49	391.515731723	9473.145	142.744844079	10521.97	100.058180409
4.959	25.5207348096	9999.023	550.470972193	9465.82	213.46307443	10456.05	136.86323634
4.96	31.5136523585	9997.559	346.136344231	9534.668	241.163824532	10492.68	186.988605989
4.961	27.5607433075	9997.559	623.261547357	9479.004	131.680778236	10492.68	199.185146291
4.962	22.7583578094	9999.023	577.071422287	9496.582	176.43906096	10548.34	215.446457497
4.963	19.2517138562	9999.023	617.439206435	9543.457	77.7489307579	10543.95	122.02671247
4.964	14.359928945	9997.559	701.854498368	9512.695	58.7896388461	10529.3	115.395496417
4.965	13.7287116958	9999.023	677.456101619	9527.344	86.1934204283	10517.58	76.7364049698
4.966	13.0322218992	9999.023	707.411366058	9520.02	72.9327735079	10524.9	85.4917418085
4.967	11.2128130956	9997.559	953.568874258	9515.625	60.0649209185	10466.31	58.6211719267
4.968	10.7693784609	9999.023	646.375826089	9495.117	60.7126892634	10541.02	75.4393127817
4.969	8.42514156635	9999.023	815.728395591	9503.906	102.697449832	10513.18	33.3926912872
4.97	8.16800716372	9997.559	1167.51263134	9480.469	62.5155318179	10475.1	38.2264702803
4.971	7.53499837109	9999.023	1113.42048412	9476.074	44.2594886078	10541.02	38.1371133931
4.972	9.09581141606	9999.023	1281.63942051	9458.496	37.3722653392	10454.59	43.8925642307
4.973	7.24577673082	9997.559	1152.81417705	9511.23	34.112530185	10526.37	48.7049790942
4.974	6.78122445833	9999.023	1163.93126	9524.414	55.888281623	10497.07	41.1454518429
4.975	6.89641942616	9999.023	1574.47872712	9487.793	31.3492678842	10480.96	33.7967897729
4.976	6.52124825319	9997.559	1285.46643942	9518.555	69.2430551867	10469.24	40.7980908518
4.977	6.63119848995	10000.49	1286.751498	9547.852	42.6766302168	10475.1	36.3333532958
4.978	6.01668562766	9999.023	1665.05530981	9540.527	42.1026161622	10500.0	40.2831754709
4.979	6.78636049064	9997.559	1415.03272176	9539.062	41.9903804756	10545.41	38.7560921727
4.98	7.31975249304	10000.49	1317.22677395	9487.793	48.2368815748	10504.39	37.6095929324
4.981	7.29034814744	9999.023	1825.3565811	9521.484	25.7026986256	10508.79	38.5782191416
4.982	7.355545541	9997.559	1497.30471372	9493.652	50.8880256601	10543.95	67.8677119505
4.983	7.4673247943	10000.49	1701.28292556	9457.031	44.6865212866	10524.9	77.8061626449
4.984	8.81969549221	9999.023	2173.88402576	9524.414	49.1251133352	10539.55	85.1454074712
4.985	9.11186985567	9997.559	1517.67301537	9477.539	61.8977907999	10505.86	73.3790878576
4.986	10.2034935509	9997.559	2136.02923459	9531.738	48.8232835477	10508.79	65.7197740432
4.987	10.7181072993	9999.023	2038.56385467	9480.469	47.0973294895	10521.97	111.196881882
4.988	11.6671842889	9997.559	1918.85697907	9467.285	86.9135451103	10486.82	57.4799883997
4.989	12.1983376222	9997.559	2613.528607	9457.031	56.7974565571	10501.46	72.867768951
4.99	13.2950834387	9999.023	2248.61010226	9492.188	67.1906716217	10473.63	59.4755353608
4.991	12.8932770658	9999.023	1874.01516951	9483.398	136.138593244	10485.35	102.599256827
4.992	14.6105698982	9997.559	2302.06842079	9493.652	111.667219989	10502.93	114.277670499
4.993	14.9919152742	9999.023	1639.39449158	9486.328	104.424455786	10520.51	156.865765095
4.994	16.0753697026	9999.023	1487.32583328	9487.793	97.3951173138	10479.49	130.18056005
4.995	18.9973542169	9997.559	1321.53239387	9536.133	124.043215512	10501.46	155.304131031
4.996	18.3996289326	9999.023	1159.21359738	9549.316	72.6115015315	10520.51	86.3658673636
4.997	19.1735830914	9999.023	978.706844293	9452.637	98.0108233662	10483.89	254.94392651
4.998	21.0558365721	9997.559	936.08087189	9549.316	95.6659250376	10502.93	113.496083861
4.999	19.3689154601	10000.49	571.709601694	9464.355	158.530581726	10538.09	112.596650927
5.0	21.4663757126	9996.094	1025.91244743	9493.652	133.273673045	10460.45	103.409798833
5.001	19.9408601225	9994.629	821.000876225	9541.992	98.2255424336	10517.58	133.350996655
5.002	17.0007653887	10000.49	603.815801225	9473.145	66.3281150991	10478.03	98.2378560116
5.003	14.3571947436	9999.023	451.626022507	9512.695	66.819841081	10504.39	85.413680025
5.004	11.9609206152	9997.559	656.340628307	9544.922	131.568066389	10480.96	119.997558155
5.005	9.46174117603	9997.559	575.13229494	9547.852	72.6388034423	10491.21	71.4751731771
5.006	8.98607416094	9996.094	611.07486612	9540.527	62.8816663057	10464.84	65.63807196
5.007	7.7519166268	9994.629	529.972220615	9541.992	65.3408637626	10504.39	50.4946091285
5.008	6.74676967696	10000.49	476.08106434	9492.188	66.5104678139	10479.49	39.0442204569
5.009	6.27631234829	9999.023	499.60823509	9534.668	38.2492316691	10488.28	45.768449508
5.01	6.15055992279	9997.559	277.092547428	9470.215	33.3875325992	10519.04	51.1790572877
5.011	6.38361406158	9997.559	489.376710863	9518.555	68.9535920474	10456.05	31.8644680954
5.012	7.96320745054	9996.094	508.092668361	9464.355	43.8613734296	10451.66	37.2564523257
5.013	8.39451011719	9994.629	339.420639866	9517.09	48.9456725482	10497.07	38.3618795091
5.014	6.95661876177	9994.629	356.379744245	9479.004	49.3381098572	10486.82	35.5459798502
5.015	4.90410538041	9999.023	252.386849407	9503.906	30.4616066908	10524.9	31.8280918368
5.016	3.39597799255	9999.023	281.770620492	9502.441	31.8342313589	10548.34	24.631060382
5.017	2.90247312964	9997.559	222.82168396	9490.723	16.2377309426	10486.82	19.2395958277
5.018	2.46338491351	9996.094	223.826125622	9541.992	19.7641829583	10491.21	18.669212646
5.019	2.31417042277	9996.094	131.44418201	9517.09	19.5862823872	10450.2	21.2391792807
5.02	2.12907042969	9994.629	183.359243726	9459.961	8.93030361241	10548.34	18.3263416768
5.021	2.03960719725	9999.023	203.036944591	9498.047	11.6589645259	10473.63	10.7443266137
5.022	2.17099772345	9999.023	146.642218581	9495.117	9.16737594721	10517.58	11.9689068802
5.023	1.97848310764	9997.559	116.916345917	9541.992	9.64699932277	10454.59	13.4307396834
5.024	2.02051599487	9996.094	167.062403451	9502.441	11.8342282291	10498.54	8.7337060585
5.025	1.96752770298	9996.094	153.836367161	9525.879	16.3925570212	10492.68	12.493577639
5.026	2.021245875	9994.629	145.090941158	9498.047	13.0263623192	10467.77	10.3655391162
5.027	1.9051562029	10000.49	121.370985811	9509.766	11.8640557098	10483.89	12.8711293589
5.028	1.99960842362	9999.023	116.691369989	9451.172	8.27152030129	10535.16	10.7079050565
5.029	1.93206574958	9997.559	115.093125221	9508.301	13.4566174735	10457.52	8.8546764803
5.03	2.06217252236	9997.559	130.12435856	9470.215	8.36833616739	10476.56	11.3844896937
5.031	1.81134944908	9996.094	158.530562639	9467.285	9.75867450516	10478.03	6.73966813974
5.032	1.6928449787	9994.629	113.349576457	9467.285	9.27036305569	10460.45	14.2283125417
5.033	1.69007420371	10000.49	123.484717913	9520.02	9.16229700877	10523.44	14.4666921556
5.034	1.6663687276	9999.023	180.105403971	9536.133	10.665832832	10546.88	14.3489677215
5.035	1.7013351289	9999.023	146.892639173	9468.75	10.0904551689	10494.14	10.569405185
5.036	1.43648265254	9997.559	155.997377568	9534.668	7.84771372251	10498.54	10.4142955578
5.037	1.48684601185	9996.094	162.889554824	9492.188	6.46403718667	10549.8	8.1439586862
5.038	1.36352397532	9994.629	130.425743608	9521.484	11.5419197286	10539.55	8.24873241569
5.039	1.36595726914	9994.629	188.658759556	9547.852	8.74346692988	10464.84	5.13271270406
5.04	4.73267875698	9999.023	103.724172614	9547.852	44.599583043	10454.59	23.9170440366
5.041	1.38553019016	9999.023	154.915897494	9547.852	15.5289500603	10476.56	8.12675107016
5.042	1.49153143112	9997.559	166.382992957	9514.16	6.06478817312	10483.89	6.63846771652
5.043	1.5125172517	9996.094	171.877445506	9524.414	10.5094208403	10514.65	11.3488449349
5.044	1.99622743523	9996.094	151.403692024	9481.934	12.7113683876	10458.98	9.10704213485
5.045	2.06801131317	9994.629	251.237665556	9539.062	10.1560524288	10545.41	20.7293278223
5.046	2.05351320532	9999.023	153.699879087	9500.977	11.6568352167	10501.46	10.3385091478
5.047	2.36945189064	9999.023	236.958985182	9502.441	15.5200561466	10450.2	24.5295546702
5.048	2.13318719855	9997.559	277.261688315	9462.891	17.5653337032	10538.09	17.4625374558
5.049	2.59523622694	9996.094	292.721994502	9547.852	12.8440934459	10457.52	11.0264611745
