# Cancelled previous, reverted to old noise calc
5.5	1155.34291491	9972.656	9122.22661639	9527.344	6767.81185193	10463.38	13029.1415602
5.501	24.5227543036	9994.629	195.842097968	9473.145	120.937558901	10454.59	171.934420913
5.502	25.4038778402	9972.656	327.146255298	9549.316	100.504282103	10516.11	104.306028497
5.503	26.090000286	9966.797	126.890617932	9539.062	155.902024112	10546.88	129.247086395
5.504	27.1305515289	10021.0	156.665206424	9483.398	241.361667962	10453.12	154.308257576
5.505	26.0065578363	10035.64	181.745974163	9473.145	253.221216617	10451.66	107.080655123
5.506	27.7258893176	9972.656	247.975761746	9495.117	273.051751083	10541.02	165.038113421
5.507	26.4112365713	9996.094	151.546708006	9547.852	232.855482594	10472.17	151.857437817
5.508	25.4570868975	9962.402	219.66427944	9462.891	170.602411904	10453.12	169.637100152
5.509	25.1153189547	9971.191	188.352235366	9476.074	170.892184744	10507.32	237.211076248
5.51	27.1769666681	9991.699	143.260218707	9479.004	70.4138086916	10516.11	186.971133946
5.511	26.2999353123	10010.74	188.335117828	9522.949	283.375336019	10532.23	182.602897855
5.512	28.1296826504	9993.164	151.216331863	9521.484	252.58462922	10546.88	207.853747522
5.513	27.1568523971	10009.28	165.253574881	9461.426	162.252425839	10532.23	141.15916795
5.514	27.8148203608	9994.629	223.363917014	9486.328	189.642623226	10467.77	210.010236195
5.515	29.774241894	9955.078	118.704181311	9536.133	184.361828523	10457.52	190.457440374
5.516	29.8670391674	10045.9	174.963445273	9464.355	133.879658246	10510.25	252.562287954
5.517	28.9179648727	9950.684	159.64291413	9530.273	161.058973853	10533.69	212.283106393
5.518	30.6061189084	9966.797	142.558123556	9536.133	238.823605763	10500.0	259.937395896
5.519	29.7783139744	10013.67	173.157931856	9530.273	234.541403189	10460.45	120.874835605
5.52	31.6663588117	10048.83	154.496069628	9487.793	222.383011142	10504.39	155.835958417
5.521	31.0200109278	10001.95	259.305463655	9514.16	267.085600176	10480.96	164.330756325
5.522	30.8226953785	9990.234	166.643801854	9454.102	200.647415252	10470.7	253.628133079
5.523	32.8401038584	10048.83	107.538225334	9543.457	305.634095461	10517.58	208.384155727
5.524	31.9032330285	10037.11	301.66111214	9495.117	134.992050332	10492.68	276.162478838
5.525	30.9819204559	10025.39	253.757971419	9514.16	199.006268652	10480.96	205.555260898
5.526	33.9788056172	9977.051	122.796948891	9522.949	140.508295585	10548.34	238.529586378
5.527	32.4735458369	10042.97	224.05015083	9537.598	311.529041922	10536.62	219.973366549
5.528	33.5454698818	9952.148	339.17985245	9470.215	204.295661929	10463.38	213.530734878
5.529	36.9303847615	9950.684	179.459414202	9498.047	265.186453573	10482.42	207.682929709
5.53	37.6378457822	9950.684	126.352894941	9464.355	210.058713818	10483.89	292.229841499
5.531	35.6347952346	9971.191	231.738312017	9492.188	242.962577481	10505.86	253.297918603
5.532	38.7433792457	9966.797	211.351261176	9508.301	279.795592699	10486.82	238.952670731
5.533	38.604027172	10048.83	130.057530154	9477.539	252.179839889	10463.38	399.22324428
5.534	37.0635104053	9997.559	279.226844653	9549.316	148.354902475	10538.09	188.055873583
5.535	36.2212509716	10003.42	439.24922999	9531.738	233.462675073	10539.55	216.106165316
5.536	38.3332443422	9956.543	259.281628342	9500.977	187.683814611	10538.09	277.388424688
5.537	37.6379938095	10021.0	334.163922672	9458.496	326.691390236	10529.3	287.785016997
5.538	39.5907716702	10025.39	449.44830647	9525.879	296.753657997	10507.32	425.985697683
5.539	40.6805736816	9972.656	206.268128467	9486.328	221.888705394	10546.88	337.748051729
5.54	39.9202362084	10001.95	240.56372587	9505.371	200.428425468	10546.88	277.344707392
5.541	41.1692236221	10035.64	302.727722829	9459.961	312.029474923	10541.02	187.591033473
5.542	43.4008768518	9968.262	244.116305669	9455.566	216.375273974	10492.68	335.428787944
5.543	44.5936046322	10019.53	223.704519767	9503.906	343.225866653	10458.98	307.693643332
5.544	40.9654571812	10025.39	207.948548188	9483.398	335.139446057	10491.21	369.926562156
5.545	42.0870759137	10047.36	320.111387514	9481.934	213.212888724	10524.9	208.121573597
5.546	46.3584687725	9999.023	265.697040573	9481.934	238.749100813	10545.41	342.659595238
5.547	41.3908324263	10000.49	196.482240331	9517.09	416.325823228	10479.49	419.755952985
5.548	45.2944943557	9990.234	272.893039411	9525.879	576.118097307	10486.82	373.758989265
5.549	45.1714599579	9978.516	211.293220401	9531.738	225.431913539	10535.16	264.117825792
5.55	46.3770187516	10022.46	449.621150799	9489.258	277.404574939	10504.39	308.360806921
5.551	45.7342985118	10031.25	418.585368866	9524.414	459.437820595	10470.7	253.016601164
5.552	48.0848299466	9969.727	369.829670053	9474.609	354.37644757	10482.42	301.855136519
5.553	44.5510602364	10029.79	276.820660566	9540.527	242.105026316	10489.75	223.973832842
5.554	48.4180958627	9990.234	318.902175447	9525.879	228.895344049	10532.23	332.324205786
5.555	50.6210263257	10006.35	443.426810807	9483.398	330.532060108	10492.68	341.528224398
5.556	52.373405107	9963.867	465.442877634	9502.441	395.927654946	10479.49	266.417829029
5.557	52.7991041465	9965.332	259.905157401	9471.68	592.478196775	10549.8	214.185060916
5.558	52.1966054525	9977.051	338.744433973	9457.031	283.969785729	10529.3	412.72449396
5.559	54.4498871666	9996.094	336.460872453	9479.004	361.602471326	10536.62	285.965461942
5.56	56.8586166963	9978.516	356.475963109	9530.273	326.807787848	10483.89	392.176567805
5.561	55.9134472991	9952.148	254.574429403	9549.316	242.927823888	10469.24	586.293846318
5.562	57.6551245703	9974.121	502.632867465	9509.766	288.250516178	10520.51	528.211038476
5.563	60.6593957559	10012.21	325.615624571	9512.695	336.093526772	10524.9	590.163991825
5.564	60.6767727043	9990.234	321.917062144	9458.496	478.406838153	10467.77	382.011115617
5.565	67.8618864253	10010.74	367.014120025	9543.457	497.945434353	10505.86	360.823182597
5.566	69.5924618676	9982.91	425.472095409	9520.02	410.081424508	10480.96	477.19899178
5.567	70.0746853064	9962.402	369.544482035	9464.355	404.255632161	10485.35	326.313815372
5.568	72.6287089682	9960.938	438.446684298	9480.469	376.470365766	10463.38	434.1678277
5.569	72.5654882485	10023.93	442.628090576	9452.637	363.177821985	10517.58	637.231157388
5.57	72.6503474951	9979.98	330.51335049	9502.441	391.045408203	10458.98	524.787249909
5.571	73.3080800871	10018.07	349.115165943	9481.934	512.689338516	10505.86	698.202088146
5.572	79.8993940078	9962.402	401.207688721	9474.609	336.058527068	10461.91	344.624185653
5.573	88.8499317004	9988.77	461.596140098	9492.188	475.923845839	10530.76	496.357434953
5.574	90.8954285429	10004.88	503.628797427	9543.457	607.079535867	10466.31	410.279452609
5.575	87.9010038547	10031.25	606.870791442	9534.668	607.017032784	10491.21	652.705171615
5.576	98.284544889	10026.86	903.936222086	9471.68	389.951103729	10480.96	951.58867898
5.577	99.562085606	10040.04	463.718637853	9528.809	641.275862692	10486.82	881.20395495
5.578	107.556234458	9987.305	498.463577791	9480.469	485.748869347	10524.9	985.99132468
5.579	111.224280653	10040.04	958.98422875	9489.258	1053.53028422	10451.66	614.881544486
5.58	112.491403966	9991.699	901.421350379	9486.328	1211.21629063	10463.38	592.850741222
5.581	119.246511069	9956.543	1053.85566189	9512.695	765.770181004	10532.23	598.452787234
5.582	135.061566533	9999.023	996.46255027	9452.637	955.939480313	10519.04	520.176162767
5.583	141.867735529	10012.21	727.502596562	9533.203	1547.36467204	10454.59	724.400066919
5.584	144.280112314	10045.9	425.757001362	9517.09	1131.49306924	10517.58	948.913704509
5.585	151.775516	9997.559	715.715043695	9540.527	818.458287739	10495.61	1829.28923119
5.586	172.602390039	9999.023	1230.91310601	9539.062	606.188854079	10527.83	950.373998961
5.587	177.305452448	10026.86	915.719603617	9454.102	845.779975026	10450.2	889.827349379
5.588	200.151036927	10044.43	928.524617077	9464.355	1392.33453823	10501.46	1302.45802584
5.589	212.531036024	9999.023	1650.75870079	9517.09	1131.18758863	10521.97	1766.59956905
5.59	220.975543528	9988.77	1510.24773622	9511.23	1238.93182555	10508.79	2162.31036081
5.591	220.597736039	9962.402	1149.24933298	9489.258	1688.45449611	10453.12	1573.33014479
5.592	227.97199947	9997.559	735.404451524	9471.68	1776.80921047	10466.31	1918.84551044
5.593	233.61019299	10013.67	1229.7899268	9464.355	1196.14408686	10486.82	1390.76122813
5.594	234.526669926	10040.04	1812.02326828	9483.398	1660.79899968	10545.41	1694.00760219
5.595	226.044309672	9971.191	1573.91187449	9543.457	1381.33335049	10464.84	1445.09895137
5.596	222.855074801	10035.64	1302.37353773	9521.484	1301.88942614	10510.25	1269.49560528
5.597	212.158780395	9975.586	2080.29838923	9452.637	1753.53775833	10489.75	2307.7928301
5.598	217.476012509	9999.023	905.688416094	9500.977	1726.99230369	10451.66	1191.33776646
5.599	213.405760342	9993.164	1424.63353594	9487.793	1043.47363248	10498.54	1065.2016418
5.6	199.923588557	9977.051	2199.57322782	9471.68	1439.92318455	10502.93	1259.79317477
5.601	183.881690901	9996.094	1034.03758599	9487.793	1675.85718383	10542.48	1227.55459596
5.602	163.646836651	10004.88	929.096983233	9461.426	1359.30225861	10478.03	835.374323626
5.603	160.075721494	9981.445	1032.23813232	9531.738	1072.14355491	10508.79	1576.62119434
5.604	143.939765478	10016.6	902.452017543	9527.344	994.914577905	10545.41	1276.46932045
5.605	133.043490402	9993.164	591.31735101	9505.371	1055.87194865	10469.24	581.059932764
5.606	132.243696054	9988.77	760.689851389	9452.637	1718.83844362	10519.04	813.292367863
5.607	126.656658223	10016.6	764.296982686	9517.09	874.539833557	10469.24	731.712199208
5.608	119.738336406	9956.543	603.286836075	9531.738	790.623966862	10494.14	778.228568435
5.609	104.694738495	9962.402	966.159680451	9490.723	1030.24415447	10507.32	704.628397791
5.61	102.478147987	9968.262	922.815195356	9454.102	496.427465484	10536.62	753.97033237
5.611	88.1058660566	10010.74	557.424552031	9500.977	649.398154738	10491.21	688.874362244
5.612	87.058961525	10035.64	515.810439422	9486.328	524.568440943	10450.2	780.396301086
5.613	84.8478696008	9988.77	586.677172938	9495.117	287.932877669	10463.38	953.108680965
5.614	85.2333872373	9985.84	397.990529594	9500.977	747.556509213	10548.34	319.252988433
5.615	79.2307245194	9950.684	293.704821514	9492.188	421.40798522	10457.52	361.111043193
5.616	69.4680927023	9984.375	499.463388149	9539.062	488.00304833	10529.3	341.815210211
5.617	68.5602858485	9974.121	447.51061507	9505.371	286.067936066	10517.58	341.093298422
5.618	62.0279610472	9966.797	545.042240815	9517.09	329.488896576	10516.11	353.195898631
5.619	57.8479368839	9978.516	320.620906687	9465.82	334.829911284	10494.14	643.935595795
5.62	55.4262054003	10006.35	245.786040141	9503.906	584.467905638	10542.48	385.638112301
5.621	55.3135356535	9953.613	375.724823958	9540.527	351.237466807	10546.88	389.058374431
5.622	49.8742439532	9984.375	650.366291999	9480.469	254.837320557	10505.86	347.786457565
5.623	49.386927986	10042.97	178.227191776	9540.527	335.960543737	10451.66	345.131465969
5.624	49.1753329273	10001.95	239.442064753	9467.285	316.60150763	10511.72	249.585038006
5.625	123.138451379	10031.25	467.731165693	9484.863	3233.74496487	10501.46	663.364690239
5.626	42.3501769421	10042.97	187.562100228	9518.555	181.815909762	10451.66	202.154006082
5.627	46.443647733	9969.727	246.220065364	9530.273	171.580636589	10498.54	180.511363837
5.628	39.7631227049	9991.699	277.657406745	9500.977	239.795725425	10521.97	375.130053751
5.629	43.3169053285	9972.656	196.777639397	9511.23	297.010666486	10548.34	276.874733811
5.63	40.6427289996	9984.375	210.696905146	9467.285	356.042159404	10530.76	157.135395474
5.631	38.2331764772	10018.07	309.94290094	9540.527	272.253250411	10453.12	325.772341265
5.632	41.3766113289	9991.699	228.351147009	9503.906	328.275425628	10505.86	387.435301658
5.633	40.6081852277	10023.93	385.278512889	9514.16	124.222410257	10500.0	220.008710698
5.634	38.470301321	9999.023	268.762500154	9541.992	180.731511266	10457.52	186.233498352
5.635	35.7016833828	9993.164	197.116453591	9464.355	294.74563638	10504.39	173.967672743
5.636	37.5484599499	10029.79	335.579741308	9486.328	202.870693283	10491.21	149.329845245
5.637	35.4320923506	10044.43	213.020415737	9512.695	308.648737439	10488.28	291.693338912
5.638	34.2782501704	10007.81	311.290689205	9547.852	261.109829315	10533.69	131.33568439
5.639	33.4512231171	9984.375	193.391466844	9499.512	182.598537353	10545.41	226.34656929
5.64	33.2066912629	9960.938	135.442337825	9452.637	226.826012729	10476.56	279.782601541
5.641	32.1899063109	10000.49	179.732507296	9517.09	204.500290665	10469.24	198.91055101
5.642	29.6487371831	9978.516	169.659213062	9468.75	289.352690308	10495.61	274.401250656
5.643	31.1875996665	9996.094	249.582531801	9522.949	178.31688873	10497.07	251.019955593
5.644	27.9148765409	9997.559	149.825477349	9464.355	209.310244147	10541.02	182.835285795
5.645	27.8750429484	9993.164	140.876766855	9452.637	630.902976654	10514.65	188.676760986
5.646	30.9870994868	10032.71	238.507548745	9522.949	157.595521078	10507.32	247.740307688
5.647	30.0977852597	9974.121	139.324879683	9499.512	146.05196324	10476.56	190.220793587
5.648	29.0405032651	10044.43	178.999299691	9509.766	272.370938796	10479.49	129.491642345
5.649	27.0066433928	9963.867	100.574940705	9503.906	208.215044761	10461.91	158.397540319
5.65	26.582343064	9955.078	236.554853937	9505.371	94.3761091623	10483.89	94.9549503572
5.651	25.8908897664	10013.67	237.75000304	9481.934	201.662998497	10535.16	184.171710082
5.652	28.5588633018	10016.6	124.89535548	9455.566	101.454764454	10467.77	175.878612577
5.653	26.0813578639	9997.559	206.157744115	9487.793	227.892011503	10548.34	185.996751164
5.654	23.8696259535	9997.559	224.847783265	9457.031	191.208912867	10488.28	232.623573509
5.655	23.3639735285	9996.094	170.919458766	9522.949	184.363761142	10498.54	156.978134915
5.656	24.4165526028	10042.97	235.911792427	9484.863	163.987934599	10504.39	173.774103672
5.657	22.6118982148	9960.938	127.459094661	9490.723	144.568254942	10507.32	206.683493842
5.658	23.3223969469	9963.867	142.236773821	9540.527	102.147222098	10492.68	183.046013661
5.659	22.9897005362	10044.43	156.772654114	9503.906	117.163765872	10460.45	115.832269155
5.66	22.9290772305	10015.14	156.443278742	9468.75	139.94407752	10450.2	122.5902375
5.661	21.5412740864	9997.559	143.342291451	9476.074	182.874960159	10501.46	120.021553823
5.662	23.0421434962	9963.867	147.752808266	9486.328	104.583607103	10497.07	119.844791735
5.663	22.1998643648	10048.83	133.052237724	9530.273	97.0560986906	10536.62	105.400760754
5.664	22.1694598846	10029.79	121.483871433	9470.215	163.038852125	10458.98	126.68414046
5.665	22.3477935189	10003.42	128.826788174	9515.625	249.240115349	10520.51	106.796720601
5.666	21.7879525329	10016.6	115.599501287	9539.062	188.561950222	10497.07	113.851581973
5.667	20.3050253482	10040.04	191.609585726	9483.398	149.386416815	10460.45	145.11837436
5.668	21.734286856	10022.46	129.566211527	9451.172	178.090391975	10502.93	98.6885755348
5.669	19.189090132	9996.094	178.349535538	9479.004	89.9667067557	10472.17	157.091472936
5.67	19.8875652001	10021.0	102.315548524	9534.668	90.5571575717	10549.8	109.606346787
5.671	20.7883579913	9974.121	126.145750786	9527.344	163.012039337	10526.37	121.705750359
5.672	21.2871759821	9952.148	265.973180237	9480.469	83.1338496481	10538.09	130.817379437
5.673	18.9424827087	9997.559	263.390124437	9495.117	95.6171967006	10472.17	91.6592390166
5.674	20.1462345915	10034.18	85.1021797557	9480.469	91.0034702595	10545.41	112.043132911
5.675	18.3587013138	9979.98	137.915723067	9520.02	147.952213145	10535.16	94.7353560944
5.676	19.5816078721	9994.629	184.148830667	9512.695	123.869685842	10521.97	168.137422789
5.677	17.9289919957	10021.0	86.9469190091	9484.863	83.4857411687	10510.25	117.995911695
5.678	18.1179453619	9999.023	140.581274175	9524.414	118.176879893	10529.3	103.966264462
5.679	19.9304715933	9981.445	126.051501522	9500.977	89.8036206477	10460.45	103.210706541
5.68	18.1745278836	9982.91	95.1626261434	9512.695	67.7287401211	10478.03	91.3031311842
5.681	17.3578493353	10010.74	87.8158623213	9467.285	82.2043183948	10460.45	154.684906936
5.682	19.132976633	9994.629	227.191724289	9536.133	70.4705538017	10539.55	134.430065363
5.683	18.1216035215	10000.49	133.055320843	9490.723	155.622421494	10539.55	141.337740263
5.684	15.94128157	9999.023	125.864920241	9470.215	84.5194204099	10513.18	110.668866884
5.685	17.5239354223	9952.148	120.651530123	9520.02	128.834029606	10507.32	111.156739064
5.686	16.9373650431	10047.36	62.5829819099	9487.793	113.406268683	10464.84	121.687246418
5.687	16.3290403033	9975.586	65.0188694752	9462.891	160.036055778	10467.77	130.514037231
5.688	15.5619123713	9997.559	144.675282834	9481.934	89.5444586693	10529.3	129.29033904
5.689	15.7453530811	10012.21	86.7752401681	9490.723	151.701591249	10492.68	152.744067221
5.69	15.0175217061	9999.023	84.0892799051	9536.133	86.7544821767	10530.76	86.9153582048
5.691	15.7294692577	10018.07	103.603432909	9484.863	65.9161179928	10473.63	110.514891241
5.692	15.3212597929	9953.613	110.81400443	9514.16	126.687977021	10516.11	83.4713088785
5.693	15.4142071521	9988.77	81.9250703169	9452.637	93.3750211684	10458.98	150.953503197
5.694	14.5970038725	9994.629	122.122646842	9546.387	97.6000878768	10476.56	104.179857325
5.695	14.2318558244	9994.629	215.995487291	9483.398	95.0508584238	10486.82	104.784820431
5.696	14.0635837872	9969.727	75.0972734338	9468.75	118.025434221	10514.65	104.149594985
5.697	13.618295685	9999.023	157.237469061	9514.16	87.6820168447	10539.55	91.5085500151
5.698	14.0063312174	9972.656	83.5014107938	9495.117	79.7381894854	10536.62	67.2055938784
5.699	13.0047713163	10028.32	91.5017162085	9481.934	111.183095976	10476.56	116.609505531
5.7	41.6910664787	10041.5	178.988927793	9508.301	8479.04677474	10507.32	654.952686351
5.701	12.9187521123	9987.305	100.071667126	9471.68	88.8412127442	10488.28	62.992111501
5.702	12.9668322411	9960.938	69.8221063805	9470.215	54.3538239937	10489.75	68.7982850674
5.703	13.4056038956	9999.023	99.412171164	9454.102	58.0149226657	10497.07	76.2685567571
5.704	12.9174362974	9962.402	85.3671974073	9527.344	40.0990702235	10470.7	85.7532707517
5.705	12.1434726925	9971.191	125.624659377	9514.16	66.2736347055	10510.25	68.2701973329
5.706	11.4130849066	9990.234	65.5116737211	9477.539	102.823999035	10458.98	70.9368510826
5.707	12.830743475	10023.93	89.4972782835	9477.539	82.5201560716	10483.89	83.4474273055
5.708	11.3400410266	10040.04	107.788036836	9457.031	45.8211215435	10489.75	89.0100864612
5.709	10.6487141159	9999.023	100.61614893	9492.188	81.1454859363	10524.9	83.4380139138
5.71	11.7899259807	10010.74	89.6745977694	9451.172	80.3939360501	10520.51	53.7021277292
5.711	11.6386526625	10013.67	80.699095728	9492.188	83.1241391164	10486.82	64.604341897
5.712	10.2276972998	9962.402	64.0141475163	9528.809	65.4724418176	10453.12	50.915706618
5.713	11.1488763488	9950.684	75.854606289	9536.133	79.3776807267	10527.83	77.28183044
5.714	10.9801919859	9994.629	130.638887332	9470.215	77.1051343709	10539.55	90.7651618991
5.715	10.9677234158	10047.36	57.0880969234	9518.555	60.1483640137	10486.82	64.901952355
5.716	10.1779364976	9972.656	91.7998771399	9492.188	90.0585540323	10507.32	54.3814367025
5.717	10.4677891624	9997.559	60.3224462695	9457.031	63.4885356771	10494.14	51.8655065075
5.718	10.576924651	10021.0	50.5301801231	9525.879	75.7663507177	10451.66	61.7758048857
5.719	10.9586387996	10042.97	97.7033896547	9483.398	63.1457687804	10456.05	76.6783060709
5.72	10.0923283502	10006.35	101.313533243	9525.879	74.0201458174	10475.1	73.186365374
5.721	9.87638438651	9959.473	55.339754051	9500.977	55.3108838927	10483.89	55.3618658536
5.722	10.2898258231	10040.04	48.2245805985	9454.102	55.2142675737	10511.72	110.026749032
5.723	10.5221071983	9953.613	40.1556304935	9462.891	87.8540161055	10469.24	45.0013580576
5.724	9.76190484424	9979.98	78.7037712835	9536.133	85.1467499049	10538.09	63.6998458765
5.725	9.73621084383	10000.49	93.1181268879	9528.809	76.8542265876	10489.75	69.0608176789
5.726	9.88081178039	9994.629	73.528522606	9464.355	61.7676610472	10524.9	71.5344887387
5.727	9.417343223	10000.49	64.1735392227	9467.285	83.1364597105	10521.97	47.4584767931
5.728	9.73299873074	9960.938	38.560572485	9547.852	75.7727410659	10473.63	62.6207087347
5.729	10.2389594134	10029.79	74.9070900687	9477.539	58.3845512326	10485.35	53.0250732813
5.73	9.93403244743	10021.0	79.9099132537	9512.695	53.0100054407	10467.77	82.7782752742
5.731	9.60367061878	10032.71	57.6968972737	9499.512	85.5025889998	10539.55	58.8960441323
5.732	10.1558114365	9962.402	48.3378529262	9541.992	56.1276208846	10469.24	40.384942354
5.733	9.60351580323	9990.234	55.9406408091	9544.922	87.4826443618	10520.51	35.2413903135
5.734	10.0385420587	10000.49	59.3099182599	9457.031	69.6445845192	10536.62	52.7792486816
5.735	9.73640136683	9999.023	53.0717974007	9540.527	43.2364756883	10494.14	75.1437326513
5.736	9.75560755424	10031.25	59.9473747647	9493.652	72.5254570237	10508.79	73.2941406273
5.737	11.0479721362	9996.094	65.6211418688	9454.102	58.6123338825	10533.69	61.6571382074
5.738	10.6991648633	9988.77	80.6493588328	9486.328	109.609256521	10454.59	42.8912643553
5.739	10.6621103514	9982.91	77.3032880593	9525.879	74.5028821621	10482.42	68.4711996844
5.74	10.7675890839	10012.21	81.8244278799	9468.75	70.0518786725	10458.98	42.352734222
5.741	11.5119110962	9999.023	125.483558695	9500.977	54.9151073645	10543.95	46.160238927
5.742	11.7590016743	9996.094	132.276182085	9454.102	70.4618117983	10464.84	60.8887476516
5.743	11.2707450372	9996.094	133.908410665	9530.273	117.423245964	10479.49	55.929870168
5.744	11.467781624	10041.5	66.1690119874	9486.328	93.9230165788	10489.75	65.1499510896
5.745	11.548576902	9993.164	102.002258885	9467.285	62.7593254416	10498.54	85.2534748541
5.746	11.7140226074	9999.023	199.162651653	9484.863	75.492350543	10523.44	67.9588466841
5.747	11.8636609851	9975.586	67.7895843982	9518.555	81.7091813572	10514.65	48.4626996922
5.748	11.5863672246	9997.559	71.4785650248	9521.484	62.1789240987	10532.23	120.674709111
5.749	12.4558360398	9996.094	106.566088297	9492.188	87.7421499613	10541.02	95.4417035581
5.75	14.7192794021	9999.023	48.9913479626	9502.441	689.690523687	10475.1	127.325975519
5.751	13.7786348972	9994.629	92.3478250057	9511.23	53.0087587154	10514.65	106.787000991
5.752	13.3339054933	10034.18	86.1211103565	9543.457	80.2308237096	10457.52	106.869902422
5.753	13.5369666053	9999.023	111.432481122	9528.809	50.7131570389	10501.46	97.8710815378
5.754	13.9342926454	9987.305	102.383114677	9462.891	103.738911689	10507.32	74.9882394166
5.755	14.6536298443	10028.32	106.411127545	9502.441	67.2556275999	10485.35	113.32778867
5.756	14.9302091734	9996.094	80.6840850986	9499.512	79.8059682235	10521.97	70.4469862037
5.757	14.8481474655	9996.094	160.249147992	9477.539	115.968307076	10498.54	99.8412686949
5.758	15.4614270062	10000.49	105.504652613	9515.625	71.0453155609	10458.98	80.3419407685
5.759	17.02754464	9956.543	143.746653854	9512.695	80.2030465251	10497.07	90.6635805242
5.76	17.1156995396	10032.71	93.0139017733	9533.203	76.032879672	10504.39	102.511443462
5.761	17.2495157386	9997.559	148.612372574	9487.793	108.780166843	10461.91	102.13485573
5.762	16.4362565969	10013.67	139.150374217	9524.414	162.212825249	10529.3	130.759596143
5.763	17.3386610789	9994.629	89.6203717472	9543.457	137.610236522	10454.59	113.626413006
5.764	17.137740648	10040.04	166.340735296	9451.172	114.22849293	10505.86	129.635352237
5.765	19.0593869431	10048.83	74.0775154327	9540.527	142.298190152	10495.61	130.038090741
5.766	20.8083640805	10040.04	159.360076362	9468.75	134.952392031	10535.16	96.0983721404
5.767	19.659733084	9963.867	167.546389879	9461.426	78.91885325	10497.07	112.225622971
5.768	22.5858542695	10023.93	125.596590322	9534.668	162.861861307	10535.16	134.098940084
5.769	21.3899335837	9978.516	112.14710144	9480.469	119.595923462	10491.21	124.015476349
5.77	21.9729374944	9994.629	153.96240769	9518.555	161.717940891	10504.39	103.237169799
5.771	21.1242404532	10018.07	192.058921935	9539.062	124.786329681	10463.38	120.982961657
5.772	22.0883747103	9988.77	197.131080638	9539.062	148.03995175	10533.69	195.70702126
5.773	24.73204581	10012.21	155.079961201	9487.793	97.5554908133	10458.98	181.446020373
5.774	23.6460517264	9997.559	286.954464174	9541.992	127.763813691	10543.95	144.433995876
5.775	24.7796280002	9996.094	216.64090958	9459.961	104.546222723	10516.11	124.594661799
5.776	24.8863075087	9988.77	118.46300857	9483.398	84.6011240734	10543.95	270.780276143
5.777	25.5041587449	9978.516	140.23816098	9540.527	181.333823234	10458.98	200.480255187
5.778	27.3565772928	9999.023	203.290225534	9468.75	76.9756789804	10520.51	96.9142997608
5.779	25.8880028547	9950.684	113.676832666	9549.316	161.120274996	10539.55	192.621737339
5.78	27.9339325605	10013.67	167.964443825	9503.906	121.293250501	10464.84	223.764103151
5.781	30.1030449623	10004.88	192.133559486	9549.316	174.342577281	10542.48	351.463434686
5.782	31.5782027782	9975.586	140.246510756	9458.496	184.086485481	10500.0	182.075555771
5.783	27.6594721505	10000.49	302.186077266	9462.891	160.371304357	10494.14	243.002672349
5.784	29.8572203379	9999.023	369.396242932	9514.16	328.585536947	10463.38	232.318650486
5.785	29.8430764029	9997.559	384.508486524	9522.949	119.634287513	10519.04	182.188003253
5.786	32.3479044139	10045.9	244.992386667	9506.836	364.314132928	10485.35	253.42495392
5.787	32.7972421239	10016.6	171.924600417	9468.75	154.13029077	10467.77	265.633094588
5.788	36.851445218	9996.094	411.664574576	9525.879	293.018486776	10450.2	151.354934888
5.789	38.0403323489	9991.699	359.164644973	9540.527	239.593100166	10485.35	318.048059644
5.79	36.176207402	10003.42	167.273901222	9503.906	273.404645336	10508.79	180.736323803
5.791	34.8962755251	10010.74	171.769489776	9521.484	185.899854369	10469.24	217.954880747
5.792	34.758369412	9997.559	474.53840557	9455.566	248.673333064	10504.39	209.441392635
5.793	42.0408032803	9966.797	252.493187798	9514.16	241.632379712	10466.31	412.239548407
5.794	37.8864037408	10012.21	487.656943273	9547.852	230.528805046	10488.28	242.79958155
5.795	43.5703339459	9994.629	395.96068255	9481.934	331.381848236	10460.45	182.79685062
5.796	43.1861436243	10000.49	338.99603543	9461.426	318.50101482	10495.61	232.912072883
5.797	43.0947930138	9999.023	314.428595647	9454.102	286.89713303	10451.66	195.225683199
5.798	43.9728728863	9997.559	163.709657395	9479.004	299.203199755	10507.32	345.51957803
5.799	47.5273782241	9997.559	342.21243881	9533.203	474.858662951	10460.45	283.424332102
5.8	47.3652164544	9997.559	426.044679718	9530.273	469.555481122	10467.77	155.95007282
5.801	48.5095660343	10041.5	268.703701524	9470.215	397.469446411	10473.63	351.042465212
5.802	52.847334619	10018.07	275.365378127	9522.949	391.259843056	10538.09	200.315080242
5.803	51.1318257128	10019.53	463.079736799	9505.371	392.958163113	10472.17	428.492857824
5.804	56.8980137101	10007.81	332.150603159	9534.668	346.053107391	10460.45	434.016482017
5.805	51.8611194363	9974.121	291.188381632	9454.102	258.925403926	10507.32	306.814894274
5.806	60.8467757321	9996.094	508.894197245	9471.68	392.500145044	10479.49	411.417803494
5.807	59.9861394467	10042.97	360.887957857	9495.117	348.957680151	10473.63	656.036362335
5.808	55.8696151221	9962.402	384.308659876	9549.316	218.517418616	10538.09	475.81375505
5.809	62.2186516396	9979.98	322.976630102	9457.031	413.949250015	10483.89	283.01066452
5.81	67.4133771305	10004.88	398.992221475	9505.371	399.976289997	10450.2	275.372875666
5.811	66.4437390077	10028.32	531.470292612	9549.316	286.452313058	10485.35	341.807606106
5.812	64.707119509	9996.094	712.998539711	9461.426	348.307960001	10543.95	409.211787477
5.813	66.1545090211	9952.148	435.854758338	9486.328	500.008316371	10461.91	289.14721815
5.814	71.5542599663	9950.684	363.774594358	9534.668	447.143556599	10527.83	526.480799939
5.815	75.4211076173	10016.6	329.059503876	9479.004	718.538943285	10508.79	388.7159077
5.816	71.9010175747	10004.88	480.053745406	9476.074	505.494906151	10507.32	339.30809615
5.817	76.2791509824	9999.023	462.818596865	9492.188	478.170190311	10524.9	465.749169635
5.818	78.3471893947	9981.445	476.065006524	9454.102	766.424628913	10489.75	365.478170492
5.819	78.9335979791	9971.191	517.487381155	9452.637	409.190954351	10491.21	766.081318689
5.82	82.8467921314	10003.42	547.319420123	9518.555	620.748584075	10491.21	331.736043284
5.821	80.163947589	9994.629	355.870796336	9503.906	538.836143426	10498.54	342.421666981
5.822	82.8943427366	9999.023	811.848233962	9467.285	537.311853548	10475.1	314.729093391
5.823	84.1976678444	9969.727	577.705842014	9511.23	588.813194174	10479.49	350.124465648
5.824	83.0745158809	10010.74	581.426196519	9537.598	409.170836834	10548.34	641.95401353
5.825	92.5393327656	10048.83	519.147556659	9495.117	359.908861782	10494.14	445.868906021
5.826	87.1076366264	10026.86	490.418608992	9522.949	556.61906847	10491.21	568.292128179
5.827	85.6059265735	10000.49	519.070513071	9471.68	472.485242584	10535.16	583.005784852
5.828	85.9055496552	9978.516	442.162502936	9492.188	412.334775035	10478.03	574.667682164
5.829	85.8573616661	9996.094	729.054006962	9484.863	567.151941083	10501.46	791.330082964
5.83	86.4695179212	9978.516	560.039139816	9525.879	570.100156	10467.77	595.161053336
5.831	81.4237351473	10015.14	515.712594313	9531.738	638.995821327	10519.04	483.935985786
5.832	86.7430347508	10037.11	501.024151464	9498.047	647.417559631	10498.54	423.974576226
5.833	83.8446184148	10000.49	1037.78812491	9520.02	501.841697906	10505.86	557.932222449
5.834	81.811938495	9999.023	350.824009369	9500.977	419.313892598	10524.9	498.295721215
5.835	85.0994216498	9997.559	801.33545784	9462.891	640.842820081	10463.38	606.399815798
5.836	83.9672570154	9984.375	680.010690641	9549.316	561.207670179	10523.44	839.194008075
5.837	76.7459075403	9985.84	450.819707289	9480.469	443.759991568	10504.39	447.98432313
5.838	81.6354656973	10006.35	419.417741973	9525.879	342.020621158	10497.07	353.15864423
5.839	79.8794959123	9968.262	607.95838756	9464.355	409.748979878	10520.51	706.031807331
5.84	75.0616282885	9999.023	421.893123499	9530.273	391.572574727	10510.25	648.893105967
5.841	81.0897896588	10031.25	488.19581628	9505.371	484.160755093	10473.63	255.346100948
5.842	74.8077301816	10016.6	490.673238368	9500.977	284.901958721	10492.68	431.429412613
5.843	76.436057641	9996.094	478.877313732	9525.879	513.530438953	10507.32	464.695732157
5.844	75.0631276936	10003.42	415.814023259	9549.316	566.465035689	10472.17	395.06222606
5.845	72.9492795074	9959.473	401.478739641	9492.188	412.512216049	10502.93	608.489481313
5.846	77.2665568233	10010.74	372.584894719	9500.977	491.912918068	10530.76	397.610230581
5.847	77.0704045326	10007.81	456.719284764	9483.398	453.533036382	10463.38	630.630913806
5.848	73.3307167285	10038.57	689.926693087	9531.738	463.421753956	10500.0	512.67868445
5.849	76.0522089205	10007.81	403.15946378	9503.906	318.324652422	10529.3	868.735213628
5.85	71.7670480692	10004.88	380.32510199	9452.637	424.795057722	10541.02	413.134625339
5.851	70.0729206708	10012.21	498.569730859	9451.172	707.175465573	10545.41	522.986728633
5.852	69.5692620425	9991.699	472.644966637	9489.258	315.833290687	10541.02	450.429002075
5.853	67.8402133638	9956.543	286.549417995	9536.133	381.646902093	10488.28	522.359648031
5.854	74.9615875473	9997.559	796.193092328	9490.723	397.795523138	10466.31	317.074526742
5.855	72.7240798122	9997.559	385.351106708	9524.414	399.210349179	10533.69	410.127740065
5.856	74.4671342813	9996.094	465.576306987	9483.398	825.837110148	10548.34	435.911398543
5.857	68.298918262	10029.79	519.377186204	9524.414	520.200272848	10469.24	544.177565266
5.858	70.5952470934	10032.71	553.348909229	9462.891	570.570411303	10521.97	547.471021605
5.859	68.4617603133	9988.77	981.515897711	9509.766	637.831542052	10520.51	543.763126199
5.86	65.0838508408	9975.586	376.88915641	9452.637	720.79288763	10476.56	370.732268799
5.861	68.7294720229	9971.191	345.19137643	9451.172	272.889573409	10457.52	668.081607512
5.862	70.3190729735	9996.094	413.853885735	9476.074	482.399704699	10502.93	470.444081738
5.863	67.5090936319	9984.375	526.556736881	9517.09	467.082552613	10538.09	585.924179257
5.864	67.1766286133	10029.79	639.730553485	9525.879	474.695343093	10476.56	443.959598797
5.865	65.8718629964	9999.023	493.92837622	9490.723	633.893761162	10464.84	257.422593725
5.866	67.5913178519	10000.49	431.350926477	9530.273	383.651032948	10461.91	334.963061868
5.867	62.9440228024	10003.42	323.213259919	9539.062	492.118664578	10543.95	378.680953664
5.868	68.2483609803	9996.094	412.779722668	9454.102	351.177195731	10500.0	405.723918619
5.869	68.785277213	9978.516	452.787556475	9506.836	437.775830115	10476.56	491.595995013
5.87	67.863374259	9966.797	281.05164289	9528.809	343.575243071	10535.16	386.0210465
5.871	71.8280024209	10012.21	471.974295067	9461.426	356.540254097	10497.07	239.71423709
5.872	66.9672143399	9999.023	395.140879301	9451.172	356.267048956	10549.8	370.505226813
5.873	68.4335839381	9997.559	507.047450325	9484.863	303.70174354	10535.16	412.666227125
5.874	68.4859339077	9969.727	346.134201932	9498.047	469.488984345	10454.59	384.620607637
5.875	65.9015428424	9952.148	468.700803172	9547.852	599.693273095	10467.77	387.252500219
5.876	67.7694143799	9994.629	294.636847367	9527.344	593.436184242	10520.51	502.778733342
5.877	60.3702322155	10040.04	508.533739578	9514.16	468.588177884	10516.11	331.0548702
5.878	62.1985785456	9960.938	402.89706885	9547.852	378.598638457	10498.54	567.633528711
5.879	63.6502434215	9982.91	426.737456015	9502.441	443.923624272	10472.17	339.598553436
5.88	63.6160744916	10021.0	418.98631532	9515.625	376.251525055	10453.12	318.069614086
5.881	59.4687540858	9996.094	478.822467933	9451.172	457.131986867	10461.91	453.6217029
5.882	58.5782049714	9994.629	923.954600408	9546.387	460.101515177	10502.93	343.960745471
5.883	61.6615028368	9994.629	330.522341281	9461.426	326.017771877	10453.12	620.275891559
5.884	59.8139333197	10028.32	434.076109883	9489.258	284.106469868	10461.91	383.048112476
5.885	58.8117133127	10032.71	518.447431401	9458.496	296.478392883	10539.55	383.248645899
5.886	61.1785224068	10009.28	394.481379336	9512.695	641.737210394	10478.03	356.300469506
5.887	62.1575024655	9975.586	333.018991671	9517.09	543.16242214	10495.61	342.484118859
5.888	60.8798841913	10016.6	262.873092707	9452.637	459.95210252	10532.23	266.121149358
5.889	59.544023863	10007.81	503.286770058	9503.906	297.49204259	10524.9	597.330398462
5.89	56.5560136482	9982.91	302.785364825	9492.188	385.71100029	10492.68	375.722127689
5.891	60.9341992496	9962.402	272.388582281	9481.934	454.983544843	10533.69	419.310582131
5.892	61.4921077575	9991.699	490.113883004	9533.203	407.127797114	10541.02	313.83785742
5.893	60.2676994571	9981.445	723.276245103	9457.031	344.472852069	10511.72	453.34368964
5.894	60.2927965837	9999.023	459.221554581	9502.441	411.32482066	10510.25	233.981538416
5.895	63.2004118139	9988.77	556.113509476	9520.02	551.339601202	10533.69	425.172847063
5.896	63.9616485956	9956.543	373.595448754	9533.203	480.950010518	10479.49	252.029227232
5.897	60.8243406264	10022.46	310.631442247	9539.062	515.035612938	10491.21	464.522169399
5.898	54.9249500264	9997.559	572.550508575	9477.539	245.527270258	10482.42	301.004818014
5.899	59.5483344305	9977.051	314.660549657	9464.355	436.67301652	10456.05	690.323300303
5.9	61.8590283377	9996.094	531.387294721	9527.344	303.461233932	10530.76	400.791860669
5.901	60.2190016995	10013.67	303.311975815	9512.695	419.772063236	10548.34	223.436366666
5.902	59.380417158	9999.023	401.603121174	9502.441	511.210713732	10488.28	362.778335247
5.903	59.6991075103	9982.91	372.311231665	9520.02	276.618538193	10476.56	384.93886557
5.904	63.0372017075	9997.559	508.512911304	9476.074	638.621704107	10461.91	309.513482378
5.905	55.4652848049	9997.559	526.911630165	9492.188	508.378880683	10454.59	332.3720928
5.906	55.6857470267	10007.81	403.962994517	9506.836	360.196220767	10485.35	355.234396792
5.907	58.0569241409	9969.727	481.535662311	9547.852	460.92297454	10536.62	331.770682149
5.908	59.5411077435	10048.83	260.088353606	9540.527	403.914177806	10451.66	354.735058972
5.909	60.3040971641	10041.5	283.484080103	9515.625	389.788114631	10523.44	322.911830908
5.91	59.0296075912	10026.86	587.73398334	9471.68	346.302727696	10489.75	262.730753492
5.911	65.7768858204	10001.95	497.730633905	9541.992	354.274022952	10546.88	553.831611218
5.912	62.5779173587	9956.543	517.22373572	9458.496	400.40773638	10511.72	450.148489228
5.913	63.0360225237	10009.28	351.317223057	9451.172	348.878481755	10467.77	262.393301854
5.914	60.7430314226	10001.95	544.342930814	9487.793	490.65181128	10463.38	337.85862472
5.915	65.2599001141	9985.84	393.088445463	9451.172	463.565699824	10491.21	266.170161861
5.916	61.4626704711	9966.797	277.398290815	9452.637	423.545105575	10485.35	251.727724645
5.917	60.4349692918	10047.36	513.310984201	9509.766	301.050724161	10539.55	378.271309532
5.918	61.2909320271	9984.375	484.560911932	9527.344	315.147820657	10517.58	280.526764199
5.919	59.327683093	10044.43	357.15674707	9476.074	349.899713722	10507.32	792.224298444
5.92	60.1589059489	9994.629	750.711963302	9536.133	266.062235796	10467.77	287.676098092
5.921	67.7152442782	10029.79	346.359488432	9483.398	311.449143196	10492.68	326.527317098
5.922	64.6431183534	9981.445	357.11728051	9499.512	343.353580702	10488.28	462.770637305
5.923	63.7976343702	9997.559	317.885655845	9483.398	412.153069011	10510.25	443.850928101
5.924	62.668281473	9962.402	423.213324774	9495.117	287.713415504	10473.63	279.479247991
5.925	63.8531596921	9996.094	565.759071474	9489.258	260.463781501	10460.45	401.087990679
5.926	65.6735614476	9994.629	615.396572824	9461.426	482.033971264	10510.25	390.290690444
5.927	63.7357633616	9955.078	366.86097511	9470.215	915.250754017	10458.98	242.047164919
5.928	65.8613512319	10023.93	303.728328609	9487.793	323.643471163	10514.65	300.112951111
5.929	61.8478732839	9997.559	516.227188578	9549.316	418.264113104	10494.14	516.922824946
5.93	63.5733778839	9987.305	205.769752924	9503.906	565.876090918	10488.28	337.486943894
5.931	61.7440239862	9977.051	377.804360794	9514.16	261.456703434	10536.62	371.356766692
5.932	63.4977655969	10015.14	578.725290398	9493.652	359.541605342	10501.46	295.659820687
5.933	61.4974387403	9977.051	438.594250891	9477.539	356.621705499	10504.39	463.899340781
5.934	63.8781815056	9952.148	554.515118742	9492.188	471.658585406	10467.77	458.169241701
5.935	62.9161250318	10029.79	309.375899067	9457.031	399.208400778	10451.66	450.422553376
5.936	61.1130720173	9960.938	558.237777873	9458.496	455.879096642	10513.18	503.881758041
5.937	69.0097338343	9996.094	697.548206815	9511.23	271.102561685	10466.31	353.157263521
5.938	62.935680686	9993.164	365.258009329	9496.582	370.676382386	10497.07	572.187218912
5.939	70.2117196767	9994.629	593.880536359	9468.75	428.41302899	10480.96	501.583087624
5.94	67.590122162	10038.57	448.339356597	9471.68	320.537867028	10508.79	383.032351891
5.941	72.8980000761	9985.84	795.81497387	9528.809	543.740117204	10535.16	553.722642244
5.942	68.7248550443	9997.559	714.166924531	9492.188	348.35770853	10461.91	999.496592979
5.943	75.1600529676	9999.023	456.442188411	9496.582	503.351057232	10505.86	416.679235868
5.944	81.7276550177	10007.81	364.542334372	9521.484	277.973280954	10508.79	501.047533231
5.945	84.2157588882	9984.375	355.939862689	9454.102	472.011308901	10511.72	442.696088223
5.946	87.3008885108	9999.023	682.855637337	9452.637	556.565436458	10476.56	633.402372411
5.947	99.6181692976	9984.375	388.679628386	9484.863	510.408847797	10543.95	338.724320493
5.948	105.322581388	10015.14	1415.95458718	9464.355	588.5473258	10535.16	442.668552277
5.949	104.958920553	9963.867	673.770040599	9522.949	526.819611215	10495.61	434.564811267
5.95	117.944513569	10026.86	962.024299362	9498.047	700.96400545	10453.12	1303.10509534
5.951	118.709419685	10037.11	1047.77090749	9506.836	800.263681997	10508.79	1099.08864555
5.952	130.149497725	9956.543	1140.59786966	9511.23	702.431740646	10548.34	532.785792175
5.953	143.826686082	10034.18	1227.46099303	9484.863	848.118460942	10532.23	895.337095496
5.954	159.926804533	9997.559	1070.46233621	9481.934	1071.99404019	10476.56	631.42170083
5.955	171.663586485	10000.49	1117.72119371	9455.566	1053.38565698	10458.98	1603.15503259
5.956	190.613232255	9982.91	799.822400791	9527.344	920.583866709	10494.14	1688.70785925
5.957	191.529248158	9984.375	1183.65974615	9499.512	837.026582471	10533.69	1072.79304833
5.958	210.903944241	9962.402	1919.41982601	9530.273	1213.25762359	10542.48	1768.77327245
5.959	214.650273244	10016.6	1054.55417609	9468.75	1609.07422321	10505.86	1751.52327919
5.96	229.956516569	10048.83	1207.17048444	9457.031	1186.14760441	10502.93	1172.94120561
5.961	247.016501482	9969.727	1068.04897974	9527.344	1155.7593929	10469.24	1192.63885904
5.962	267.352620806	10042.97	1161.68290192	9520.02	1596.63723432	10460.45	2013.11784189
5.963	276.799195352	9950.684	2061.37721276	9522.949	1557.71774149	10516.11	3366.18467408
5.964	292.292657878	10001.95	1818.21392439	9457.031	1910.38450928	10466.31	1860.71963186
5.965	261.626805573	9977.051	1269.36330008	9503.906	1544.12357648	10513.18	2047.78929497
5.966	262.217881958	9977.051	3397.68143171	9458.496	1667.7843708	10478.03	1598.45763096
5.967	242.988828119	9959.473	1986.92729405	9480.469	995.080924719	10488.28	1653.43115628
5.968	266.993834889	10045.9	2067.13814573	9534.668	1952.5572287	10502.93	1831.23127005
5.969	256.296404401	9952.148	1542.22616511	9543.457	2047.20289112	10500.0	1452.56761859
5.97	230.096053126	10018.07	1991.96357198	9528.809	2059.00072732	10529.3	2635.85062967
5.971	217.463460678	10045.9	1111.35265763	9527.344	2585.15497195	10475.1	1295.73199959
5.972	217.830504517	9994.629	781.673991737	9490.723	1117.98621515	10535.16	1096.41505407
5.973	222.176212432	9971.191	1269.11395163	9484.863	951.106490636	10470.7	2376.822752
5.974	194.340352938	10035.64	1536.1442759	9493.652	882.810395025	10524.9	1077.23917664
5.975	203.324166816	10040.04	1179.90489944	9468.75	1183.64650848	10545.41	995.223180814
5.976	200.474495331	10009.28	1201.28259799	9534.668	820.995908936	10542.48	890.322916309
5.977	179.231224444	10047.36	1401.84571669	9525.879	993.904304139	10543.95	1085.08895657
5.978	186.507541448	10037.11	715.663568281	9536.133	923.771651011	10517.58	1128.65032213
5.979	178.918242102	9997.559	1131.15650306	9511.23	1185.45795652	10498.54	1299.53581593
5.98	183.817601428	9999.023	558.243478384	9499.512	1032.70573349	10485.35	607.663354402
5.981	156.001500563	9960.938	941.674078892	9498.047	1199.51844249	10500.0	769.376487634
5.982	161.299607678	9962.402	1407.28793933	9536.133	1044.50755603	10478.03	1235.33027495
5.983	157.735015372	10037.11	1063.51043638	9543.457	1156.32648323	10513.18	1258.444402
5.984	157.417144149	10048.83	584.010104164	9481.934	958.621455573	10523.44	1114.53021573
5.985	155.856935903	9956.543	848.088832841	9508.301	1222.92439285	10498.54	1249.62782947
5.986	157.903117729	9952.148	1066.53491904	9483.398	1121.3701698	10520.51	925.68141577
5.987	144.218758	9956.543	670.035403281	9508.301	903.682571172	10520.51	1123.83215049
5.988	143.444755568	9994.629	1098.24177471	9515.625	1136.08457989	10454.59	1310.60654783
5.989	134.363906942	9996.094	616.030896104	9522.949	1230.81637963	10546.88	796.683075174
5.99	124.016695839	9978.516	621.920510927	9486.328	578.500542202	10480.96	663.909018032
5.991	123.963510849	10041.5	576.146313395	9534.668	704.220318252	10549.8	444.106191452
5.992	114.77639075	10016.6	441.072188463	9509.766	776.843253271	10456.05	1306.4442556
5.993	115.895141807	10001.95	855.532419437	9533.203	892.344331404	10469.24	824.418802532
5.994	116.493404763	9953.613	780.395045157	9518.555	626.811331887	10450.2	635.853101909
5.995	97.0369567084	9963.867	451.880671648	9541.992	589.977040122	10521.97	883.643615096
5.996	90.7496733842	9953.613	681.196056527	9457.031	478.741291812	10513.18	617.430880561
5.997	91.3598817817	10034.18	516.04801532	9454.102	534.128349363	10517.58	629.236080885
5.998	94.5210020187	9979.98	421.377966622	9531.738	413.778202231	10497.07	547.336817196
5.999	90.3841872726	10013.67	811.56132647	9484.863	571.836879328	10538.09	518.570174198
6.0	9154.88135019	9972.656	72217.637604	9468.75	40336.2841091	10467.77	38686.8326316
6.001	84.0648199743	9994.629	533.760915991	9515.625	482.636738205	10454.59	481.174732912
6.002	72.8132117903	10000.49	639.672437733	9474.609	674.168659654	10453.12	412.837376122
6.003	66.7724005154	9977.051	421.090089139	9527.344	682.874264472	10549.8	223.805640418
6.004	69.2063172352	10028.32	289.079438733	9487.793	532.032753647	10527.83	489.523034709
6.005	62.1946949356	9999.023	772.186415871	9528.809	359.405641811	10530.76	331.583543692
6.006	60.2082519859	9996.094	557.052383402	9474.609	491.679043062	10546.88	488.089514833
6.007	63.9854734593	9966.797	303.720717381	9541.992	283.954451077	10458.98	584.894697535
6.008	66.0149367746	10009.28	299.828320961	9540.527	366.500697574	10524.9	854.134735126
6.009	60.2487951001	9966.797	312.322732617	9462.891	413.500866399	10491.21	371.520139494
6.01	56.1243835591	9974.121	364.849089702	9508.301	489.949756051	10527.83	218.315549832
6.011	57.31134143	10025.39	180.562806181	9473.145	298.543349345	10504.39	345.730608736
6.012	53.5142245065	9991.699	331.718729398	9484.863	344.235319635	10529.3	164.682725542
6.013	48.788503649	10003.42	263.921613078	9462.891	273.125027523	10498.54	466.75091671
6.014	50.5521765703	10021.0	362.355916733	9530.273	233.294160645	10500.0	303.462175919
6.015	52.8984012466	10018.07	174.933928546	9454.102	493.264454374	10514.65	303.398062694
6.016	49.5434894836	10021.0	366.063615646	9490.723	357.502222942	10498.54	210.442351609
6.017	48.8999594862	10044.43	156.592538711	9467.285	419.432372338	10538.09	272.101199895
6.018	50.2541303448	10034.18	180.333205585	9481.934	233.788477868	10524.9	414.548339126
6.019	47.2823025189	10013.67	296.809554472	9459.961	365.62032809	10480.96	255.053633675
6.02	49.5468790189	9991.699	261.309066823	9483.398	302.485489305	10480.96	221.798528826
6.021	49.6775677342	10031.25	332.204263852	9543.457	288.105290767	10538.09	388.854504219
6.022	50.4716323011	9988.77	185.338847833	9537.598	607.747997778	10469.24	394.070433406
6.023	54.0950140208	9959.473	276.922591963	9484.863	264.929761365	10489.75	228.531527316
6.024	54.8203064875	10031.25	304.578283808	9546.387	582.054505907	10536.62	326.865136966
6.025	57.4708118185	10047.36	391.358016375	9543.457	351.151384375	10473.63	430.170503409
6.026	62.1865787595	9994.629	354.646933482	9546.387	434.374975977	10495.61	305.350975218
6.027	67.7302189272	10045.9	529.903819976	9514.16	719.548476841	10480.96	240.898124382
6.028	70.4355606438	10038.57	453.928045435	9549.316	351.292435515	10517.58	418.802544585
6.029	72.9621498175	9997.559	428.667153411	9520.02	279.983073953	10472.17	516.038059773
6.03	74.74722785	10040.04	529.222260614	9464.355	339.578921509	10497.07	336.289817149
6.031	75.9725838232	9971.191	681.730403843	9524.414	482.319163976	10473.63	271.460966987
6.032	74.3396431867	9965.332	513.926283645	9496.582	416.3713157	10473.63	993.228805976
6.033	74.7639020536	9991.699	490.089601275	9467.285	345.853634977	10538.09	582.514601444
6.034	71.9546287405	9981.445	505.57227838	9452.637	320.34575317	10502.93	697.85903037
6.035	76.84695201	9952.148	316.790367984	9486.328	739.886479771	10507.32	630.320571145
6.036	74.7546047842	10009.28	514.297717146	9502.441	638.199466938	10508.79	678.646033779
6.037	67.0988302779	10013.67	573.521504495	9500.977	337.493731679	10494.14	320.781461331
6.038	64.4867970656	10034.18	447.35993311	9527.344	472.02784718	10545.41	368.954560928
6.039	61.935098704	10029.79	253.945131899	9521.484	379.94542435	10472.17	308.288062011
6.04	57.1629444977	10028.32	401.835919005	9500.977	308.547740331	10460.45	396.007230296
6.041	54.92682716	9965.332	259.422060176	9458.496	309.411047758	10483.89	319.884289981
6.042	53.6684871061	10013.67	326.950995109	9503.906	298.720983715	10504.39	360.607390378
6.043	48.029757953	10003.42	318.678382578	9459.961	398.280889775	10514.65	208.859457613
6.044	41.9433233798	9994.629	386.812581565	9514.16	307.236583569	10536.62	417.395637328
6.045	38.8469525675	9952.148	246.731164344	9484.863	179.376267576	10491.21	271.690493079
6.046	36.4308948028	10028.32	222.689250789	9484.863	174.153212183	10480.96	246.192984697
6.047	31.7938733368	10029.79	176.138031705	9530.273	216.276811329	10513.18	209.612111563
6.048	28.4228385302	9985.84	322.537204558	9514.16	141.759335047	10516.11	120.692016573
6.049	26.5557212995	9958.008	167.020117499	9498.047	136.818332455	10517.58	181.283886901
6.05	24.3427295701	10040.04	206.667471116	9459.961	236.216011905	10498.54	196.097882345
6.051	22.9016420129	9978.516	79.116699932	9525.879	184.778416726	10457.52	153.148628328
6.052	22.1913526055	9955.078	131.031456662	9470.215	132.624985849	10497.07	177.491863422
6.053	21.5346250253	9985.84	111.733264753	9455.566	215.017344128	10508.79	167.913393254
6.054	20.3358409746	9958.008	74.1443305886	9536.133	106.931784258	10508.79	101.089749334
6.055	19.6335459935	9979.98	143.354786699	9498.047	122.114938334	10504.39	138.519226119
6.056	20.376194267	10026.86	146.872434474	9499.512	111.569805207	10508.79	128.498123498
6.057	17.4243365999	9996.094	143.693129052	9544.922	133.433865954	10492.68	79.5924090897
6.058	18.7366280243	10010.74	135.602256273	9467.285	86.6610090193	10457.52	126.7953304
6.059	18.2041916011	10042.97	91.2245157051	9459.961	135.066242592	10508.79	84.8996537728
6.06	17.9838137541	9971.191	104.24468239	9481.934	80.6906701034	10450.2	159.327343392
6.061	17.026111012	9958.008	154.381292151	9480.469	134.877535222	10526.37	137.246250863
6.062	18.2351482557	9996.094	106.989680275	9547.852	100.312002861	10460.45	119.298816236
6.063	18.1484151221	9996.094	172.884486734	9546.387	117.522310988	10542.48	103.681427014
6.064	18.2227983638	9994.629	81.8575473194	9467.285	88.214944701	10511.72	136.238530853
6.065	17.011432586	10031.25	140.433859811	9511.23	134.11115788	10538.09	114.805287655
6.066	15.9223253967	10034.18	73.0190009694	9514.16	125.762632948	10495.61	81.1854424019
6.067	16.4400639424	9997.559	133.019251437	9506.836	155.334065783	10454.59	85.0289271926
6.068	17.0132146682	9977.051	108.472427593	9470.215	124.029234501	10527.83	101.924401467
6.069	15.8835440662	9955.078	102.274901886	9547.852	88.1497391654	10542.48	79.5607147624
6.07	16.416796237	9994.629	229.896545171	9541.992	110.162024203	10536.62	116.075012249
6.071	16.3032941122	10000.49	97.6958102202	9511.23	86.1902441791	10464.84	61.5381881829
6.072	15.865689151	9999.023	125.279064123	9451.172	84.9513541746	10501.46	86.3155231771
6.073	14.7811206626	9984.375	85.8833318083	9461.426	193.086392537	10548.34	118.212202981
6.074	14.6545924809	10012.21	66.5276523746	9536.133	76.1607746402	10520.51	98.6490750524
6.075	14.9507246768	10029.79	91.4128509544	9492.188	75.6083787295	10454.59	72.7048145127
6.076	13.7504385981	9968.262	144.768461494	9471.68	77.7448332225	10533.69	90.4633040496
6.077	13.8350671897	10029.79	65.3131651589	9505.371	109.047084465	10502.93	75.7922825516
6.078	13.3360117377	9999.023	103.998172123	9468.75	41.7876171818	10498.54	55.4152366822
6.079	13.831549813	10038.57	102.580448393	9514.16	85.2376324021	10461.91	72.4517923532
6.08	12.564456107	9966.797	85.2727675133	9500.977	55.9637964151	10504.39	76.1321730687
6.081	12.7391831333	10004.88	71.4125681335	9468.75	57.625045201	10530.76	98.151842867
6.082	12.7936102874	9994.629	181.093880995	9454.102	91.0569719933	10461.91	73.2120627526
6.083	11.5489004094	10000.49	123.839498752	9528.809	94.5006462291	10542.48	48.4874678188
6.084	11.4731271952	9999.023	73.7326229327	9459.961	83.7969726815	10470.7	76.6146546715
6.085	10.7818767194	9985.84	87.1807499129	9549.316	38.4051513454	10541.02	55.3771240288
6.086	10.2539739915	9984.375	70.8400166835	9506.836	79.1830960626	10457.52	117.426367849
6.087	10.575013856	9996.094	91.2602161618	9471.68	70.3330567692	10543.95	83.0920166242
6.088	9.67677857816	9996.094	119.025259734	9505.371	68.0294161659	10514.65	59.4655366317
6.089	9.59320193933	9982.91	75.4639014052	9531.738	70.3138429799	10541.02	56.2340085041
6.09	9.29398905682	10044.43	63.2381144545	9520.02	71.4291696735	10480.96	117.854184428
6.091	9.93535297562	9999.023	93.3960926073	9484.863	47.5940248228	10513.18	94.1884401934
6.092	9.366724715	9997.559	147.160987668	9546.387	69.6978272562	10502.93	44.9440545506
6.093	9.37842320448	9996.094	101.913633933	9496.582	70.0087878373	10502.93	69.8803876388
6.094	8.50284640348	9996.094	72.3607067173	9518.555	69.4205957007	10538.09	67.2355396377
6.095	7.64499416731	9994.629	79.0915612577	9465.82	38.5962753749	10461.91	76.2525057883
6.096	8.52999249354	10037.11	44.1829925459	9484.863	33.7266490132	10548.34	59.797189873
6.097	7.8488125456	10047.36	48.9469423343	9521.484	51.7473997678	10536.62	70.4807954855
6.098	7.38591986788	9997.559	137.216024607	9464.355	27.153248458	10501.46	67.2969610672
6.099	8.12121435067	9997.559	61.8837149581	9471.68	43.9911966285	10545.41	37.6302239599
6.1	8.15235713166	9996.094	112.990350266	9500.977	47.0626581126	10511.72	47.4221013609
6.101	7.62933270316	10007.81	72.0426435632	9490.723	39.4998821404	10538.09	60.9135393825
6.102	7.54271085031	10000.49	65.9712391869	9470.215	59.1396957518	10453.12	67.2843529659
6.103	7.60535805981	9999.023	79.6459317705	9454.102	29.250290238	10495.61	40.5179972257
6.104	7.73974987286	9997.559	82.4125362885	9528.809	64.8393599825	10480.96	76.7850609091
6.105	7.39289460273	9996.094	83.6883750472	9490.723	56.9206346934	10485.35	58.8701828518
6.106	7.79315045691	9996.094	93.1121199415	9487.793	38.7766585513	10451.66	69.7053849925
6.107	7.96874034423	9990.234	42.7140410035	9499.512	62.9189559979	10457.52	43.0566000171
6.108	7.81991974193	10000.49	139.768553995	9533.203	62.6207896467	10458.98	66.6137564518
6.109	7.55953378633	9999.023	61.130697063	9503.906	38.3805274909	10470.7	39.9650563757
6.11	7.14639228583	9997.559	144.148509438	9492.188	46.3536930821	10516.11	39.4121243597
6.111	7.82278899022	9997.559	132.939629847	9490.723	56.7300262037	10475.1	33.0679527385
6.112	8.14742381458	9996.094	174.716190118	9531.738	57.7437570621	10460.45	55.2472637263
6.113	8.15425962773	9994.629	167.907692513	9531.738	54.1272497788	10483.89	41.3406409377
6.114	6.97967394362	9994.629	144.067683737	9543.457	75.6489845101	10529.3	51.5355930634
6.115	8.0580425676	9999.023	117.433068196	9544.922	37.132621207	10453.12	36.3247374759
6.116	8.05859075774	9985.84	68.8282147874	9484.863	75.9562409278	10504.39	73.0741469959
6.117	8.19129042162	9997.559	173.360008129	9477.539	41.2461819692	10497.07	59.5175371199
6.118	8.65116724488	9996.094	51.3207803682	9514.16	81.0584098085	10549.8	34.5965451376
6.119	8.77070674636	9996.094	86.4625599053	9512.695	66.5718897967	10450.2	39.8067958846
6.12	8.16556624078	9994.629	97.5403648828	9524.414	42.5955032778	10536.62	49.515481958
6.121	8.7387485821	9999.023	192.618502595	9498.047	65.3436199539	10498.54	71.9469577881
6.122	8.86832689508	9999.023	95.6486116174	9509.766	51.8466247292	10533.69	39.2148054332
6.123	8.67307972337	9997.559	139.878112764	9503.906	73.1666706616	10488.28	34.3004371394
6.124	9.5589405716	9996.094	155.105496906	9486.328	54.6113705394	10541.02	41.2045496942
6.125	9.44939879326	9996.094	224.959043129	9546.387	47.867252371	10454.59	63.0024267675
6.126	9.67239580441	9994.629	115.348926597	9508.301	50.9309944913	10524.9	52.2433508769
6.127	9.27902524061	10000.49	253.075279354	9476.074	72.1915956194	10495.61	51.9767634897
6.128	8.34447302519	9999.023	220.609139784	9481.934	54.3959982375	10497.07	49.9142061355
6.129	9.19609512066	9997.559	182.183537616	9461.426	77.051124295	10542.48	79.4072994325
6.13	9.31882052953	9997.559	106.400935566	9531.738	78.3722108288	10469.24	49.8128888573
6.131	8.95450803587	9996.094	245.499851802	9451.172	59.7826700239	10472.17	79.8601578062
6.132	10.2120799192	9994.629	245.265164247	9474.609	38.4775044427	10479.49	63.0431925975
6.133	9.20933209845	10000.49	179.529603379	9489.258	62.799582568	10466.31	68.2194211042
6.134	9.29342229786	9999.023	164.554132491	9458.496	41.0326287656	10497.07	51.0492129077
6.135	9.54143605901	9997.559	252.746171708	9458.496	44.1212112628	10454.59	51.7408672996
6.136	10.9518595415	9997.559	141.896357476	9465.82	35.0015675165	10546.88	64.8841315384
6.137	9.75067815001	9996.094	252.156816165	9498.047	48.8891222538	10524.9	45.4586312195
6.138	10.1853461456	9994.629	149.078728233	9476.074	40.9292380191	10498.54	63.0013668846
6.139	10.4501138959	9994.629	201.756654795	9531.738	94.8358333785	10466.31	53.4465115905
6.14	10.3308706711	9999.023	156.925712172	9489.258	69.6524067303	10533.69	60.5828035941
6.141	10.9141972183	9999.023	273.721454067	9512.695	92.3662201058	10456.05	50.7961031764
6.142	11.7227310805	9997.559	276.862707833	9514.16	48.4746772791	10454.59	102.947564389
6.143	11.4425618566	9996.094	110.321250536	9487.793	96.4967693895	10460.45	74.5997261517
6.144	11.3258007822	9996.094	202.326609337	9527.344	138.263633304	10470.7	52.5377329866
6.145	11.1428318448	9994.629	226.331617021	9461.426	90.3595784697	10479.49	109.104526584
6.146	12.1003016961	10000.49	137.69474433	9474.609	86.9749896932	10454.59	73.1341105953
6.147	10.9227012399	10015.14	109.047914895	9533.203	69.1516423615	10527.83	78.7260126823
6.148	12.2269538506	9997.559	164.970022322	9455.566	46.3495087339	10500.0	109.902862427
6.149	11.7684063653	9996.094	291.184794383	9539.062	106.476144804	10482.42	75.2288606169
6.15	12.8331880787	9996.094	172.755434735	9487.793	107.221151309	10505.86	91.7627101056
6.151	12.736947549	9994.629	118.591339094	9534.668	87.660413176	10543.95	65.6768506341
6.152	12.6476550291	10000.49	184.645299067	9503.906	57.5082712072	10467.77	74.0648472321
6.153	12.2980800125	10032.71	67.9833824059	9467.285	77.8184878484	10524.9	102.137600903
6.154	12.941704597	9997.559	87.1073160488	9509.766	96.9289913006	10520.51	74.0704314082
6.155	13.3919728697	9962.402	132.258375511	9458.496	96.4116035376	10527.83	94.8811423406
6.156	13.1858657121	9996.094	87.9445491759	9539.062	90.0157500277	10545.41	96.3203983154
6.157	14.6087450894	9994.629	180.348494052	9470.215	61.9336415365	10476.56	118.237114069
6.158	13.6212356443	10032.71	56.0700710807	9544.922	95.3457882838	10526.37	86.3623411802
6.159	15.2144347512	9999.023	133.611034105	9521.484	71.4333058403	10488.28	63.6872832476
6.16	12.8808911994	9996.094	143.182540505	9483.398	83.043491584	10521.97	142.851881373
6.161	14.571651744	9997.559	164.123902257	9455.566	132.53622008	10458.98	77.3287564873
6.162	14.1750366559	9996.094	72.2551440518	9481.934	76.2353428891	10485.35	59.933255685
6.163	14.5696037765	9996.094	182.561106474	9492.188	75.0037707107	10472.17	89.6063424896
6.164	15.6187893016	9994.629	139.175127601	9520.02	48.5406051495	10507.32	79.169337837
6.165	16.5882043223	9999.023	130.784690393	9544.922	82.3290670641	10539.55	102.522071081
6.166	15.1916713115	10029.79	96.3597429648	9537.598	117.162967196	10483.89	135.174256543
6.167	16.2573487694	9997.559	118.401044423	9506.836	78.1557543909	10524.9	107.766960424
6.168	17.0498134811	9996.094	290.17495102	9549.316	113.040942003	10513.18	74.5895335971
6.169	16.7583921771	9996.094	219.535195336	9539.062	69.6546672586	10476.56	123.329748489
6.17	17.3448000709	9994.629	203.09032809	9531.738	95.0048436901	10461.91	126.4747043
6.171	17.0033767275	10000.49	256.201252692	9511.23	166.325637025	10524.9	171.625143554
6.172	17.2828236231	9999.023	230.309139209	9540.527	112.271522494	10488.28	124.408969345
6.173	18.3399906702	9997.559	104.828367353	9530.273	125.400483895	10480.96	108.390358957
6.174	17.7413084219	9996.094	234.272793371	9471.68	151.794913584	10470.7	166.111494278
6.175	17.0877263514	10047.36	97.6053887675	9470.215	95.868291657	10500.0	73.1365591794
6.176	17.9470629565	9982.91	125.579182249	9522.949	112.008668741	10495.61	105.98180493
6.177	18.9754993096	9999.023	183.348645778	9495.117	84.7783616904	10530.76	129.644858314
6.178	18.7568078834	10022.46	134.454746608	9480.469	104.584911893	10521.97	110.112446075
6.179	19.9565195435	9997.559	277.884383	9505.371	100.566441859	10472.17	100.634669729
6.18	18.7085023282	9997.559	408.33845725	9474.609	117.008339249	10470.7	121.502395444
6.181	19.7805848763	9996.094	221.028159508	9467.285	141.311179598	10523.44	129.674953119
6.182	18.4738751764	9994.629	233.829747881	9492.188	151.292415593	10463.38	229.081346998
6.183	20.9389280446	10000.49	100.307033875	9498.047	87.6588498542	10520.51	122.504053219
6.184	20.3435475071	10034.18	162.912677403	9533.203	77.7680992512	10513.18	103.47349777
6.185	19.3165643146	9959.473	165.381507628	9518.555	155.97582253	10526.37	121.481781837
6.186	19.5722479648	9958.008	137.884562341	9547.852	116.606215167	10529.3	150.88737893
6.187	19.9214255364	9996.094	148.73231319	9484.863	102.546625445	10480.96	99.4589166349
6.188	18.2311417821	10025.39	118.314802028	9506.836	165.002511062	10480.96	75.3060692495
6.189	19.4031847787	9959.473	145.628794838	9499.512	130.124717942	10516.11	92.1156226895
6.19	21.0427703576	10013.67	187.656843803	9522.949	145.333746776	10460.45	185.242292441
6.191	21.1918262272	10041.5	83.5629402325	9461.426	195.350621634	10511.72	244.586440697
6.192	21.1420174792	9997.559	93.7624178367	9540.527	136.158125314	10541.02	190.996206041
6.193	19.6156594225	9968.262	86.4976946756	9486.328	146.26305053	10545.41	157.71483279
6.194	21.8526762811	10031.25	126.253624299	9476.074	83.4329278071	10486.82	88.4577956876
6.195	21.7908711118	9971.191	124.150658967	9457.031	113.828480614	10463.38	174.216129901
6.196	20.7904877824	9956.543	169.595246839	9476.074	104.674900091	10483.89	156.548690257
6.197	23.2238147068	9952.148	108.794003386	9462.891	155.798927914	10489.75	89.7398165766
6.198	21.5954045432	10004.88	170.462964833	9483.398	140.511985152	10530.76	120.11972007
6.199	22.9431843987	9984.375	133.570681939	9471.68	192.473184347	10511.72	214.144174712
6.2	22.9588787275	10004.88	92.9955575351	9470.215	103.355146076	10505.86	125.641180479
6.201	26.6680922833	10023.93	188.171134904	9462.891	160.347930739	10545.41	207.069942144
6.202	21.8328327068	9991.699	102.197451723	9457.031	377.879801715	10491.21	249.486739744
6.203	21.9985249961	10038.57	130.107273984	9515.625	143.691617811	10516.11	101.692797787
6.204	25.1252761007	10013.67	166.549930504	9540.527	209.990026553	10464.84	108.1095858
6.205	23.5816668817	9985.84	138.702871571	9495.117	162.123171929	10476.56	168.330910525
6.206	25.286568918	10006.35	125.9161957	9549.316	84.4125833344	10483.89	109.720863591
6.207	24.3722764157	9956.543	182.786235195	9468.75	214.464634902	10519.04	192.842761248
6.208	25.5358145713	10032.71	147.344475094	9493.652	140.908437925	10548.34	180.502599552
6.209	25.8598249066	9958.008	125.814896698	9534.668	106.142433174	10479.49	214.834495198
6.21	25.0072952329	10038.57	145.651812995	9524.414	147.829566657	10473.63	326.108295235
6.211	24.7586233577	10042.97	109.121994852	9464.355	180.52785759	10489.75	150.833379098
6.212	25.5835416847	9966.797	128.799949599	9536.133	98.6709487208	10480.96	186.370229673
6.213	24.2666438884	10038.57	218.370890574	9530.273	158.771408813	10520.51	163.445265443
6.214	25.7463885414	9968.262	68.1095500313	9522.949	149.683662062	10451.66	219.902415477
6.215	27.4058786406	9969.727	193.814312731	9533.203	140.902703649	10519.04	155.137279892
6.216	27.0354813103	9960.938	220.633448938	9508.301	170.316474916	10497.07	165.798960162
6.217	27.2603188647	10041.5	147.206599773	9530.273	260.614397466	10508.79	227.981520469
6.218	28.1517924825	10009.28	152.838057513	9500.977	157.796955923	10489.75	177.716711792
6.219	28.7446267305	9958.008	258.643320796	9455.566	201.919498811	10497.07	134.700296817
6.22	29.1927296508	9990.234	89.6502162943	9464.355	272.532914254	10517.58	166.079114902
6.221	27.9571799858	10012.21	123.116202917	9533.203	200.12087068	10497.07	209.788304842
6.222	30.562570485	10026.86	305.771543272	9515.625	190.651446038	10527.83	223.145080886
6.223	29.0480202952	10037.11	167.788168424	9480.469	131.348840772	10517.58	153.781241511
6.224	26.4621909779	9993.164	135.874119714	9500.977	248.58397237	10497.07	121.816497618
6.225	28.0405474813	10001.95	204.308048325	9455.566	210.943201659	10549.8	132.660480638
6.226	32.139000611	9968.262	189.970708655	9464.355	211.215491521	10517.58	254.100664843
6.227	29.6286681939	10000.49	168.343559778	9521.484	138.210068828	10530.76	197.77660937
6.228	29.0273831803	9981.445	339.787799064	9459.961	207.128515725	10511.72	158.672138221
6.229	31.280116756	10009.28	210.418541045	9520.02	112.692053835	10491.21	224.099892683
6.23	28.5789923453	9993.164	181.659772079	9503.906	157.155072733	10527.83	190.188496494
6.231	30.1146058784	9952.148	199.451378701	9517.09	138.232448717	10535.16	153.168127899
6.232	34.2103885958	9982.91	177.700081079	9508.301	233.647968832	10489.75	175.674783567
6.233	32.0599685608	10029.79	232.846231753	9486.328	179.686896861	10463.38	256.890445687
6.234	30.3118856055	9971.191	159.062119441	9476.074	256.68071794	10469.24	185.017727129
6.235	32.8026855872	10001.95	172.909013423	9528.809	167.662608927	10486.82	235.31263735
6.236	33.0078280767	10015.14	199.889747628	9474.609	170.148106053	10479.49	177.717436545
6.237	32.7687407786	10001.95	212.004069698	9515.625	196.87947881	10505.86	206.967511955
6.238	34.5909486052	10018.07	188.414314153	9454.102	226.082522445	10524.9	152.444380613
6.239	31.2030858669	9987.305	285.616174489	9474.609	202.034326397	10479.49	198.575587373
6.24	34.4034058109	10022.46	235.769600048	9480.469	323.929952501	10541.02	247.703893193
6.241	35.7368878813	9958.008	311.613656605	9524.414	167.152150844	10541.02	177.496966315
6.242	33.2003326803	9955.078	192.717428741	9546.387	266.313335513	10457.52	305.586498279
6.243	31.2680467654	10016.6	259.490885075	9536.133	234.863023569	10453.12	281.758431037
6.244	32.9206469551	9981.445	315.426888454	9483.398	172.201717799	10501.46	251.610984063
6.245	34.6221403783	9993.164	214.99230737	9490.723	186.924750688	10526.37	150.604991097
6.246	32.3470003199	10015.14	321.739413826	9509.766	202.990341632	10472.17	219.973107056
6.247	35.1837612724	10015.14	223.868932492	9500.977	164.690127519	10526.37	222.650082908
6.248	34.655366343	9971.191	166.282555855	9492.188	179.721791937	10454.59	225.687638595
6.249	33.0359655396	9982.91	268.059624169	9530.273	222.093630192	10542.48	420.841307558
6.25	42.7186553207	9999.023	437.018550614	9518.555	337.625000195	10521.97	314.021154959
6.251	36.0365117641	9952.148	189.376180113	9474.609	176.560459782	10533.69	178.328915807
6.252	34.2628537978	9977.051	225.077802901	9480.469	277.165779131	10501.46	138.620055779
6.253	33.3166603122	9990.234	185.956691011	9541.992	191.353128835	10508.79	189.74594512
6.254	34.1130173962	9993.164	222.98394136	9465.82	226.324232484	10485.35	258.961817121
6.255	31.1295542182	9979.98	125.069307005	9511.23	219.837512389	10476.56	129.637285017
6.256	33.2887556431	9996.094	154.866788853	9544.922	124.85524605	10453.12	213.237801343
6.257	34.1621083697	10000.49	360.801439848	9474.609	244.782299976	10464.84	233.95836068
6.258	34.028494464	10000.49	138.801335971	9534.668	320.307044392	10489.75	207.815663842
6.259	33.2655618923	9997.559	336.913841299	9514.16	348.487404899	10494.14	152.940555112
6.26	34.3917989494	9974.121	260.986079664	9534.668	215.588730357	10497.07	247.183542921
6.261	37.7338049989	10003.42	306.593484898	9531.738	191.888632922	10524.9	192.746255192
6.262	35.66645843	9959.473	169.906872449	9479.004	249.068128053	10520.51	272.526226089
6.263	37.2191933922	10038.57	160.118926454	9534.668	174.268594746	10504.39	283.217622847
6.264	37.7905775971	10048.83	119.654086983	9536.133	307.812222151	10536.62	308.47342251
6.265	36.1726402475	10010.74	283.186986378	9521.484	370.498768484	10546.88	278.643798246
6.266	37.9127419335	10035.64	275.819091906	9462.891	291.120465783	10483.89	138.316573198
6.267	36.5996587753	10022.46	343.754576305	9457.031	281.602452864	10530.76	187.631947551
6.268	36.9752708575	9977.051	201.02978345	9518.555	232.820491791	10549.8	162.11638547
6.269	37.2842487027	9985.84	278.478446066	9481.934	219.819676586	10533.69	203.61629374
6.27	35.7590754399	10028.32	186.655490053	9458.496	262.60285145	10535.16	237.996258182
6.271	39.1725350371	9996.094	207.633219778	9499.512	214.080167551	10505.86	249.44513992
6.272	38.3658004671	9984.375	216.34053777	9528.809	211.934997381	10507.32	223.234746885
6.273	35.6996036302	9988.77	275.393610234	9543.457	201.296979982	10538.09	322.307184178
6.274	40.8478805892	10004.88	235.078919704	9534.668	210.821211554	10511.72	182.877726216
6.275	36.4727974822	9953.613	320.909615334	9537.598	279.962837967	10472.17	176.171431513
6.276	37.3123703367	9977.051	205.962480171	9459.961	213.415001853	10530.76	111.070097378
6.277	38.2361435481	10026.86	150.037597627	9461.426	283.07376133	10530.76	178.17728743
6.278	36.388436962	9960.938	349.961105285	9524.414	196.840738953	10539.55	184.128479747
6.279	39.2682751516	10023.93	325.936346553	9451.172	313.356232808	10526.37	276.439315089
6.28	35.1784783437	9978.516	304.63519625	9502.441	254.035244034	10520.51	215.141463567
6.281	38.6086794095	10009.28	475.182020157	9462.891	259.645744985	10514.65	356.10086186
6.282	38.9535281056	9977.051	288.703977844	9495.117	219.873015375	10488.28	181.926773312
6.283	40.2777015445	10048.83	209.43296917	9479.004	248.624284499	10476.56	184.475393757
6.284	37.424460026	9987.305	290.044627802	9499.512	241.410129561	10527.83	253.983218355
6.285	37.5607851946	10034.18	184.183332585	9481.934	226.00808304	10458.98	255.917902758
6.286	40.9531910038	10042.97	271.392274461	9549.316	141.369406018	10470.7	286.226023032
6.287	38.2466763309	9971.191	196.304047005	9514.16	281.238965016	10526.37	276.233976371
6.288	39.0953980771	10004.88	337.555979546	9476.074	342.133776489	10535.16	203.896242948
6.289	36.1016488778	10018.07	132.455009269	9515.625	247.639555836	10541.02	312.472722528
6.29	37.697671852	9955.078	177.070394725	9498.047	292.005415234	10486.82	243.219946298
6.291	40.0143888693	10010.74	302.647345069	9522.949	212.815892029	10504.39	203.588285844
6.292	39.8472870052	9985.84	277.649307036	9517.09	237.330199086	10483.89	248.295699322
6.293	40.2260637617	10038.57	398.779217536	9451.172	177.197240641	10485.35	373.351257793
6.294	35.16221197	9997.559	252.219939365	9490.723	260.138338602	10480.96	242.645351332
6.295	42.724298784	9990.234	243.856985467	9511.23	275.273994416	10541.02	245.886055315
6.296	39.6041064167	9956.543	249.020242947	9509.766	192.878329981	10514.65	420.159102763
6.297	39.5706772234	9960.938	390.101555915	9546.387	237.066086218	10485.35	225.282191717
6.298	40.20021923	10040.04	172.643209286	9464.355	291.840171061	10513.18	300.398727595
6.299	39.7922672761	10018.07	271.902522246	9544.922	232.87208965	10545.41	266.433999578
6.3	203.979433217	10018.07	6779.54230908	9484.863	1010.89861893	10463.38	1172.73793023
6.301	41.6804832745	9965.332	196.28225493	9547.852	253.596277142	10451.66	377.321135505
6.302	41.4999237786	9969.727	230.146617175	9462.891	325.291515716	10548.34	286.355381825
6.303	43.106732137	9991.699	196.015321603	9530.273	345.549820707	10463.38	190.277854515
6.304	45.0948732256	10041.5	399.040644692	9515.625	281.58590358	10451.66	286.104251484
6.305	44.7313770024	10007.81	347.332547865	9531.738	322.37000146	10473.63	277.849330477
6.306	43.4632262833	10025.39	532.554866567	9496.582	235.190931089	10510.25	317.864966639
6.307	43.8109685958	9991.699	245.297341521	9467.285	352.772871049	10485.35	196.4976977
6.308	44.3309593117	10006.35	284.376308914	9506.836	291.192323237	10501.46	242.263324802
6.309	50.3920725	10001.95	231.427096073	9520.02	273.108387824	10527.83	440.38214474
6.31	48.0879376617	10042.97	273.160533321	9457.031	202.402688808	10543.95	512.470502998
6.311	52.4105499918	10047.36	230.944202294	9474.609	265.593452976	10502.93	349.535234
6.312	47.6894532798	9993.164	305.018881437	9476.074	247.020487814	10508.79	231.364564449
6.313	52.5972994474	10012.21	361.350797299	9502.441	327.449626718	10450.2	393.874984802
6.314	49.3768649447	9996.094	305.967834739	9496.582	254.953256626	10458.98	527.342411545
6.315	54.7252957389	9978.516	196.63749125	9537.598	321.428202596	10543.95	356.564928548
6.316	53.2568929129	10006.35	261.780538043	9458.496	223.566459413	10472.17	447.487407686
6.317	58.4751756833	10037.11	410.815988351	9489.258	234.664787051	10532.23	162.832091183
6.318	58.0011731932	9950.684	328.888224014	9481.934	589.095788222	10546.88	436.365163139
6.319	62.2009427516	9994.629	620.562051678	9541.992	261.297094491	10507.32	304.952763283
6.32	63.4683815167	10037.11	372.442478764	9487.793	802.044049549	10454.59	502.599340264
6.321	65.6853096528	10003.42	511.582112949	9536.133	476.771152312	10494.14	396.604261472
6.322	70.2679312075	9990.234	546.177468454	9476.074	323.396091491	10480.96	562.734426172
6.323	70.8660687936	9979.98	461.728680326	9543.457	429.097020273	10501.46	531.460347593
6.324	71.2319690791	9997.559	480.725733904	9499.512	478.72131632	10535.16	535.659509559
6.325	73.4593784656	9981.445	558.616965334	9543.457	383.688375173	10513.18	403.174569931
6.326	74.3758977562	9971.191	319.788038858	9480.469	649.926830907	10460.45	552.301623709
6.327	77.2263769724	10015.14	522.256593086	9471.68	500.617686628	10514.65	628.89778482
6.328	83.2669306265	9975.586	340.747604338	9471.68	478.700496181	10482.42	575.06970973
6.329	85.2900357856	10038.57	533.628462948	9514.16	692.278038457	10498.54	543.178392934
6.33	83.7519010029	10010.74	492.811070893	9473.145	483.081400033	10536.62	499.532552223
6.331	83.3017332529	10004.88	671.840078856	9499.512	559.212630403	10513.18	476.105343038
6.332	89.3232606059	10026.86	657.104047897	9515.625	699.991717336	10498.54	556.053631164
6.333	91.8118320163	10029.79	803.170708757	9537.598	424.551822445	10524.9	690.038471987
6.334	94.5169264365	9981.445	336.586830935	9506.836	637.810541666	10519.04	395.190415795
6.335	86.5590660501	9999.023	530.211620705	9468.75	678.589571224	10491.21	409.234153823
6.336	95.9305634333	9979.98	761.857171171	9487.793	443.37555156	10454.59	992.179108027
6.337	95.907605057	9952.148	684.32024999	9458.496	584.326450982	10519.04	469.939517314
6.338	95.5533880326	10034.18	743.19433515	9525.879	510.735817521	10461.91	773.99134288
6.339	103.985010462	10006.35	694.95578531	9547.852	635.27891742	10530.76	761.989605737
6.34	101.255859052	10048.83	554.859137856	9536.133	916.354209576	10513.18	538.578384659
6.341	104.894444712	9999.023	654.363729404	9481.934	1079.29418471	10517.58	947.548204669
6.342	102.28041884	9963.867	720.725290728	9524.414	960.789606224	10501.46	463.172873361
6.343	114.294588366	9990.234	494.58139724	9481.934	765.429046376	10548.34	1295.37155818
6.344	113.876522812	10028.32	546.6813268	9518.555	876.346824568	10548.34	688.151622014
6.345	116.72104887	10015.14	638.302824493	9549.316	558.56277939	10479.49	786.917747898
6.346	118.027818581	10021.0	710.407905044	9468.75	1051.95413277	10473.63	742.643867217
6.347	122.310941229	9987.305	687.686932017	9525.879	658.755955277	10475.1	1552.57808959
6.348	127.722732115	10023.93	1019.60909783	9489.258	1115.9696857	10510.25	639.83482883
6.349	126.587488515	10045.9	957.470131544	9473.145	758.020391705	10463.38	897.171211836
6.35	131.639934902	10012.21	961.227448324	9481.934	899.111367075	10470.7	879.322951316
6.351	138.045119107	10010.74	884.032699064	9468.75	780.850043098	10476.56	1266.71877032
6.352	135.064197009	10028.32	717.882591128	9486.328	1208.7869297	10510.25	801.910095115
6.353	149.08851957	10003.42	1370.04307702	9540.527	727.134904484	10505.86	1413.86919647
6.354	139.323327723	9953.613	1261.98358382	9540.527	1271.245859	10501.46	619.06693534
6.355	152.898698529	9997.559	1818.74884264	9483.398	968.563876559	10476.56	749.55784487
6.356	140.49836967	10048.83	826.31634848	9471.68	1371.40288486	10469.24	643.276848879
6.357	147.795755278	9994.629	1260.54899013	9493.652	1467.30105131	10473.63	743.799776265
6.358	142.552536517	9978.516	909.94273878	9517.09	1641.88866922	10453.12	1052.43898788
6.359	142.942249244	9978.516	839.982520003	9537.598	770.987734777	10460.45	684.246017044
6.36	140.413570116	10031.25	1105.69529176	9505.371	1413.70569423	10514.65	1400.87350886
6.361	137.164348977	10026.86	650.62389997	9527.344	1011.09867524	10495.61	876.290573929
6.362	139.787946818	9972.656	1209.74876485	9505.371	641.015451808	10479.49	791.625232084
6.363	142.291229373	9979.98	956.924773237	9493.652	835.20089731	10470.7	774.758883615
6.364	145.895716754	9953.613	1005.99421449	9530.273	694.099999392	10517.58	1278.85448782
6.365	136.578881305	9981.445	1250.04884176	9524.414	844.301973787	10541.02	743.81603834
6.366	136.277455899	10022.46	1045.06360537	9495.117	1166.9333666	10463.38	1586.53294979
6.367	142.131183471	9962.402	659.508118988	9549.316	748.062570228	10476.56	1017.00616012
6.368	135.898127274	10048.83	665.143068074	9503.906	1374.23189862	10461.91	786.69096374
6.369	153.495373541	10025.39	748.561045755	9527.344	919.160289634	10473.63	720.079048013
6.37	157.861146161	9993.164	865.8874608	9499.512	1198.10863695	10502.93	931.102076149
6.371	157.312451354	10015.14	931.724525293	9473.145	1240.75261191	10520.51	2036.43576601
6.372	150.788847736	9969.727	1056.08136678	9483.398	674.848188474	10520.51	896.061459438
6.373	146.706026327	9955.078	784.385031587	9452.637	1330.17288474	10494.14	1027.42108673
6.374	146.178244503	10013.67	1179.46893786	9495.117	1165.10939549	10517.58	808.655762062
6.375	433.231797382	10035.64	90387.1100421	9517.09	2444.00983689	10494.14	2806.06529667
6.376	131.454340398	9966.797	730.470256737	9474.609	906.40642174	10473.63	897.48434674
6.377	129.599677736	9999.023	1559.30553535	9539.062	420.111428658	10516.11	922.22664328
6.378	125.305545548	9955.078	676.429706113	9503.906	620.054290562	10464.84	710.078082283
6.379	128.403677385	9993.164	808.583370641	9547.852	920.819077436	10539.55	1245.96227459
6.38	130.712764088	9994.629	1076.72685543	9506.836	735.746526982	10466.31	765.194494703
6.381	128.074415414	9996.094	1039.63240472	9531.738	995.415161051	10498.54	889.106409486
6.382	126.102364375	9953.613	989.471585261	9522.949	935.224025259	10473.63	628.158441622
6.383	121.014999353	9981.445	729.987051913	9503.906	1039.68495386	10454.59	563.452515109
6.384	121.036275718	10013.67	1006.07638024	9505.371	669.073290975	10526.37	581.397904622
6.385	122.099182227	9999.023	1491.39766949	9492.188	1268.59888862	10460.45	746.347334106
6.386	123.917717505	10006.35	998.866355157	9522.949	1015.20697825	10485.35	590.84594523
6.387	134.650829669	9968.262	792.736949387	9511.23	620.29421719	10485.35	579.879594498
6.388	127.782362494	10000.49	649.732631103	9490.723	624.764912642	10524.9	875.129476515
6.389	126.821811695	9991.699	1011.00560874	9514.16	1025.3209281	10454.59	1037.58835551
6.39	119.302547119	10045.9	566.790077002	9476.074	589.811132879	10498.54	575.282803339
6.391	130.180738683	9999.023	826.51785831	9481.934	878.41043936	10464.84	942.514228841
6.392	126.41371848	10018.07	584.339396707	9492.188	1496.99609406	10538.09	580.829325523
6.393	127.330031259	10041.5	846.62930092	9544.922	874.630993679	10548.34	709.95646758
6.394	127.937892885	9978.516	695.618865332	9499.512	497.76823757	10508.79	815.661823938
6.395	138.289845504	9974.121	1240.17301928	9505.371	652.728364229	10464.84	739.974255717
6.396	131.606709905	10031.25	627.249522803	9518.555	989.378062035	10495.61	593.979083145
6.397	137.217900992	10015.14	1275.75766239	9474.609	1039.20874937	10478.03	727.791009553
6.398	127.361557177	9959.473	632.918076308	9546.387	829.225756172	10511.72	566.235265357
6.399	134.557868572	9994.629	705.47722611	9473.145	1310.7206636	10538.09	808.841072276
6.4	128.073248453	9953.613	711.929369569	9502.441	986.228422343	10466.31	647.800224044
6.401	126.975426448	9958.008	886.561275941	9521.484	717.381177734	10511.72	836.98512206
6.402	140.275930107	10022.46	755.530915873	9493.652	1427.10879499	10473.63	1230.24047699
6.403	142.484597606	10042.97	840.290783158	9522.949	897.455226106	10502.93	725.381815178
6.404	140.878356867	9969.727	894.55510964	9483.398	1037.80303299	10539.55	600.125768643
6.405	145.238816024	10028.32	893.978979932	9534.668	955.586529611	10495.61	1538.83467554
6.406	130.155932197	10045.9	1293.14926785	9462.891	636.275517452	10505.86	1333.75801891
6.407	143.845482168	10044.43	1167.83117865	9495.117	1046.18158798	10533.69	896.299385971
6.408	140.708013259	10022.46	822.199180617	9479.004	811.772201241	10548.34	745.646487865
6.409	151.198320848	10021.0	686.217023481	9505.371	1022.47014654	10453.12	891.533947237
6.41	136.082960997	10048.83	608.065725994	9544.922	1071.05984342	10497.07	857.347224589
6.411	147.147108844	10006.35	419.944342253	9480.469	821.049126625	10488.28	670.454641187
6.412	145.295440577	9972.656	1543.73179508	9495.117	1323.08594312	10485.35	1091.38320626
6.413	130.723785761	9984.375	733.535407029	9521.484	705.570393161	10451.66	1027.61696567
6.414	135.922355378	9994.629	838.676934164	9525.879	909.789216529	10521.97	1223.84142532
6.415	142.358253297	9978.516	1035.87355114	9474.609	992.829087919	10472.17	754.901128157
6.416	146.570427856	9958.008	1168.01811672	9522.949	825.147604662	10549.8	470.194350082
6.417	154.543227782	10018.07	766.437097354	9515.625	884.248803729	10530.76	837.191589996
6.418	146.267090536	9962.402	922.287652751	9452.637	822.595394376	10497.07	1001.0295988
6.419	153.631845747	9956.543	1222.077997	9462.891	1008.88963012	10485.35	712.279071637
6.42	141.311956163	9977.051	1357.51101358	9464.355	1033.83194188	10469.24	968.124584442
6.421	147.850018636	10013.67	959.446138528	9499.512	744.504327542	10467.77	853.099827478
6.422	141.981214107	10038.57	1215.84965819	9533.203	658.880002403	10450.2	1025.60439415
6.423	155.4389558	10000.49	1470.1714798	9455.566	563.062029056	10533.69	1052.47436144
6.424	150.331166038	10037.11	791.182435951	9534.668	1080.93345165	10458.98	901.100393766
6.425	154.449779779	10003.42	1345.23602475	9509.766	962.708768466	10517.58	625.402618944
6.426	145.675592251	10031.25	559.239641883	9533.203	830.214072345	10532.23	861.861170443
6.427	165.231954982	10028.32	1089.24066585	9543.457	1106.99599102	10485.35	790.633987991
6.428	141.024937477	10007.81	971.299154384	9454.102	1361.14494696	10508.79	1310.27133107
6.429	156.841579924	10034.18	1447.22994641	9524.414	1271.38483314	10470.7	632.135139274
6.43	159.917658596	10013.67	1151.63386556	9503.906	1058.96720545	10548.34	988.900153024
6.431	156.275657592	10015.14	912.028538301	9512.695	1031.87224228	10472.17	1279.10421514
6.432	159.572676129	10000.49	2245.93645374	9495.117	723.034345147	10479.49	1033.34510588
6.433	151.057042756	10045.9	1329.44656113	9484.863	791.5616783	10541.02	729.770499221
6.434	154.249533237	10041.5	1163.04311903	9546.387	980.670740226	10498.54	966.193813576
6.435	159.753638121	9953.613	1041.24867208	9527.344	700.775446479	10521.97	1024.3839191
6.436	163.781043259	10047.36	1008.92403885	9461.426	861.160992289	10502.93	1028.65707003
6.437	164.345843269	10040.04	1564.73805131	9531.738	1259.16077381	10454.59	844.355473948
6.438	174.722876281	10042.97	621.75308593	9476.074	1296.63365365	10464.84	1083.7234537
6.439	172.590881089	9987.305	759.556304581	9452.637	1208.58581122	10514.65	1057.70703776
6.44	193.421400116	10003.42	753.540980213	9468.75	925.662477496	10450.2	1118.82962953
6.441	192.757253712	9959.473	1465.09671934	9483.398	1251.96210437	10536.62	1897.40043348
6.442	203.550512072	10003.42	1059.22393604	9520.02	1334.00474774	10478.03	534.224263403
6.443	196.489153968	10013.67	1943.27646633	9525.879	1472.09919589	10472.17	1175.50159735
6.444	197.476898188	10044.43	1240.70401672	9520.02	795.118203753	10532.23	1188.29748728
6.445	211.800215686	9982.91	1558.90793644	9520.02	1520.15626151	10501.46	1480.36689315
6.446	195.214356389	10018.07	847.854433658	9476.074	1464.12095807	10476.56	1265.70635392
6.447	216.127326747	9997.559	1752.3940172	9536.133	1636.49224835	10519.04	1026.73613693
6.448	210.824291446	9956.543	1535.8135819	9490.723	1231.58524567	10527.83	1218.57398563
6.449	231.210864518	10037.11	1601.43833341	9476.074	2173.59839874	10478.03	2009.06614777
6.45	232.034755162	10021.0	1759.55612703	9467.285	2233.21586542	10521.97	2017.61783856
6.451	230.015724273	9987.305	1098.910304	9465.82	1299.04377772	10523.44	1307.38414084
6.452	236.574915694	9962.402	940.619726425	9514.16	1289.32882814	10472.17	1502.6711818
6.453	244.016976594	9997.559	1644.80554032	9464.355	1749.00179466	10532.23	1396.62116976
6.454	242.491812763	10035.64	1862.81990619	9521.484	1811.71869923	10470.7	1318.76830697
6.455	267.774899521	9968.262	1511.30392772	9540.527	1475.75318509	10494.14	1891.27027602
6.456	267.928527107	9969.727	1391.66331559	9509.766	1205.62786222	10545.41	1808.81107045
6.457	240.770439465	9985.84	1235.01991329	9493.652	1395.65205613	10454.59	2041.76967451
6.458	245.666502298	9971.191	1309.94159682	9481.934	885.637475647	10542.48	2112.81075548
6.459	265.076329773	9988.77	2167.07691549	9476.074	1068.41408508	10451.66	1860.49454024
6.46	245.990166375	9960.938	2420.42766599	9540.527	1920.98160448	10488.28	1889.90777277
6.461	250.244532698	9982.91	1239.01865528	9549.316	1240.13982185	10489.75	1895.96466825
6.462	271.244871962	10037.11	1324.49085218	9502.441	1483.68277395	10546.88	1527.73608719
6.463	254.863827454	10038.57	2544.45610725	9518.555	2335.20889917	10498.54	1481.15522859
6.464	255.924200444	9988.77	1305.29804515	9534.668	1715.82914825	10541.02	1668.15914889
6.465	259.162539982	10006.35	1290.91406205	9474.609	965.222213581	10505.86	2166.39903099
6.466	235.242379676	9952.148	1468.84044058	9533.203	970.01336089	10519.04	1555.13826613
6.467	253.832462444	9975.586	2201.602518	9531.738	2590.79263456	10526.37	1776.44622365
6.468	253.685234711	9982.91	2566.04100758	9509.766	2129.13549885	10535.16	1327.84175791
6.469	244.79677075	10045.9	1818.57527602	9522.949	964.128518219	10520.51	1758.28729108
6.47	243.722617428	10028.32	1763.57949387	9518.555	2265.85021343	10545.41	999.216348594
6.471	226.64221102	10037.11	1050.05134068	9534.668	1144.17285315	10482.42	1591.06513306
6.472	245.742357217	10045.9	1292.19260441	9531.738	1453.72977625	10485.35	1068.46453548
6.473	224.575511864	9997.559	1412.72083462	9546.387	1749.75227433	10495.61	1031.99234088
6.474	235.628936938	10031.25	803.710696225	9503.906	955.955283598	10489.75	1257.86932693
6.475	219.574689252	9997.559	920.26734481	9547.852	1726.54991681	10523.44	1870.8149244
6.476	235.026521894	10044.43	1689.71153601	9461.426	1393.35623068	10508.79	1677.31463062
6.477	231.11581119	10016.6	2109.38457634	9508.301	1195.06860335	10543.95	1119.64248061
6.478	222.281318808	9962.402	1448.97957351	9522.949	961.039365939	10524.9	1099.6020355
6.479	211.315593869	10034.18	1270.43629278	9533.203	1443.59039007	10526.37	1079.95081585
6.48	223.714341132	10032.71	1310.25054754	9461.426	1573.65622683	10538.09	1228.0044031
6.481	202.408045453	10006.35	1012.03383267	9496.582	1024.8674275	10463.38	1626.4791984
6.482	198.954955165	9956.543	1370.92870922	9458.496	1426.76207122	10505.86	1736.65385545
6.483	194.551567051	9993.164	1151.28564024	9517.09	1960.39725073	10529.3	1789.14079286
6.484	201.677512887	10042.97	906.754594148	9454.102	1336.86341959	10458.98	1193.69764463
6.485	194.268390206	10009.28	1534.06403442	9483.398	1235.22837803	10549.8	920.033337391
6.486	195.712905474	9994.629	1474.76186354	9470.215	1163.49722991	10504.39	690.802142441
6.487	200.469925548	10023.93	738.672122942	9521.484	1090.03406231	10526.37	1272.18307301
6.488	192.668568806	9991.699	1003.86038506	9540.527	1132.31554234	10549.8	1111.82649438
6.489	185.400914154	9987.305	1088.51186554	9457.031	1135.89555415	10533.69	1225.45231069
6.49	189.274159947	10004.88	1194.66515625	9524.414	1549.16280496	10527.83	895.505123243
6.491	200.049568288	10021.0	1047.97894651	9455.566	955.274317644	10510.25	1633.4983159
6.492	190.417571914	10003.42	1063.69230883	9477.539	1502.23856471	10497.07	823.745092437
6.493	188.667674149	10032.71	860.452889388	9481.934	1069.80884434	10510.25	1373.53921239
6.494	180.503230351	9966.797	1129.55860803	9544.922	1701.25896062	10482.42	1295.83985674
6.495	196.258359937	10021.0	1213.50369453	9517.09	1565.27625951	10454.59	721.778092097
6.496	174.127468962	9959.473	1471.38682139	9544.922	1555.46712669	10482.42	1093.75911845
6.497	165.181426624	10012.21	635.777786223	9493.652	1830.76665856	10472.17	771.917821005
6.498	177.962619768	10018.07	1615.54651312	9520.02	1193.50274451	10458.98	1017.35362432
6.499	164.432287265	10037.11	1419.81990976	9517.09	984.712755871	10520.51	1046.1580257
