# No comment
5.5	1736.96090726	10034.18	12217.5319617	9544.922	15495.17588	10450.2	17579.5444477
5.501	1333.09916165	9994.629	8353.98388744	9525.879	10706.8737093	10510.25	17161.3135993
5.502	1474.23034341	9974.121	11025.0805034	9468.75	10053.5077398	10543.95	12906.4070838
5.503	1424.84801671	9996.094	10392.7858612	9525.879	11228.6909802	10458.98	8953.11339138
5.504	1413.75044652	9991.699	7789.50244557	9495.117	9630.77096356	10541.02	10215.2456392
5.505	1418.92176735	9999.023	17037.4840886	9486.328	9368.94748343	10513.18	5779.22032966
5.506	1329.76725128	10001.95	8206.95825253	9464.355	7754.10250306	10478.03	10470.8028112
5.507	1369.77798237	9994.629	14174.511117	9473.145	7120.4248059	10494.14	8620.95991088
5.508	1383.20918278	10040.04	10550.9838766	9484.863	6293.32030797	10548.34	8276.76814072
5.509	1436.01547747	9999.023	13142.5951993	9499.512	10343.9107298	10450.2	9209.66576433
5.51	1320.87169179	10022.46	5983.51668735	9487.793	10934.4246876	10463.38	7559.97362133
5.511	1368.46401543	9959.473	11901.8119068	9477.539	9301.28766149	10454.59	7037.10895204
5.512	1400.95012636	10010.74	10691.5256671	9502.441	11499.1686654	10491.21	7933.83959936
5.513	1371.63726155	9950.684	9945.24871632	9483.398	10706.6171964	10456.05	10250.799673
5.514	1280.1585491	9968.262	5583.99159035	9543.457	7776.754427	10461.91	4864.66984561
5.515	1277.85140056	10016.6	10360.3746122	9517.09	7203.25462758	10488.28	6681.17900425
5.516	1248.23347302	9977.051	9803.93158655	9471.68	9086.76654077	10497.07	9166.15184485
5.517	1261.62407565	10015.14	8544.24268699	9537.598	9214.29262154	10508.79	8178.75322963
5.518	1180.87343473	9955.078	17202.7241515	9459.961	5519.4618302	10526.37	10597.3300448
5.519	1235.57615833	9997.559	6111.46939512	9527.344	6774.77911357	10453.12	4514.64165249
5.52	1211.14984559	9956.543	6947.31707988	9477.539	6509.28088534	10521.97	7161.4678723
5.521	1074.09098011	9965.332	7017.9020208	9499.512	4635.80893106	10479.49	5350.95446956
5.522	1189.92448498	9978.516	12818.7174343	9473.145	9970.77546182	10464.84	11921.5858124
5.523	1278.98748813	10045.9	6188.00596934	9496.582	5286.54124472	10472.17	4455.57852336
5.524	1168.32096342	10042.97	7080.13412229	9522.949	7987.2861887	10510.25	7568.73243039
5.525	1128.86545986	9996.094	8590.96758627	9457.031	9115.33638418	10529.3	6993.30348215
5.526	1222.76470179	9994.629	7073.23252784	9528.809	9365.38920928	10521.97	8572.5618501
5.527	1130.87109863	10001.95	9599.14172096	9462.891	6304.60709143	10480.96	11829.1352001
5.528	1164.84984649	10016.6	5259.64062722	9508.301	6930.23280293	10514.65	5239.68015759
5.529	1148.02288392	9997.559	6968.43982612	9455.566	10007.1712955	10549.8	6077.43922923
5.53	1161.70865684	10000.49	4676.70150491	9454.102	6871.81499665	10454.59	7552.30398539
5.531	1129.11210154	10032.71	5684.17713486	9492.188	7934.52986253	10475.1	8902.66508439
5.532	1151.80575712	10003.42	7638.10855556	9467.285	6611.44967726	10513.18	7616.28207051
5.533	1145.09129279	10015.14	6907.49598272	9467.285	7265.34199577	10539.55	7423.8099228
5.534	1024.76970682	10047.36	9447.30437493	9527.344	10846.481654	10545.41	6534.8799617
5.535	1090.28001616	9997.559	8340.76597845	9486.328	5807.16124917	10479.49	7711.24902196
5.536	1214.20591947	10047.36	7566.78501841	9471.68	5000.47465316	10514.65	4156.82824157
5.537	1161.40476073	10034.18	7093.89607739	9451.172	6355.324808	10456.05	8165.8602769
5.538	1057.52626816	9978.516	9369.22056467	9484.863	6345.74380148	10476.56	9524.60747502
5.539	1060.95345441	10041.5	5769.38931798	9477.539	3758.48321623	10516.11	7696.65744153
5.54	1099.96863989	10004.88	8666.23280284	9521.484	6532.8573448	10501.46	7845.6404051
5.541	1099.48725805	10044.43	6356.21646061	9506.836	9163.23643287	10505.86	7304.47367468
5.542	1030.60791816	10032.71	5479.26570347	9495.117	6066.24630811	10461.91	9919.22395572
5.543	1106.26179431	9993.164	4680.11049157	9495.117	7943.43688919	10461.91	7143.59745197
5.544	1032.78350401	10026.86	11213.3490709	9458.496	7623.16579009	10463.38	9498.94857257
5.545	1121.71563171	9969.727	7234.96908187	9457.031	7437.84777338	10488.28	4661.9775412
5.546	1082.25894709	10048.83	3589.68514288	9477.539	8071.11541935	10514.65	5826.4474331
5.547	972.199789961	10032.71	6097.35773122	9498.047	4525.91157967	10541.02	7289.2199897
5.548	1025.6557095	9997.559	7194.06814843	9498.047	4943.56207739	10475.1	5128.25609016
5.549	924.434691925	9953.613	7893.65869587	9520.02	4731.92912465	10463.38	5749.11158061
5.55	931.693339318	9981.445	7606.13800278	9520.02	4684.24565707	10458.98	5416.45267621
5.551	929.527507527	9991.699	7713.57641676	9480.469	4712.05907604	10514.65	4264.31000011
5.552	940.284248433	9999.023	8329.43651765	9533.203	5895.95217396	10543.95	5759.57201185
5.553	933.722314536	10031.25	8217.74875066	9517.09	5003.60412354	10472.17	5374.6627817
5.554	945.122273633	9974.121	5698.76264488	9493.652	6744.8972349	10456.05	8720.96035175
5.555	900.511752164	9968.262	5410.67348353	9511.23	5188.21020396	10464.84	7671.96001718
5.556	880.393958086	10041.5	7459.29179732	9487.793	5252.82882015	10482.42	8768.92279024
5.557	906.90170641	9956.543	4603.37000148	9536.133	4401.63923096	10492.68	4897.04455908
5.558	948.481093702	9950.684	4115.30869658	9521.484	3776.47283576	10533.69	6024.31928619
5.559	891.739222183	9999.023	9021.84585112	9508.301	6405.32389482	10529.3	5229.70315066
5.56	937.850192049	9997.559	5301.37381732	9479.004	6760.13556815	10511.72	5177.16487215
5.561	828.043545009	10001.95	9172.56108351	9479.004	5657.72157508	10488.28	5820.27713739
5.562	824.641524373	9996.094	6687.00830424	9549.316	3284.81134546	10504.39	8124.12600038
5.563	856.852046342	10048.83	4326.21234415	9457.031	4878.37699927	10479.49	4116.1679586
5.564	836.632998543	10042.97	4901.14589624	9480.469	3854.81057016	10489.75	3273.24716292
5.565	869.230391549	9990.234	9711.16418875	9505.371	6998.89825774	10450.2	4287.70956443
5.566	802.719726571	9962.402	7609.43315816	9457.031	4818.6373279	10489.75	8277.25366488
5.567	869.995062182	9997.559	3632.3713968	9490.723	7130.93753788	10463.38	7460.85103532
5.568	818.444303531	10048.83	3036.40656795	9502.441	5232.93822006	10467.77	6495.15629848
5.569	842.009055813	10009.28	4884.10038724	9543.457	4722.7270245	10489.75	3367.37382504
5.57	790.797850366	9994.629	10069.2145097	9476.074	6111.61649075	10532.23	6351.04916134
5.571	765.93301053	9977.051	5112.9388716	9537.598	5680.77568632	10458.98	5414.13608187
5.572	820.549321207	10018.07	6111.16642503	9525.879	7027.98017695	10536.62	3063.55853703
5.573	781.990567083	9997.559	5815.9424265	9484.863	4124.45249889	10501.46	3733.84148873
5.574	781.78634515	9956.543	4771.16784919	9520.02	7845.26369905	10457.52	3841.41009633
5.575	767.107240375	10042.97	5980.00708037	9493.652	7806.08956857	10508.79	6354.66894979
5.576	776.026680808	10000.49	5979.98411352	9474.609	6753.73304736	10508.79	7486.40775321
5.577	774.441855183	10023.93	5394.2109687	9477.539	4137.42187966	10475.1	2897.30853824
5.578	784.333250184	9990.234	3898.59254748	9521.484	6594.33369936	10463.38	8169.17776086
5.579	766.563253905	10015.14	5372.71658064	9498.047	4708.83826522	10517.58	6310.70428894
5.58	809.789734278	10025.39	5324.04818978	9508.301	4823.47635889	10476.56	3995.32324732
5.581	735.166707974	9974.121	3492.90271222	9455.566	6569.26637406	10486.82	6201.31836373
5.582	766.050447059	9994.629	5529.34941164	9514.16	6369.04280828	10523.44	2623.36040756
5.583	812.533640259	9960.938	4892.5048423	9489.258	3944.21083765	10451.66	5368.65977424
5.584	780.228007176	9999.023	3700.28754047	9502.441	3544.03305167	10511.72	4868.61291359
5.585	753.989536617	10044.43	4599.76152897	9489.258	4673.16352971	10535.16	6290.87364784
5.586	727.508460917	10037.11	6975.6027241	9527.344	4970.54336887	10500.0	4749.23171542
5.587	763.417916923	9966.797	3682.24670059	9528.809	4170.28795498	10469.24	5872.88029929
5.588	780.822960815	9960.938	6689.94365222	9455.566	6803.5650299	10526.37	5143.91200279
5.589	796.651702467	10015.14	4023.05961951	9462.891	2677.91581455	10533.69	3999.08321292
5.59	814.593079075	10037.11	4521.90966875	9457.031	5520.33019067	10504.39	6162.76219156
5.591	817.952157974	9979.98	6244.36020955	9462.891	3786.24691885	10502.93	7307.91863067
5.592	768.760614544	9991.699	4036.73469466	9546.387	4919.79729467	10473.63	3549.45766785
5.593	839.406796491	9996.094	6724.72294652	9465.82	5821.034283	10466.31	5146.90657717
5.594	824.630280319	10019.53	3874.25528066	9503.906	4484.15160536	10450.2	3988.82751279
5.595	766.564130119	10048.83	4482.29038953	9525.879	4937.38360743	10541.02	4904.56885557
5.596	811.183678623	9990.234	4103.32059845	9483.398	4023.63636279	10486.82	5286.43887967
5.597	807.858823802	10015.14	3285.72442064	9546.387	5362.52766289	10483.89	6356.1730488
5.598	877.589597166	10015.14	7460.63223499	9451.172	4693.55377558	10523.44	3939.08036699
5.599	816.47054536	9988.77	5404.2160578	9481.934	5551.45059847	10476.56	5033.54474991
5.6	839.742233349	9968.262	5352.56997387	9471.68	4473.84949719	10478.03	7431.32964317
5.601	775.416130885	9994.629	10048.6965105	9534.668	3949.11903645	10511.72	5373.28819825
5.602	883.626072368	9975.586	6388.62872924	9506.836	5323.5607213	10507.32	4928.71026975
5.603	863.272241689	9981.445	3697.97923228	9454.102	5391.26650378	10478.03	6123.78748997
5.604	813.638862625	10022.46	5716.62800358	9543.457	5151.73486067	10497.07	4412.26044712
5.605	759.113781402	9968.262	7890.25231632	9528.809	7040.87218198	10495.61	6754.8114838
5.606	796.648798965	10013.67	4412.04807647	9499.512	6225.54633078	10524.9	3104.44926195
5.607	834.589630852	9990.234	4331.30641486	9514.16	6262.53539005	10464.84	5914.33221285
5.608	809.613285033	9984.375	5216.31560035	9514.16	5316.27987824	10453.12	6844.02800964
5.609	902.478021705	9999.023	8106.73591762	9490.723	3258.33841695	10514.65	4755.77791677
5.61	843.567402577	9994.629	6086.69320222	9498.047	4734.3260854	10479.49	4517.65864185
5.611	848.106973468	10029.79	8017.01325627	9514.16	5448.19238408	10536.62	5103.40427355
5.612	804.812561785	10026.86	4866.14981646	9489.258	5849.05547051	10542.48	5146.7583486
5.613	908.636787167	10034.18	7660.61593818	9541.992	6346.60799164	10501.46	4989.96845868
5.614	888.127291612	9979.98	8351.90794371	9477.539	7471.85948304	10469.24	7569.23863557
5.615	885.84765894	10021.0	6243.60687559	9477.539	8430.22307457	10457.52	8100.18304548
5.616	859.030713817	9991.699	5369.12976771	9474.609	3314.8227654	10526.37	6470.53867249
5.617	875.080226621	9997.559	4548.6608822	9461.426	6184.06816125	10491.21	4108.39748853
5.618	858.336221918	10012.21	6859.1513136	9451.172	8435.36915017	10530.76	5788.96792352
5.619	949.307289024	10013.67	3834.8207538	9534.668	3945.14142644	10489.75	5732.95011012
5.62	899.785688588	10038.57	3933.63267786	9515.625	5418.02950384	10498.54	6417.26756381
5.621	917.6449079	10013.67	7485.29901413	9525.879	7005.17925254	10510.25	3874.03578083
5.622	898.765523367	9965.332	7410.02336434	9479.004	6649.47733279	10479.49	5606.62205678
5.623	972.985782766	9994.629	5267.98857692	9493.652	4015.69649668	10549.8	3754.42427727
5.624	875.719364313	10013.67	5972.22545296	9518.555	8270.23233577	10536.62	3161.05333175
5.625	1032.93493359	9988.77	6181.74003651	9525.879	11220.5176825	10526.37	5456.85205073
5.626	910.152208814	10016.6	8166.71027283	9461.426	4326.76828211	10524.9	5308.5401217
5.627	856.081141742	9990.234	4547.32402227	9451.172	4503.83224419	10513.18	6478.08682923
5.628	951.625159552	10026.86	4591.03722909	9505.371	4453.32878906	10545.41	7177.69045878
5.629	944.017818826	10018.07	5934.5079402	9512.695	7454.50887108	10483.89	5992.176812
5.63	981.386669618	10035.64	7411.48590644	9479.004	9466.64438624	10545.41	7645.20900697
5.631	1008.44224442	9990.234	7650.30151032	9547.852	5387.90634331	10519.04	4423.31639668
5.632	928.647857611	9978.516	3869.5409865	9479.004	5651.89325406	10501.46	5451.3408229
5.633	982.666861745	10000.49	5781.37795383	9479.004	5675.895178	10505.86	3950.64746971
5.634	1003.9574552	10045.9	6086.13703001	9457.031	8253.80751688	10517.58	5504.97765823
5.635	1004.93071101	10018.07	4936.29482352	9461.426	5850.38449426	10532.23	6494.90251264
5.636	975.71967893	10029.79	4549.31673171	9457.031	5932.91608504	10549.8	4247.40285588
5.637	1031.74358504	9969.727	7957.98272499	9457.031	7686.47560615	10536.62	9972.41494693
5.638	989.451614202	9963.867	8684.83135627	9468.75	5877.01219076	10467.77	5703.99178728
5.639	1063.23849117	10000.49	5510.02831463	9518.555	5182.78950522	10491.21	5535.93058085
5.64	1017.92040776	9962.402	12937.5653648	9527.344	6767.08000726	10546.88	7241.32792141
5.641	1090.2177096	9996.094	6475.17319926	9496.582	9119.48400247	10470.7	5072.13598323
5.642	1136.64714604	9997.559	10667.7771413	9459.961	9154.80554977	10516.11	5679.66957529
5.643	1185.65544732	10016.6	11176.31375	9493.652	6549.39941064	10523.44	5321.66983741
5.644	1092.60979254	10025.39	7123.6040644	9492.188	6289.96495926	10526.37	7035.32238256
5.645	1156.31521585	10041.5	10466.9503747	9546.387	3943.0647469	10520.51	11897.8113809
5.646	1210.01124292	9959.473	6260.25573655	9547.852	6212.9168874	10472.17	6452.53763047
5.647	1199.90733984	9999.023	5836.47316486	9539.062	5702.3458638	10526.37	7114.33976581
5.648	1260.67080721	10019.53	7911.32581878	9495.117	10062.5472986	10541.02	8513.25269154
5.649	1186.69510281	10012.21	5302.62577465	9457.031	9243.98826432	10470.7	3949.00836405
5.65	1263.76396849	10016.6	7537.30501388	9524.414	8321.18733912	10532.23	5619.86582095
5.651	1213.16492517	10031.25	7772.78678299	9483.398	5783.2082663	10466.31	10373.6463899
5.652	1173.04240643	9993.164	6578.891238	9483.398	8717.346561	10514.65	8329.35131721
5.653	1185.23641825	10035.64	10754.0510029	9470.215	5534.18327043	10466.31	6246.98365809
5.654	1384.31869455	10023.93	9484.7373381	9524.414	4957.8208215	10475.1	8457.28750718
5.655	1315.29055325	9972.656	11426.7209909	9458.496	11298.4039204	10520.51	5579.56630078
5.656	1292.14964136	9991.699	8550.0624098	9492.188	10213.6873479	10491.21	6127.69793195
5.657	1347.10170641	9994.629	5535.32287891	9518.555	8669.0307351	10500.0	17737.5419478
5.658	1388.71425835	10009.28	9786.83579773	9541.992	8342.46613205	10532.23	6844.23776503
5.659	1385.2560157	9959.473	12300.388416	9546.387	8052.49596907	10546.88	6839.40360967
5.66	1441.21393238	10006.35	5944.25256151	9489.258	8286.00334014	10538.09	12936.0027411
5.661	1517.87828605	10035.64	7822.15944366	9541.992	10885.2630366	10519.04	13210.4049996
5.662	1492.66826642	10000.49	8696.77563241	9479.004	7529.06271389	10480.96	8799.87289351
5.663	1611.7856684	9959.473	8060.4276641	9505.371	12648.5316773	10511.72	9330.14307649
5.664	1492.27921878	9994.629	8649.49656147	9459.961	9665.01791326	10501.46	9099.36845599
5.665	1535.49650192	10006.35	11236.6719171	9540.527	11319.0984816	10505.86	20828.35099
5.666	1527.89345544	10041.5	8359.92200001	9496.582	10709.4854084	10470.7	15676.5214748
5.667	1556.04015013	10009.28	11249.2770456	9537.598	8211.18990402	10527.83	10593.7710801
5.668	1625.7354152	10026.86	15149.8982926	9531.738	9901.25624057	10519.04	10590.6009164
5.669	1541.99148302	9990.234	8205.34707427	9539.062	10439.9612572	10546.88	7726.20099153
5.67	1701.16409822	10031.25	13074.3074473	9468.75	9059.37587233	10495.61	11619.1148437
5.671	1726.97497898	9956.543	8006.71592399	9498.047	7988.12077448	10516.11	11035.4821485
5.672	1715.35429455	10013.67	9728.75677564	9540.527	14623.4281537	10464.84	8533.43946226
5.673	1849.28830566	9966.797	9462.6171971	9454.102	15860.6011411	10532.23	11542.4244842
5.674	1808.95090623	10010.74	14776.5815477	9498.047	13013.3137043	10505.86	18602.8112003
5.675	1859.98157376	10040.04	13632.5725038	9454.102	12490.9397636	10469.24	12979.1410971
5.676	1788.41586471	9962.402	10805.5117491	9508.301	15344.4557305	10489.75	9870.33361727
5.677	1915.69112033	9952.148	12023.8942889	9522.949	13825.2666585	10451.66	11516.818705
5.678	1998.95244127	10029.79	11881.6846459	9484.863	10920.0525198	10454.59	14789.6698679
5.679	1982.12709579	10022.46	10487.8432579	9547.852	10184.0344139	10498.54	13848.9361869
5.68	1926.24302481	9999.023	16377.6596105	9458.496	10552.6018236	10467.77	9416.15965837
5.681	2180.79089927	9987.305	16912.0613793	9470.215	13143.6951364	10545.41	10766.2369649
5.682	2036.8419984	10031.25	9184.831656	9511.23	16527.342267	10480.96	8845.08527386
5.683	2078.18751173	10034.18	11708.8644934	9458.496	18617.9539518	10485.35	11355.5448266
5.684	2157.38618498	9974.121	20863.1607453	9452.637	19014.2396242	10454.59	17849.7581693
5.685	2209.00100775	9978.516	11702.0534732	9489.258	13914.2406623	10504.39	23042.6878942
5.686	1964.55518254	9991.699	24002.0602933	9518.555	23558.6445951	10482.42	11919.0403119
5.687	2289.42216568	9996.094	15019.9869376	9458.496	10423.6408932	10538.09	16573.7646768
5.688	2298.01006678	10045.9	15418.9558749	9479.004	11607.6984755	10492.68	9957.89106799
5.689	2078.83276645	9960.938	13955.0415471	9484.863	10601.774269	10486.82	10414.0181107
5.69	2126.56825735	9982.91	24471.976317	9462.891	13692.9475611	10488.28	13804.5432393
5.691	2115.68536852	10025.39	17605.1537688	9502.441	21702.6474664	10498.54	17054.7095347
5.692	2257.19807657	9968.262	9288.98952034	9452.637	13436.2204443	10526.37	17486.0733158
5.693	2245.56616482	10019.53	18066.4830455	9461.426	15768.7176955	10488.28	14590.2270896
5.694	2243.9905051	9962.402	13593.0750624	9520.02	21290.3692765	10513.18	11451.6985853
5.695	2102.25203013	9958.008	14810.9646657	9461.426	20918.4637559	10527.83	9220.53650752
5.696	2335.03570999	10003.42	12881.2030078	9517.09	19564.2042686	10532.23	22566.8803545
5.697	2233.10054875	9996.094	12999.3789277	9474.609	11960.7535278	10541.02	11241.2578768
5.698	2379.9505139	10012.21	10130.8027815	9499.512	19082.7669501	10513.18	12974.7008244
5.699	2189.60979868	10004.88	14868.7113721	9517.09	13261.5655371	10543.95	13387.29955
5.7	2301.94965781	10026.86	8524.35660217	9451.172	20266.4660521	10532.23	13816.1952586
5.701	2030.76158685	9968.262	13671.6427623	9515.625	17490.1802342	10545.41	24854.8705561
5.702	2124.67401962	9972.656	14907.6004859	9508.301	13226.2632302	10504.39	16807.9885647
5.703	2118.45647998	10031.25	14497.750647	9468.75	15551.9379402	10486.82	13443.1041042
5.704	2163.85553232	10004.88	10079.4592212	9534.668	10039.425197	10516.11	16580.0292881
5.705	2142.74218614	10047.36	13470.0820483	9503.906	15259.0668822	10463.38	16169.2991402
5.706	2068.49103699	9959.473	10355.3506342	9520.02	10456.0383825	10488.28	16450.796778
5.707	1919.18598271	10019.53	18422.9874358	9499.512	12114.2004264	10498.54	11359.1683022
5.708	1972.25323188	10001.95	12533.0687176	9477.539	12803.4002253	10470.7	11050.313994
5.709	1979.83143588	10031.25	11710.114593	9473.145	22676.8859194	10453.12	8252.20178607
5.71	1887.62671766	10000.49	14871.9413691	9493.652	17656.4294814	10517.58	10327.228642
5.711	1982.23461895	9990.234	15538.9756142	9543.457	12964.3520832	10500.0	9364.40127828
5.712	1811.57311936	9982.91	11971.0117359	9489.258	8273.55451137	10535.16	18005.9321244
5.713	1662.23335502	9968.262	10979.5278946	9518.555	10575.3182856	10450.2	13980.8938339
5.714	1758.2818043	9981.445	6441.14468428	9462.891	24223.3544376	10482.42	9662.98153469
5.715	1589.4371887	10047.36	9763.90981814	9480.469	11858.6715641	10497.07	9629.40458697
5.716	1752.37423873	10041.5	21408.9857888	9522.949	10554.6304963	10491.21	5726.14156493
5.717	1561.40547024	10003.42	13146.2003793	9454.102	7829.93054562	10511.72	16228.7192095
5.718	1627.93597491	10023.93	13138.8530958	9496.582	12626.9852309	10546.88	11141.9153979
5.719	1510.63769566	10032.71	5640.75152907	9503.906	11871.3627515	10524.9	10006.775608
5.72	1378.73727592	10018.07	8409.81672218	9541.992	8381.77550549	10480.96	10106.960804
5.721	1454.17301175	9966.797	13582.18754	9549.316	8632.52418913	10470.7	9477.42111709
5.722	1382.21649103	10040.04	8586.6252564	9509.766	8766.83125677	10456.05	8146.82065502
5.723	1375.29288487	9994.629	8503.18202727	9547.852	9220.72420902	10524.9	16870.7184014
5.724	1291.52047991	10013.67	7833.02179681	9477.539	13054.4787562	10505.86	6769.32989534
5.725	1277.62773386	9982.91	8475.91075137	9458.496	10009.9466117	10495.61	9055.07736896
5.726	1192.31510756	10029.79	7791.80486225	9465.82	9915.99946455	10479.49	9866.50400406
5.727	1299.7421383	10003.42	3754.52941334	9492.188	10933.3648745	10527.83	5832.12223725
5.728	1101.41752098	9987.305	9502.32725513	9489.258	4807.96572935	10536.62	9356.61534369
5.729	1094.57787751	10016.6	6992.80503886	9464.355	6916.40663926	10513.18	8387.37108695
5.73	1001.93305685	9981.445	4794.39833703	9452.637	8073.81386283	10498.54	7932.36602348
5.731	1052.57472188	9953.613	6693.00020913	9490.723	11850.1556773	10500.0	4336.96251655
5.732	1076.94965551	9994.629	11238.3505327	9461.426	6023.84088456	10495.61	6255.7093246
5.733	997.142471075	9975.586	8172.63236469	9459.961	5856.7813716	10478.03	6975.9796248
5.734	956.042163965	10040.04	5923.97926252	9487.793	5946.15063002	10524.9	5852.51422904
5.735	952.865884817	10028.32	3775.09797572	9480.469	4804.20616167	10454.59	8108.8716792
5.736	968.959314869	9997.559	6764.95907547	9496.582	3991.38708076	10524.9	7060.31218587
5.737	969.799704668	10019.53	8374.49746086	9499.512	6320.01793213	10476.56	6658.76765056
5.738	901.336489058	9953.613	7796.00646142	9517.09	6271.05426275	10486.82	8382.47679442
5.739	880.97814773	9962.402	5635.06862572	9479.004	7029.567015	10454.59	6458.80737237
5.74	920.539507731	9971.191	4336.98592399	9495.117	5127.35912761	10475.1	4874.10018326
5.741	845.425877266	10037.11	4823.69519692	9458.496	5528.72875381	10492.68	7282.40079749
5.742	843.734990367	10012.21	3000.5346856	9544.922	4608.75845256	10519.04	2758.77191075
5.743	846.217131272	10034.18	7475.27626936	9481.934	4261.6027248	10529.3	5269.31968097
5.744	777.104685601	10016.6	3014.22477762	9489.258	3939.93194227	10478.03	6483.33305039
5.745	791.004122477	9966.797	3296.2378	9468.75	5122.51723314	10488.28	3606.00070483
5.746	774.328980983	9990.234	3658.64889425	9477.539	4500.35109417	10460.45	5742.42815884
5.747	864.75898072	10042.97	4963.21968704	9486.328	5208.09294658	10517.58	4273.66119486
5.748	813.199956973	9997.559	5432.21309584	9541.992	4909.72771056	10457.52	6535.05117333
5.749	807.663886334	9996.094	6791.9669841	9486.328	4934.96146732	10495.61	2916.67290134
5.75	778.622048593	10019.53	3577.64190589	9503.906	5122.88751604	10472.17	3840.61720238
5.751	784.653205006	9963.867	5180.73646934	9473.145	9742.08448516	10505.86	5796.23149479
5.752	789.061791496	9974.121	5058.17697944	9499.512	3158.51965663	10475.1	3669.7494583
5.753	733.405093398	10023.93	4239.72405108	9527.344	6936.72710455	10511.72	5119.24307244
5.754	806.427198776	9981.445	7432.03784654	9487.793	6057.76737882	10463.38	5682.58374663
5.755	728.930734141	9979.98	3922.45516162	9462.891	4641.64354297	10521.97	3071.10693073
5.756	777.60850407	9952.148	5407.31170049	9502.441	6202.31468051	10538.09	5567.18138796
5.757	798.111604556	9994.629	6609.48634623	9492.188	6292.80525113	10466.31	5929.00666057
5.758	789.996248099	10000.49	5802.90681399	9473.145	4752.95950997	10470.7	6130.17479683
5.759	848.596406669	9975.586	4791.11305055	9473.145	5187.73535963	10494.14	5502.31640854
5.76	887.134686162	10022.46	4692.20707548	9452.637	6836.30884579	10511.72	4912.83607334
5.761	837.285533913	10009.28	5060.00881424	9540.527	4800.50934465	10483.89	6104.59022918
5.762	887.826912984	9993.164	4813.63770259	9452.637	3745.14297521	10458.98	5084.29647669
5.763	821.81258566	9952.148	6139.44457104	9486.328	5904.50924788	10456.05	4531.81816429
5.764	809.262344327	9963.867	5566.29115414	9536.133	9233.35454	10548.34	4105.24285934
5.765	785.707330626	9999.023	5616.83422087	9479.004	5123.91212224	10478.03	6232.19409463
5.766	974.310602387	9963.867	6438.29417515	9486.328	4655.58023198	10475.1	4520.35256683
5.767	838.982423918	10015.14	4771.11212294	9473.145	5749.4010979	10533.69	6027.5930943
5.768	939.315020114	9996.094	7696.06843168	9498.047	7145.75535584	10520.51	6332.15986771
5.769	877.869427205	10012.21	2686.73756412	9527.344	5854.84692508	10541.02	4874.06339879
5.77	905.565105554	9994.629	6510.60493107	9500.977	3851.16495596	10451.66	10747.6143475
5.771	946.476245253	9999.023	7488.98585959	9525.879	3806.98271145	10519.04	6925.35966308
5.772	916.446649972	9958.008	10310.7477669	9522.949	5577.98013259	10529.3	5909.8857107
5.773	949.357183564	9997.559	8664.94447755	9490.723	8729.80613389	10517.58	6294.30534427
5.774	886.208875129	9953.613	9264.39664022	9461.426	4583.44901073	10501.46	5258.58392117
5.775	952.495731749	10003.42	5131.67217865	9534.668	5565.01091288	10529.3	8420.06117149
5.776	882.580331409	9994.629	6918.33814892	9521.484	4031.15659809	10473.63	8044.69412386
5.777	955.571656233	10000.49	10734.382123	9490.723	4889.3821334	10450.2	5829.06230487
5.778	1030.18001713	9972.656	4849.25897893	9484.863	5644.09633229	10483.89	5157.12334991
5.779	959.553393552	9975.586	6282.46095662	9454.102	7106.31363746	10521.97	6079.49873798
5.78	925.663950431	9953.613	6739.63037485	9514.16	6184.85266517	10486.82	5141.74860299
5.781	976.530172742	10040.04	5570.36923189	9502.441	4859.55958411	10539.55	6296.56324704
5.782	1013.7561642	10041.5	9524.70187815	9521.484	6808.36790877	10538.09	6972.45375688
5.783	1025.79257088	10021.0	8479.62217927	9514.16	6420.22144971	10498.54	9702.13402646
5.784	997.457237155	10048.83	8711.43073459	9451.172	6885.10990735	10498.54	5946.91800012
5.785	1114.48327733	9997.559	5604.8474063	9490.723	5818.81299957	10538.09	4711.01501111
5.786	1086.73564885	9997.559	8380.23530027	9500.977	7892.96043218	10450.2	5469.58722619
5.787	1117.33322622	9996.094	11509.695531	9483.398	4749.98746274	10524.9	8296.14738765
5.788	1033.01125439	9984.375	6439.50841538	9473.145	4893.87006084	10530.76	6107.75586793
5.789	1083.64633785	9994.629	6977.65924234	9549.316	6746.35502397	10500.0	5583.03413711
5.79	1185.88185375	9979.98	11838.2804694	9483.398	8202.54682628	10479.49	8561.620338
5.791	1154.17485951	9999.023	10021.0848292	9541.992	8767.25290004	10543.95	8091.79223873
5.792	1096.09117616	9959.473	5203.29785428	9484.863	6066.61559466	10469.24	7623.09377532
5.793	1116.25614948	9985.84	6074.36621637	9546.387	5725.78514961	10536.62	6903.74678916
5.794	1149.81221637	10040.04	5970.80348124	9543.457	5394.721117	10469.24	6615.84703041
5.795	1105.21440017	9994.629	12496.8083888	9503.906	6513.15631032	10489.75	7690.11278209
5.796	1225.5479885	9985.84	6767.42407026	9487.793	6128.23663492	10546.88	4798.60936558
5.797	1169.97216926	9966.797	6886.6942121	9458.496	6251.76012339	10530.76	9176.03798122
5.798	1252.11904974	9997.559	14521.9214427	9524.414	5278.21509445	10519.04	7717.14313163
5.799	1184.90479684	9997.559	14679.0711643	9547.852	7115.57999004	10495.61	9007.15777667
5.8	1236.59447659	9996.094	13419.5367292	9487.793	5169.81871553	10536.62	12817.9592153
5.801	1276.28593143	9960.938	8921.52044572	9455.566	7678.34642175	10507.32	7229.59230766
5.802	1195.67907804	9999.023	18739.1697348	9502.441	12150.1664334	10526.37	6462.36150672
5.803	1277.40918922	9999.023	9723.41673962	9546.387	8292.97032614	10478.03	9817.89372043
5.804	1290.82334922	10013.67	6198.97654855	9474.609	8864.35653716	10545.41	6593.67064718
5.805	1360.59363687	9999.023	8760.55010052	9496.582	5325.72551445	10520.51	8563.4606124
5.806	1323.52835412	9988.77	9018.08672908	9520.02	6758.59507606	10491.21	8382.83027041
5.807	1310.37012625	9985.84	13000.2288341	9498.047	7789.6345772	10460.45	16698.9473766
5.808	1270.42452403	10000.49	9692.69423755	9479.004	8671.68776261	10521.97	13522.8643382
5.809	1255.55030162	9999.023	15537.2264128	9481.934	7850.95366491	10458.98	7799.01010571
5.81	1342.24562067	9990.234	7361.69209911	9489.258	14113.1808267	10500.0	10382.9033834
5.811	1488.21216045	9997.559	21785.9540867	9508.301	6542.70102437	10508.79	8313.70505296
5.812	1373.10230281	9996.094	15870.9863589	9525.879	10577.0274896	10549.8	5395.00157685
5.813	1509.72497104	9955.078	14769.4392173	9487.793	11009.3828766	10494.14	11465.4780383
5.814	1423.66948896	9994.629	13673.671592	9527.344	10733.0253622	10511.72	7737.46372874
5.815	1418.04876133	9999.023	14507.9878455	9537.598	8183.23632958	10548.34	8512.18949109
5.816	1417.37027339	9999.023	8445.13371316	9459.961	7330.23260775	10549.8	8019.35476328
5.817	1493.5656036	9997.559	14795.7018567	9457.031	5610.37233188	10450.2	6527.91586712
5.818	1519.98779622	9996.094	27822.1470675	9546.387	10220.0667615	10527.83	15347.478559
5.819	1420.251169	9996.094	12142.5882637	9498.047	9765.34449087	10497.07	10062.3521101
5.82	1452.07339586	9959.473	12309.2942192	9481.934	13207.5260258	10454.59	8371.41558695
5.821	1524.57722528	9999.023	20852.4175864	9531.738	8874.9797446	10542.48	6410.24168035
5.822	1386.79719126	9999.023	16036.7766443	9514.16	8067.72293822	10482.42	9115.67325716
5.823	1467.96688106	9997.559	12125.7925153	9495.117	9708.15581037	10492.68	8855.73455417
5.824	1446.08314042	9997.559	27852.7277778	9533.203	7367.84121027	10472.17	6450.58698935
5.825	1503.14334188	9996.094	17825.0809984	9498.047	11320.2005875	10514.65	5532.23435812
5.826	1539.76694388	10019.53	7069.18128942	9547.852	6800.23892154	10511.72	12263.2856913
5.827	1395.84413843	10000.49	17789.0022641	9546.387	9269.39362688	10521.97	13796.1423165
5.828	1497.70173048	9999.023	12327.1493369	9486.328	7978.91543222	10520.51	9186.75697341
5.829	1445.5616621	9997.559	9859.02236012	9484.863	12134.5157184	10464.84	9014.74083853
5.83	1405.52568135	9984.375	11517.4384298	9499.512	11438.4426536	10502.93	10791.1123544
5.831	1506.94991078	9996.094	27423.1209457	9539.062	6719.55739769	10475.1	6268.07703056
5.832	1554.54991864	9994.629	16703.4832503	9527.344	8640.04251773	10529.3	11494.6013898
5.833	1534.91351629	10000.49	13860.3890043	9458.496	13678.2525621	10451.66	14341.972242
5.834	1431.47061588	9999.023	20355.709199	9455.566	12324.2157075	10539.55	12542.2788421
5.835	1595.00444023	9955.078	13749.5154589	9531.738	10549.9695823	10548.34	9487.42401983
5.836	1474.52005935	9997.559	13429.7411	9451.172	7269.77202605	10538.09	12154.7267745
5.837	1426.81203287	9981.445	11123.6286316	9459.961	7283.35821922	10497.07	10307.362727
5.838	1381.23396358	9996.094	20946.7886709	9486.328	6003.43351412	10542.48	9820.77393029
5.839	1400.58229363	9994.629	28552.6796869	9495.117	11148.3353038	10548.34	8671.53536415
5.84	1499.60032831	10000.49	17880.4746143	9479.004	7578.90570996	10527.83	7750.84850448
5.841	1356.8397056	9999.023	17172.2297877	9462.891	14147.5609825	10535.16	6327.8877322
5.842	1439.07112	9997.559	11423.0814907	9495.117	9772.07177676	10485.35	7609.79742503
5.843	1374.36227633	9996.094	16809.5369016	9544.922	12083.8341767	10500.0	9755.25105422
5.844	1395.80764046	9996.094	10267.8691505	9527.344	4661.2394431	10451.66	5907.29174189
5.845	1383.83611629	9994.629	21648.6332476	9477.539	7779.55624118	10479.49	8568.50540824
5.846	1342.6136393	10041.5	10275.3473606	9457.031	6345.36642546	10545.41	8782.31552127
5.847	1266.50094688	9999.023	17494.9435489	9484.863	15847.0598108	10546.88	10841.9892472
5.848	1323.70445459	9953.613	12564.3074456	9539.062	8133.06206158	10475.1	9010.88952365
5.849	1322.30773721	9996.094	10661.3798045	9495.117	10374.5960316	10486.82	6368.62482085
5.85	1295.86760073	9996.094	20521.8803545	9528.809	6629.92329432	10472.17	7501.89924862
5.851	1235.354039	9994.629	24278.9825481	9500.977	7381.82750388	10545.41	7966.42925036
5.852	1311.07367781	10000.49	10659.735912	9521.484	9070.66035623	10539.55	8852.41535306
5.853	1199.10714403	9999.023	12723.8320037	9537.598	7933.87582872	10510.25	10038.822089
5.854	1201.19216966	9997.559	13218.0873718	9540.527	5564.71742603	10466.31	6328.86614578
5.855	1191.47883337	9999.023	21035.8993047	9509.766	3972.63638072	10479.49	9483.79465763
5.856	1203.10050724	9996.094	13909.6655541	9500.977	8073.97182114	10492.68	12539.1890921
5.857	1095.40048318	9994.629	12824.9526079	9537.598	14283.2942057	10538.09	4762.70693063
5.858	1203.34391054	10004.88	8504.19498077	9479.004	10229.9757625	10478.03	13375.0649558
5.859	1219.81513723	9999.023	25009.3247512	9496.582	8031.0123211	10458.98	8229.39650889
5.86	1217.91044386	9999.023	9146.68073302	9498.047	6253.78172856	10517.58	8106.56277106
5.861	1160.44061615	9997.559	15190.8577351	9537.598	10130.1717523	10526.37	5228.81561685
5.862	1126.73773768	9996.094	6689.64504689	9539.062	8451.6992786	10519.04	6175.88637742
5.863	1144.00959612	9996.094	16208.5283376	9467.285	7413.89839434	10527.83	10562.2302371
5.864	1114.84651989	9955.078	5885.99532475	9531.738	7218.09914823	10536.62	6872.75932029
5.865	1123.66403891	9999.023	19805.1178572	9479.004	6496.61607521	10461.91	4781.59299874
5.866	1094.07306233	9997.559	8165.97849708	9543.457	7692.01475962	10488.28	7364.69130925
5.867	1068.06162711	9997.559	14718.758451	9468.75	9777.09742211	10450.2	4516.0032979
5.868	1078.38969444	9996.094	18301.9191064	9455.566	8348.97490851	10542.48	6173.39256793
5.869	909.940878504	9996.094	7066.4598473	9468.75	9047.15015676	10549.8	5633.63781505
5.87	1005.21427836	9994.629	22588.1622635	9540.527	4277.64815881	10516.11	5147.46182912
5.871	921.574138714	10000.49	22820.540114	9471.68	8488.77407659	10486.82	4172.49911696
5.872	1013.94940855	9999.023	12591.6286273	9479.004	7982.53016826	10467.77	6485.89235322
5.873	972.060022388	9997.559	15537.4077234	9512.695	6581.0218458	10486.82	6981.21619969
5.874	951.193931447	9996.094	26062.646872	9547.852	3735.97007614	10511.72	5236.1060879
5.875	889.689193359	9996.094	14412.7457188	9462.891	4007.42527129	10521.97	6698.02275694
5.876	946.577932476	9994.629	15988.3090942	9544.922	3997.48253051	10486.82	4556.75824531
5.877	874.268759012	9999.023	10535.385546	9459.961	8883.99808817	10546.88	6872.1835655
5.878	854.437871498	9999.023	10551.5146889	9518.555	3276.66218743	10489.75	4034.09039469
5.879	880.839344927	9997.559	14053.2838491	9505.371	4139.32208871	10519.04	7466.28267683
5.88	834.457292973	9997.559	13068.0270526	9540.527	7257.1553113	10467.77	6910.32353048
5.881	739.844422529	9996.094	22078.6894789	9505.371	3741.57573116	10538.09	3495.85585662
5.882	857.250612356	9994.629	12786.9869391	9499.512	6262.75481597	10507.32	4915.32804559
5.883	770.793100196	10000.49	14068.6260615	9459.961	2726.01046748	10472.17	5480.80454679
5.884	766.981779953	9999.023	13713.2288084	9452.637	4593.44308923	10486.82	3038.99956603
5.885	755.169263109	9997.559	6611.29318876	9459.961	6382.85546138	10485.35	4770.66786175
5.886	761.638306716	9997.559	11790.3084108	9493.652	4259.48986824	10451.66	4776.14296452
5.887	740.44702244	9996.094	15243.9789359	9530.273	3563.90377033	10549.8	4507.75095258
5.888	777.77797626	9994.629	11168.6992293	9547.852	5263.03830221	10456.05	3597.34057901
5.889	705.081913565	9994.629	5961.20785433	9496.582	6093.26935334	10456.05	4456.19941557
5.89	712.988145682	9999.023	21225.8180153	9490.723	5776.91224916	10523.44	3242.00374956
5.891	732.03140588	9999.023	7246.91261603	9483.398	4051.64753384	10453.12	4587.21232076
5.892	735.938824733	9997.559	14550.7854526	9498.047	6082.71480429	10482.42	4634.02590482
5.893	650.698262162	9996.094	11199.375948	9541.992	3125.56474457	10473.63	4895.26406032
5.894	660.207873264	9996.094	16409.7015167	9530.273	7905.5217207	10502.93	5453.25909608
5.895	646.484220046	9994.629	27536.5479695	9549.316	2459.32664457	10527.83	6695.62707231
5.896	719.278191212	9999.023	13937.5132168	9530.273	4491.05256235	10502.93	4917.38141984
5.897	655.794181308	9999.023	13033.3104866	9499.512	4929.89919075	10475.1	3559.60840739
5.898	607.397231266	9997.559	26695.8223585	9509.766	3862.22022957	10530.76	3524.5848357
5.899	606.296030251	9996.094	20536.7642963	9536.133	7800.77500632	10501.46	5941.0663498
5.9	661.683966173	9996.094	13568.5485467	9549.316	3032.34826526	10546.88	2615.35539275
5.901	689.077674977	9994.629	10053.6761679	9514.16	5145.86930231	10458.98	3878.94733828
5.902	659.817958783	10000.49	15373.8490762	9498.047	5235.28525691	10521.97	4809.52542321
5.903	639.063802425	9999.023	13351.2150404	9464.355	3132.94510461	10498.54	5241.17880434
5.904	636.004295538	9997.559	13618.2094692	9508.301	4222.8841139	10475.1	5140.96042088
5.905	607.766687256	9997.559	9559.45257695	9496.582	5785.35923019	10524.9	4937.01624879
5.906	617.642374476	9996.094	19470.44801	9536.133	4464.99511354	10519.04	2925.13853322
5.907	576.199328866	9994.629	16190.1811805	9521.484	2613.03388501	10529.3	2781.56592147
5.908	567.444254418	10000.49	10594.3122816	9549.316	2204.51468403	10475.1	2305.74917981
5.909	570.632290643	9999.023	12606.4925595	9506.836	3836.51630345	10475.1	5869.72430398
5.91	589.487353776	9997.559	17892.5313339	9459.961	2665.54191087	10451.66	2775.49834292
5.911	549.093668051	9997.559	10774.2456698	9480.469	4980.55562418	10461.91	5265.98032998
5.912	512.31036613	9996.094	14409.7083848	9539.062	3480.63049663	10498.54	2668.36576495
5.913	575.362418155	9994.629	13759.4910529	9483.398	2936.10689705	10527.83	4143.84510423
5.914	541.372931041	9994.629	10111.9630833	9468.75	1859.60823094	10541.02	3307.08494192
5.915	581.094720147	9999.023	9524.85389416	9511.23	4343.28178031	10538.09	3394.69887223
5.916	586.871552675	9999.023	13634.4280523	9506.836	3871.36841234	10451.66	2930.20880787
5.917	577.469312047	9997.559	16216.9794942	9477.539	2848.68030056	10521.97	3896.06113654
5.918	612.754364804	9996.094	7579.78654449	9524.414	3213.71110067	10510.25	4410.35530664
5.919	524.375440609	9996.094	18376.2551454	9547.852	3385.16875882	10532.23	6630.42410033
5.92	546.499673385	9994.629	12522.0527824	9503.906	3827.44689726	10494.14	4700.1158618
5.921	528.835911113	10000.49	7157.78248037	9543.457	3222.25686028	10454.59	2187.11859641
5.922	519.257802039	9999.023	13637.4169293	9518.555	2715.02662123	10456.05	5319.09781388
5.923	520.699843863	9997.559	8938.32203309	9531.738	2903.32240641	10461.91	3871.76786144
5.924	529.988585755	9997.559	16261.5542374	9544.922	3294.84602669	10542.48	3840.58543248
5.925	541.01633412	9996.094	20616.7204303	9455.566	2781.55538901	10472.17	3053.71237731
5.926	509.433565307	9994.629	11142.0830164	9499.512	3171.90326002	10495.61	3565.10053636
5.927	547.681012767	10000.49	10129.4368821	9509.766	3962.29928984	10478.03	3847.16521494
5.928	485.957533245	9999.023	13616.5543474	9544.922	3299.56133314	10461.91	2192.2688856
5.929	518.702639301	9997.559	7475.69128491	9467.285	3558.64908885	10511.72	4379.32780423
5.93	518.27614411	9997.559	10903.6973451	9533.203	3006.1979006	10451.66	2602.48212608
5.931	526.501920801	9996.094	15325.1584966	9539.062	3876.38087642	10482.42	5672.94719675
5.932	518.804211713	9994.629	15812.2486287	9503.906	4301.92982985	10473.63	2899.75272
5.933	476.900105498	10000.49	12660.215151	9521.484	2800.73157047	10498.54	3761.48646443
5.934	489.596413803	9999.023	12899.8105593	9474.609	3707.39671893	10483.89	3744.39753442
5.935	500.325491385	9997.559	12894.9086861	9487.793	2317.08069454	10453.12	2590.96907071
5.936	546.276980311	9997.559	8374.76956881	9496.582	2417.36289613	10463.38	5838.60323247
5.937	488.038971876	9996.094	11933.8420478	9476.074	2128.64650054	10492.68	3259.53650259
5.938	494.298678379	9996.094	12513.9487971	9520.02	3762.94231815	10472.17	3142.47384106
5.939	503.110736437	9994.629	12781.70683	9457.031	3854.98628395	10492.68	2174.06633303
5.94	532.514747406	9999.023	19740.7167113	9498.047	2575.37193108	10513.18	2932.36455627
5.941	522.879623455	9999.023	11520.4127616	9544.922	1832.38412809	10538.09	3354.18852452
5.942	507.066260077	9997.559	10083.1729018	9505.371	3187.60127404	10507.32	2918.92584987
5.943	527.061076511	9996.094	7554.07391927	9531.738	3019.06585799	10505.86	4226.32065843
5.944	522.627830509	9996.094	7355.26173692	9524.414	4930.95779849	10460.45	2604.42588743
5.945	487.822549256	9994.629	7848.1406801	9520.02	4414.3690402	10545.41	4526.55588039
5.946	502.485421958	10000.49	9973.30467089	9512.695	1806.44630522	10538.09	4093.15612007
5.947	529.448660086	9999.023	9906.29833907	9518.555	3841.66835346	10478.03	3170.83907593
5.948	543.586759047	9997.559	6113.05108593	9544.922	3866.31372467	10517.58	3383.5022052
5.949	514.329162286	9996.094	5844.20768521	9457.031	2540.68677169	10536.62	5607.47935585
5.95	542.104609	9996.094	10665.7585312	9531.738	3659.60806422	10533.69	3843.40275781
5.951	527.471706315	9994.629	9001.86997027	9543.457	3290.5253211	10497.07	5613.4659706
5.952	568.645922346	10000.49	6512.59688187	9464.355	5069.7232192	10494.14	2856.09581626
5.953	572.013609821	9999.023	22678.9934964	9468.75	3054.8284541	10472.17	2568.66284194
5.954	530.114719616	9997.559	6217.70558771	9502.441	3141.81853084	10479.49	2949.20451521
5.955	572.562293351	9997.559	7986.64507849	9540.527	4143.04221437	10456.05	8339.9857193
5.956	553.605028122	9996.094	15153.1395621	9481.934	3177.66471563	10508.79	3956.79420045
5.957	576.505524708	9994.629	10700.3256442	9467.285	4236.13440888	10470.7	3976.04217142
5.958	608.260342047	10000.49	9483.00745126	9546.387	2647.13241334	10497.07	2349.31104845
5.959	568.537422385	9999.023	4195.66064329	9531.738	3045.1961092	10530.76	3946.30869441
5.96	585.430585156	9999.023	8937.25081079	9540.527	4557.02287452	10456.05	6566.10618793
5.961	590.592220422	9997.559	8856.2425837	9531.738	5250.88224574	10457.52	4995.60894751
5.962	605.326375745	9996.094	6126.43127061	9479.004	3142.39351884	10473.63	3564.60207485
5.963	587.417597721	9994.629	8180.1222705	9490.723	4259.03769591	10464.84	5549.10855783
5.964	582.577387436	9994.629	7362.79063664	9533.203	3697.55811143	10497.07	4790.8451377
5.965	556.662776624	9999.023	8916.25714133	9536.133	3468.00044373	10510.25	2800.38888629
5.966	587.399559893	9999.023	11982.5977751	9531.738	3343.60855516	10473.63	2451.32439291
5.967	585.676263525	9997.559	13325.3341339	9493.652	3010.88718729	10521.97	6949.99330087
5.968	572.068456237	9996.094	13133.2822765	9467.285	2360.0518187	10510.25	3880.98371977
5.969	559.398233004	9996.094	5912.37001611	9468.75	5613.44606962	10491.21	3479.56779536
5.97	553.18730904	9994.629	6685.0136057	9465.82	3532.36759577	10543.95	4499.31549572
5.971	566.443750065	9999.023	8382.45579939	9498.047	3311.76276505	10489.75	3777.06711117
5.972	547.209860468	9999.023	17251.2477485	9512.695	3826.84613649	10523.44	2832.17038665
5.973	515.089531256	9997.559	12000.5461294	9465.82	4300.86054904	10542.48	2726.72141781
5.974	534.978390577	9996.094	11606.4390525	9498.047	2522.97108179	10495.61	3244.2328147
5.975	531.416649374	9996.094	11085.2059913	9506.836	2866.19377175	10475.1	2936.50788907
5.976	490.297286975	9994.629	7882.44026454	9452.637	3197.88218336	10451.66	4295.44241779
5.977	495.376242057	10000.49	10908.7605508	9495.117	3716.1936987	10514.65	3743.96010433
5.978	475.618183006	9999.023	12449.5786159	9540.527	3164.34883958	10494.14	4681.53976842
5.979	495.279553007	9997.559	16775.3275394	9457.031	2377.00296635	10470.7	2595.80233613
5.98	474.990298542	9997.559	8539.54179849	9533.203	3477.99389854	10530.76	4674.43548292
5.981	498.698384673	9996.094	9567.89884074	9484.863	3277.3119335	10463.38	2994.4881846
5.982	440.686271432	9994.629	11780.7975697	9495.117	2083.65760635	10492.68	1863.07941789
5.983	456.206164522	10000.49	12530.9047425	9480.469	2391.70300787	10536.62	2869.66664793
5.984	449.443927988	9999.023	10108.4276674	9543.457	4623.1559798	10500.0	1882.66989417
5.985	454.726856877	9997.559	13644.7253656	9481.934	2974.63335738	10532.23	2884.74684341
5.986	483.989450767	9997.559	14637.8574351	9506.836	2499.94685575	10526.37	3360.09661856
5.987	464.973563121	9996.094	8564.14166278	9528.809	3737.38101543	10504.39	2690.7560317
5.988	438.582393468	9994.629	10308.5558324	9455.566	2861.77425337	10533.69	2145.5366983
5.989	459.458011512	9994.629	13373.8208709	9496.582	3308.93805923	10520.51	3429.81673175
5.99	471.526671151	9999.023	10456.6233768	9503.906	3320.18201703	10486.82	3363.9359853
5.991	493.575077832	9999.023	13242.830925	9462.891	3142.1139129	10514.65	2988.78058113
5.992	473.631858102	9997.559	11376.4970256	9500.977	2924.24679457	10505.86	2520.37415002
5.993	484.1162997	9996.094	15758.5649029	9524.414	3166.35017361	10521.97	4007.35594219
5.994	462.163744242	9996.094	17537.738453	9487.793	3038.82890889	10451.66	4516.68958738
5.995	485.94341208	9994.629	9990.8292193	9452.637	2653.43224077	10475.1	2783.27968201
5.996	485.417574736	10000.49	15024.8806009	9479.004	3280.70617854	10450.2	3162.18602901
5.997	547.281763949	9999.023	9658.45704469	9476.074	1820.04488844	10538.09	2746.92068088
5.998	616.785198354	9997.559	23807.8132128	9458.496	5182.85046665	10501.46	3023.32575174
5.999	673.588028229	9997.559	14018.6392964	9476.074	3383.05623935	10504.39	4894.28809221
6.0	8463.74008036	9981.445	49259.8470022	9508.301	30411.2819587	10466.31	32018.8698888
6.001	641.751131611	9994.629	12614.6633532	9518.555	3590.57367345	10539.55	2423.58927958
6.002	662.99664566	10000.49	19541.4763828	9509.766	6183.57324233	10514.65	3383.09157893
6.003	525.478682967	9999.023	11538.8899975	9470.215	2429.96351218	10469.24	3089.87607429
6.004	501.19230504	9997.559	13110.4546605	9502.441	4055.84983699	10475.1	2732.63009868
6.005	505.669812719	9997.559	10273.3055338	9515.625	4050.83838774	10472.17	2273.74680954
6.006	503.091819187	9996.094	15519.1006781	9477.539	5253.82347494	10535.16	2091.20714178
6.007	537.404314924	9994.629	9175.43700767	9518.555	2741.81197614	10513.18	2810.55959323
6.008	492.137563535	10000.49	9989.55201838	9496.582	2719.34124648	10502.93	2820.64923924
6.009	550.711070957	9999.023	13078.2469485	9479.004	2561.52562094	10470.7	2161.07044819
6.01	527.647329481	9999.023	8445.016391	9522.949	4900.71800648	10502.93	3790.14617401
6.011	483.710743254	9997.559	13766.892203	9462.891	5366.88869298	10453.12	3942.35757637
6.012	503.83933604	9996.094	10817.5555023	9467.285	4537.8424569	10538.09	1843.23034347
6.013	497.494490469	10007.81	2933.59796166	9518.555	3831.44148316	10535.16	3595.05047968
6.014	543.900526213	9994.629	6991.09363776	9541.992	3154.46722373	10463.38	3465.41148053
6.015	556.52768742	9999.023	8305.65642922	9487.793	4030.17857338	10507.32	2922.64670451
6.016	535.747570612	9999.023	11381.850427	9459.961	2278.94709081	10485.35	2361.59766153
6.017	526.036427892	9997.559	9150.36075621	9455.566	2453.45792231	10514.65	2862.22600042
6.018	540.543353388	9996.094	10545.443186	9528.809	3272.58155385	10483.89	4064.68842075
6.019	545.839057972	9996.094	11602.9603369	9487.793	3804.64318854	10480.96	3210.39294722
6.02	600.232633912	9994.629	11238.5456467	9539.062	4878.18731352	10519.04	3500.07318521
6.021	551.339618364	10000.49	8090.77412513	9512.695	4041.96854212	10476.56	2567.94997548
6.022	566.387898889	9999.023	8980.19038703	9452.637	3048.57241182	10482.42	2514.37942636
6.023	580.90886853	9997.559	9136.05678379	9531.738	3409.72791522	10473.63	4895.81519704
6.024	622.422996782	9997.559	8493.97948619	9549.316	3705.97610061	10480.96	3746.51861765
6.025	610.628047145	9996.094	13066.7339014	9522.949	4462.2255752	10488.28	4306.1519392
6.026	615.424263587	9994.629	10108.8797733	9527.344	3888.7023597	10492.68	5234.43984656
6.027	656.572675895	9999.023	7857.86623904	9464.355	2761.45865505	10505.86	4237.32179617
6.028	636.785926093	9999.023	15483.1931751	9528.809	3758.02489898	10535.16	3548.34262048
6.029	637.400770675	9972.656	5432.00116643	9465.82	2829.73008427	10507.32	6548.21057837
6.03	652.573367773	9997.559	7863.35041414	9533.203	4812.19283495	10523.44	4988.2247272
6.031	616.005691786	9996.094	5448.88707326	9470.215	2775.36759519	10500.0	5699.82901417
6.032	664.323878721	9994.629	8632.60709491	9512.695	7945.49742941	10486.82	3202.97158804
6.033	633.474186978	10000.49	10322.555274	9493.652	4284.84011825	10485.35	5909.06474983
6.034	632.463368321	9999.023	7872.86078479	9473.145	2701.30956425	10523.44	4635.37149334
6.035	645.267079724	9997.559	11370.9843215	9539.062	3556.99232244	10541.02	5738.70984889
6.036	611.633022445	9997.559	6921.1219936	9520.02	3414.83498102	10456.05	4378.0161847
6.037	667.303978133	9996.094	11475.8104937	9480.469	3947.69438482	10475.1	5124.55277991
6.038	622.987172952	10006.35	5330.11821032	9527.344	2510.55967243	10517.58	5022.48785885
6.039	625.964495687	9994.629	9023.19219197	9496.582	4164.98528792	10456.05	3277.204323
6.04	576.639585214	9999.023	6870.37611969	9544.922	2639.62248791	10451.66	4134.58602698
6.041	617.048994958	9997.559	6227.73493453	9540.527	5349.72605742	10473.63	3851.739917
6.042	620.377788563	10034.18	4002.97653992	9512.695	4866.80748253	10542.48	1971.96400928
6.043	612.96455045	9996.094	9806.33496464	9512.695	3809.28981772	10464.84	4206.56571072
6.044	568.715399741	10028.32	3249.93334122	9534.668	5317.45170917	10451.66	3827.77578472
6.045	563.039123291	9994.629	8994.46686397	9495.117	3884.29712809	10538.09	5227.45585622
6.046	572.99376615	9988.77	2830.36055761	9541.992	4400.87370256	10463.38	4464.57635997
6.047	567.413940645	9999.023	4462.21364314	9503.906	3520.07790239	10456.05	4005.23444884
6.048	566.062736069	9997.559	6587.17391376	9496.582	3743.11961103	10536.62	3987.55651979
6.049	553.34717092	9996.094	8181.21171856	9480.469	2856.44977514	10492.68	2891.25783471
6.05	587.148816989	9996.094	11825.2313041	9500.977	2799.26770694	10450.2	3814.59753845
6.051	582.506247155	9994.629	5209.35825236	9457.031	2863.13149571	10458.98	3705.89093455
6.052	521.50118207	10000.49	5365.06099139	9490.723	2755.17691637	10450.2	3933.62783594
6.053	532.053479205	9999.023	6207.33814929	9487.793	3133.85345717	10535.16	4040.64934086
6.054	567.262714015	9997.559	6943.12231681	9474.609	2094.74145086	10485.35	2863.39869604
6.055	527.52397195	9997.559	5161.9162304	9500.977	3156.64210447	10511.72	3929.31460739
6.056	541.284600812	9996.094	3179.81960136	9476.074	2954.03943069	10502.93	5447.05535854
6.057	531.490947622	9994.629	6260.06964694	9546.387	2820.38845612	10466.31	2761.20808799
6.058	523.181656419	10000.49	7966.61732737	9500.977	1868.92584383	10469.24	3754.31718922
6.059	535.006879065	9999.023	4790.30540402	9474.609	5081.46154266	10502.93	3496.91350048
6.06	567.234855007	9997.559	8283.01140292	9464.355	4114.68415663	10524.9	2833.72895236
6.061	544.031575242	9997.559	6366.93418803	9527.344	4839.8691067	10533.69	3245.65486905
6.062	532.98375279	9996.094	6915.62160235	9483.398	3003.78202817	10491.21	3269.25015043
6.063	551.800831883	9994.629	7538.81488127	9547.852	2677.33792001	10498.54	2867.30501711
6.064	543.162067293	9993.164	5340.31058276	9521.484	2229.59542828	10521.97	3603.68553258
6.065	535.067049227	9999.023	3249.80976458	9514.16	2800.88160845	10466.31	3289.68754669
6.066	507.076357502	10040.04	2303.73724422	9486.328	2138.64784414	10483.89	4525.25513604
6.067	545.688717511	9997.559	4315.52099352	9483.398	3653.83293792	10546.88	2825.08113996
6.068	529.416921582	9996.094	4168.85600556	9503.906	4150.30284342	10530.76	3242.80332455
6.069	533.32358017	9996.094	3124.60005532	9499.512	1866.17494604	10457.52	4365.83549144
6.07	487.977742617	9994.629	4699.65654075	9484.863	4363.04440638	10536.62	7560.13536817
6.071	511.024713633	10019.53	3045.41454509	9480.469	3565.13158611	10492.68	3534.97486212
6.072	516.974015027	9999.023	5301.39970087	9490.723	2056.80945244	10494.14	2752.85113669
6.073	477.791747019	9997.559	5934.2791641	9541.992	3540.21911894	10504.39	3656.11943188
6.074	474.805053975	9991.699	3735.51083166	9541.992	2437.29741714	10526.37	4601.80262213
6.075	447.083980088	9966.797	1815.37758749	9495.117	3657.34223818	10472.17	3651.33900269
6.076	457.583906807	9994.629	5005.25913065	9486.328	3224.99806397	10524.9	1676.37384721
6.077	440.542241081	9999.023	3421.34527949	9473.145	4124.77546408	10516.11	3671.27625905
6.078	453.69148212	9999.023	4765.75098203	9471.68	3138.60641368	10478.03	3889.81679732
6.079	435.588406917	9997.559	3549.62758513	9473.145	2133.19278456	10538.09	2461.13658802
6.08	487.269590599	9955.078	4215.12961981	9509.766	1538.20884178	10521.97	5835.70128516
6.081	399.475168866	9969.727	2810.93731825	9511.23	2622.81900967	10535.16	3914.61869678
6.082	434.297930566	10015.14	3313.01040848	9539.062	1919.06753284	10507.32	2964.95422743
6.083	424.416187891	10000.49	4804.06848754	9462.891	3439.98284964	10539.55	2524.86322394
6.084	417.286080971	9999.023	4397.63933974	9541.992	2461.00261566	10486.82	2432.67440856
6.085	406.371945521	9999.023	4054.40723722	9537.598	3431.87643673	10500.0	3190.98769293
6.086	429.04952385	9997.559	8035.04936481	9546.387	2610.16476078	10470.7	2462.17803836
6.087	415.484662852	9996.094	4141.73840344	9530.273	1920.39043687	10532.23	2350.9055971
6.088	400.719772433	9994.629	5810.61990015	9457.031	2021.36533087	10510.25	4153.24408783
6.089	416.883618451	9994.629	5330.01369821	9540.527	1700.23041973	10467.77	2724.42632073
6.09	383.069997593	9999.023	5699.400963	9481.934	1939.48490235	10520.51	2555.16099517
6.091	396.081702334	9997.559	5044.62897067	9520.02	3666.47605193	10495.61	2760.32189073
6.092	355.242826762	9997.559	2913.64809828	9496.582	2130.78065603	10491.21	2100.90451676
6.093	357.901751755	9997.559	5562.42864721	9520.02	2451.60225016	10538.09	2154.53037077
6.094	377.090071603	9996.094	5505.02092354	9533.203	1922.49250294	10473.63	1680.33063021
6.095	368.375551185	9965.332	2592.22303808	9484.863	1593.5844105	10529.3	2011.76325399
6.096	361.96244901	9999.023	2571.44206782	9518.555	2459.34301282	10535.16	2281.34964003
6.097	340.114267253	9999.023	4453.31107039	9517.09	2411.87599433	10494.14	1381.34791572
6.098	335.826781342	9997.559	6536.36802533	9465.82	2534.60322637	10536.62	1797.93619658
6.099	339.882227746	10000.49	2282.34138463	9509.766	1632.49541793	10473.63	3516.33403905
6.1	347.059389065	10019.53	3904.47065186	9506.836	2052.6620424	10488.28	2484.70614125
6.101	347.081317391	9994.629	6247.37599799	9546.387	1186.43200868	10497.07	2313.01619135
6.102	332.546339075	10000.49	2320.04244098	9543.457	2176.35009293	10502.93	3026.16612574
6.103	310.52103373	10031.25	1772.87406929	9455.566	1959.10084887	10524.9	4588.83592161
6.104	319.335354105	9997.559	5092.6035484	9515.625	2374.60943996	10541.02	2160.92588067
6.105	306.420598766	10040.04	2525.96330992	9512.695	2055.25450515	10507.32	2072.12265574
6.106	326.279746973	9996.094	4394.28833047	9503.906	1772.41535315	10549.8	1129.84726149
6.107	308.540992044	9994.629	3120.49008509	9537.598	2035.64022101	10504.39	3379.87314255
6.108	298.522673624	10000.49	2529.89685329	9467.285	1240.00846751	10539.55	1792.20107972
6.109	323.012088061	9999.023	2045.24422836	9537.598	1866.10636625	10475.1	1834.73113667
6.11	280.735207601	9997.559	2546.97593798	9489.258	1758.65741603	10498.54	2255.1476003
6.111	318.309252991	9997.559	2793.52975749	9474.609	2039.57298503	10538.09	1755.54734181
6.112	322.84175668	10018.07	1851.76703424	9541.992	1473.22186206	10514.65	1782.10228127
6.113	308.686368534	9994.629	5741.7908382	9522.949	2250.91533549	10542.48	1476.74621088
6.114	296.623893114	9994.629	2602.13381992	9480.469	1736.70385722	10519.04	1558.0991347
6.115	312.190713629	9999.023	3012.19838069	9451.172	1872.28041427	10491.21	1488.21607974
6.116	310.431504884	9999.023	2626.71694165	9541.992	2210.73950174	10516.11	2670.52767523
6.117	264.789424458	9997.559	2157.31468223	9540.527	2104.93235869	10501.46	3185.32909032
6.118	274.563815169	9997.559	2472.71870259	9518.555	1332.15862796	10480.96	1130.05565426
6.119	284.420798383	9996.094	4262.48786365	9498.047	2642.18912511	10476.56	2096.6767175
6.12	301.104320446	9994.629	7517.21491012	9522.949	1703.18356715	10529.3	1678.9579673
6.121	281.044407535	9960.938	1785.04861122	9462.891	2020.80844968	10450.2	2099.61512451
6.122	286.106696263	9999.023	4476.02378018	9495.117	2120.95368061	10514.65	2129.08262864
6.123	284.37941687	9997.559	4781.91673291	9462.891	1278.33940932	10514.65	1904.41939494
6.124	272.698377031	9997.559	2003.90505139	9531.738	2397.88189621	10532.23	1346.66950533
6.125	302.997931387	9996.094	5249.18903298	9541.992	2323.84146096	10502.93	1364.91946197
6.126	292.234109523	9994.629	4160.06265918	9534.668	1139.69854271	10504.39	1251.52746354
6.127	287.449701536	9999.023	4893.74636677	9499.512	3287.98764995	10535.16	1906.66494316
6.128	293.937906351	9999.023	4952.97243608	9487.793	1948.72521803	10464.84	2356.54120935
6.129	280.666010842	9997.559	5655.96614675	9534.668	1953.05720509	10458.98	2718.95266524
6.13	298.28261529	9997.559	4173.68013522	9455.566	2340.85459639	10539.55	1330.08018868
6.131	278.852551377	9996.094	7955.81548725	9509.766	2012.64324414	10478.03	1542.19500511
6.132	263.107830584	9994.629	2620.66257324	9492.188	1179.67460711	10470.7	1556.57068095
6.133	282.171117521	10000.49	4704.26510483	9517.09	1600.79089148	10495.61	1507.63547273
6.134	276.825802624	9999.023	8538.63030043	9512.695	2901.27700001	10475.1	2833.615215
6.135	268.885121765	9999.023	4182.68834255	9511.23	1288.42143322	10520.51	2435.34964346
6.136	278.524842538	9997.559	6804.95766855	9474.609	1308.9536145	10549.8	1221.79329063
6.137	292.017183826	9996.094	6965.26685324	9468.75	2043.26217311	10479.49	1898.52332131
6.138	268.411891104	9996.094	4708.43541842	9514.16	1359.96978891	10505.86	3153.12972074
6.139	282.351415511	9994.629	4113.41297178	9483.398	1948.202223	10542.48	3023.20322387
6.14	284.649398339	9999.023	4604.73609842	9511.23	3451.25154256	10541.02	2685.58017239
6.141	278.332012122	9999.023	2778.23238312	9509.766	2371.852245	10464.84	1805.06811863
6.142	273.372629898	9997.559	6477.83160249	9499.512	2411.45879884	10469.24	1359.70346829
6.143	275.469014047	9996.094	7933.36311296	9533.203	1733.5023223	10495.61	1765.98516538
6.144	286.681490487	9996.094	9185.79400021	9468.75	2033.09710888	10454.59	1859.51212549
6.145	262.818323608	9994.629	5042.65161311	9455.566	2127.68872142	10507.32	1424.67311721
6.146	289.582131026	9999.023	2270.94233057	9479.004	1914.71356272	10466.31	2309.17719933
6.147	290.197927101	9999.023	4256.42337228	9505.371	2642.49702922	10549.8	1674.05403323
6.148	280.763500252	9997.559	5914.16135351	9455.566	1665.27439933	10517.58	2179.10326824
6.149	288.339341917	9996.094	4343.11043091	9483.398	1729.81847937	10546.88	2504.79223005
6.15	293.901686274	9996.094	4678.07452291	9479.004	2342.1895407	10526.37	1722.39698905
6.151	286.59484038	9994.629	5381.64704949	9506.836	2092.78642124	10548.34	2428.54967629
6.152	297.995846878	9999.023	5073.21506693	9498.047	2088.49729644	10469.24	2109.72868218
6.153	278.240129581	9999.023	5716.96901053	9511.23	1927.83823295	10521.97	1668.86534252
6.154	276.024512099	9997.559	2432.43716787	9473.145	1962.21776647	10458.98	1989.33980499
6.155	278.668269253	9997.559	4676.45233062	9541.992	1837.03271511	10538.09	2040.26170194
6.156	301.000886519	9996.094	5644.47264578	9490.723	2345.28280397	10482.42	1975.15777635
6.157	292.525799922	9994.629	5242.27057607	9477.539	1654.66026103	10527.83	1405.60098084
6.158	283.873335829	10000.49	4879.33597982	9470.215	1445.41952127	10480.96	2357.7888602
6.159	316.470475976	9999.023	8312.19836365	9540.527	1729.41907557	10450.2	1336.04660169
6.16	294.254920275	9979.98	2393.57918389	9477.539	1866.620539	10469.24	1281.16314164
6.161	291.710103537	9997.559	7045.98885872	9474.609	2432.78978501	10530.76	2791.58146336
6.162	291.510419814	9996.094	4673.78706902	9543.457	1959.30754066	10486.82	2001.45259875
6.163	315.891214031	9994.629	6687.60274992	9496.582	1677.56379903	10472.17	2459.71246476
6.164	310.666330744	9994.629	6503.64553885	9546.387	1679.61288663	10504.39	1380.11410106
6.165	311.265899047	9999.023	3941.95345035	9530.273	2121.83342852	10521.97	2215.41561082
6.166	296.617192705	9999.023	3989.50822568	9527.344	2818.6854095	10530.76	1741.99398619
6.167	322.956301326	9997.559	10629.5999893	9470.215	2329.89854465	10498.54	2433.58108464
6.168	297.744118202	9996.094	6749.85841626	9455.566	1420.78440796	10454.59	2422.9807607
6.169	318.641639438	9996.094	4728.75404545	9464.355	2116.56378613	10466.31	1504.9489199
6.17	313.011620502	9994.629	8022.54599729	9547.852	2553.79673036	10476.56	1690.41173387
6.171	324.354090873	9999.023	6033.05599558	9470.215	2083.90222551	10517.58	1532.56198007
6.172	309.037300375	9999.023	5355.08012298	9509.766	1928.88965462	10457.52	3292.67938434
6.173	302.405631374	9997.559	4625.69992456	9518.555	1937.4078753	10476.56	1573.84875456
6.174	299.817407255	9996.094	2568.45118892	9505.371	1310.78678656	10454.59	1678.50214186
6.175	318.46280086	9996.094	6535.96423168	9528.809	2806.28086996	10542.48	1607.70213223
6.176	320.71072632	9994.629	10480.1419784	9512.695	2186.28708038	10546.88	1688.24381082
6.177	305.620868238	10000.49	6063.51278877	9458.496	2656.81466883	10466.31	2237.82396204
6.178	327.413909826	9999.023	5276.08704067	9515.625	1822.27004228	10524.9	1898.74058458
6.179	301.153991756	9997.559	4510.69429546	9476.074	1478.52026912	10456.05	1865.68939702
6.18	301.155656105	9997.559	7076.54113071	9454.102	2085.99692262	10498.54	2391.62839599
6.181	312.141472521	9996.094	6963.0626434	9534.668	1629.88788597	10457.52	2830.55502259
6.182	313.734795806	9994.629	6255.67803091	9493.652	1891.19561119	10548.34	2332.30824657
6.183	308.497132515	10000.49	6608.51911838	9464.355	4307.43191758	10524.9	2458.3887558
6.184	308.031501482	9999.023	7295.52828738	9473.145	1580.89392665	10476.56	2154.108139
6.185	314.060979447	9997.559	5287.1570415	9509.766	3717.87211811	10466.31	1625.88325834
6.186	319.541380392	9997.559	2837.63841995	9458.496	1682.68769188	10480.96	2923.91297924
6.187	310.35562476	9996.094	2468.12718005	9481.934	1871.68654332	10536.62	1765.50631334
6.188	340.122849406	9994.629	5442.80352574	9489.258	2244.272775	10542.48	1741.43942046
6.189	331.494581044	9994.629	3095.81935102	9502.441	2052.13474951	10486.82	2495.31139179
6.19	328.675645723	10045.9	4016.56137631	9521.484	2460.79714455	10508.79	2885.14689179
6.191	321.94376676	9999.023	3481.30040313	9537.598	1757.36564741	10524.9	2026.25453811
6.192	324.195244588	9997.559	4214.18279145	9477.539	2724.8844675	10486.82	2821.72629268
6.193	322.844839047	9996.094	5952.33640847	9464.355	2534.2320713	10523.44	2620.82509044
6.194	342.528050249	9996.094	5766.3669708	9461.426	2009.91393971	10541.02	2218.05587954
6.195	315.042930976	9994.629	2818.28248785	9547.852	2460.58533433	10470.7	3061.26191891
6.196	334.880894452	10000.49	6324.88527481	9522.949	1673.73259709	10486.82	3310.18673015
6.197	346.317260418	9999.023	2741.26286105	9522.949	1940.35524623	10548.34	2144.119617
6.198	332.376883303	9997.559	3893.95724904	9455.566	3527.68050428	10461.91	2263.35081336
6.199	345.001639928	9996.094	3920.08558205	9508.301	2179.78693016	10549.8	1701.79082597
6.2	358.611810963	9996.094	5236.04414326	9521.484	2323.54247828	10521.97	2027.27321789
6.201	334.26388751	9994.629	5017.83263334	9512.695	2212.48451372	10526.37	1471.41703567
6.202	345.252269875	10000.49	4934.49148782	9487.793	2668.76747035	10454.59	2203.70048353
6.203	350.654044618	9999.023	6733.34035674	9530.273	1491.86945372	10513.18	2040.06999933
6.204	367.070123027	9997.559	4636.35299352	9515.625	3028.74801575	10538.09	3079.1704913
6.205	352.930374305	9997.559	4977.57529038	9483.398	1987.83943629	10532.23	1975.12958124
6.206	344.728370779	9996.094	2326.4497298	9541.992	2070.80624504	10536.62	3117.89882163
6.207	356.363929142	9994.629	5032.02223415	9473.145	1586.88287942	10495.61	2328.15875795
6.208	344.893654049	10000.49	2916.73341037	9480.469	1550.2976963	10461.91	2559.14740921
6.209	335.5315114	9999.023	3152.65126342	9451.172	2862.31167787	10513.18	2191.73811254
6.21	343.409897478	9997.559	6500.6340902	9480.469	2309.33112886	10546.88	2966.85677603
6.211	351.317475507	10000.49	1751.44690214	9477.539	2892.73591293	10517.58	1512.27446071
6.212	355.843755953	9996.094	5582.81601098	9505.371	1894.31643725	10532.23	2384.27802886
6.213	317.652697266	9996.094	3458.01941161	9509.766	2610.97385621	10457.52	3703.03669722
6.214	347.683025456	9994.629	5327.61108617	9483.398	1687.61152835	10507.32	1727.58773881
6.215	345.509779323	9999.023	4241.56497743	9470.215	1933.87598422	10505.86	2088.9454292
6.216	338.120918399	10004.88	1607.2203337	9465.82	2000.05109909	10539.55	3762.51912924
6.217	377.75590379	9997.559	3122.83337898	9500.977	3315.5362812	10485.35	2726.19230736
6.218	351.606641848	10048.83	2311.47530756	9481.934	1540.90287214	10511.72	2971.4974033
6.219	336.638085234	9993.164	1942.33774001	9454.102	1640.7218785	10480.96	1579.72961903
6.22	349.629360564	9994.629	3602.85519422	9539.062	2515.90511516	10502.93	2561.14679055
6.221	342.124152402	9999.023	5972.59221233	9534.668	2996.47710522	10464.84	2636.65526411
6.222	369.874018672	9999.023	3337.25227387	9521.484	1625.8726998	10479.49	1480.40150637
6.223	362.985522569	9997.559	3566.00615104	9546.387	1453.69256894	10505.86	3644.90111147
6.224	378.026278803	10023.93	3139.01834196	9470.215	1346.58369344	10530.76	2547.65986172
6.225	338.022178955	9996.094	7407.28543069	9508.301	1207.07587545	10546.88	1901.29428143
6.226	351.56286844	9994.629	6311.40792023	9521.484	2184.63733691	10513.18	2254.60934596
6.227	382.57535918	10000.49	2927.23706788	9505.371	1756.52097884	10541.02	1960.00806736
6.228	357.487653243	9999.023	3808.62738045	9515.625	2586.28496331	10535.16	2507.99214122
6.229	362.615025035	9974.121	2307.9039387	9547.852	2544.34796311	10470.7	1375.08522274
6.23	340.901908428	9994.629	2294.21727023	9455.566	1460.40232502	10542.48	1999.78518308
6.231	375.192828049	9996.094	2383.22531691	9528.809	1603.75616841	10546.88	2907.63632532
6.232	381.946634259	9994.629	2015.0223823	9455.566	2987.35820484	10507.32	1525.77945548
6.233	350.741676012	10000.49	3296.97271978	9518.555	1469.63040453	10495.61	2574.227823
6.234	353.685439555	9999.023	3125.90473414	9518.555	4202.85308865	10533.69	2332.11652936
6.235	370.538730747	10031.25	3246.82676621	9540.527	2734.22259045	10507.32	2121.11790109
6.236	335.625435993	9997.559	3003.42269122	9473.145	1660.33654402	10475.1	2096.59046243
6.237	376.014361669	9996.094	8000.15591176	9536.133	3982.51667074	10501.46	1833.18617715
6.238	346.41303859	9996.094	2786.19297294	9474.609	3327.06989827	10542.48	2358.97257143
6.239	377.184135618	9994.629	8621.49619807	9500.977	2218.68293189	10478.03	2332.30726389
6.24	367.554594543	9999.023	3788.92278112	9517.09	2039.20361252	10501.46	989.205091561
6.241	361.706857927	9997.559	3380.43569736	9521.484	2331.33406054	10517.58	2737.44103839
6.242	368.081657305	9997.559	2761.94913398	9512.695	1745.62197936	10456.05	2797.29692084
6.243	363.31002122	10045.9	3174.45517334	9500.977	3196.6551246	10538.09	3185.10046592
6.244	367.777048389	9996.094	3389.62270021	9539.062	3258.90026674	10501.46	2333.71816773
6.245	362.825731333	9994.629	4921.20107175	9533.203	3158.57055654	10463.38	2998.16405929
6.246	396.507170194	10007.81	3247.4494183	9509.766	1998.24749623	10488.28	3019.18338156
6.247	373.244703012	9999.023	5602.14123513	9518.555	2114.05888765	10473.63	4608.63457147
6.248	344.747189963	9997.559	6082.60316727	9455.566	1667.2960518	10539.55	2769.45650053
6.249	374.721338077	9996.094	2457.69490805	9464.355	2941.93231	10526.37	2229.27866657
6.25	360.826791912	10040.04	2113.26724162	9495.117	2166.84186826	10519.04	1511.72739603
6.251	348.279826251	9994.629	1743.16153929	9544.922	2144.16352407	10479.49	2344.61862889
6.252	383.650081819	10000.49	3567.93162379	9522.949	2527.27592799	10530.76	2028.9797319
6.253	366.237318352	9999.023	3015.70890464	9489.258	1490.31791222	10510.25	1891.31737322
6.254	379.733251379	9979.98	2283.58998269	9549.316	1905.52302509	10508.79	2657.64819326
6.255	377.533444145	9997.559	3652.37536616	9546.387	3921.18460415	10501.46	2194.85847483
6.256	386.806638222	9996.094	4134.290741	9489.258	2127.69570301	10478.03	2798.75785439
6.257	354.076221579	9994.629	2602.93863155	9511.23	2626.80314294	10516.11	3744.47066743
6.258	363.991946913	9969.727	1598.61699665	9537.598	3223.85677766	10485.35	2312.88697995
6.259	355.614596169	10040.04	1257.67347727	9517.09	2695.24661353	10542.48	2184.85159383
6.26	373.260606152	9972.656	1960.86951348	9470.215	2170.02338988	10530.76	1397.04274959
6.261	354.148677993	9997.559	4377.88837812	9506.836	1407.92042264	10475.1	1582.63053502
6.262	370.873113612	9996.094	3287.43302777	9541.992	3328.21047341	10456.05	1961.12080022
6.263	382.591714093	10004.88	3735.87429546	9486.328	2224.68997315	10527.83	3174.4867405
6.264	390.241489541	9994.629	3126.68740783	9520.02	3123.80697728	10472.17	3377.90727386
6.265	347.262801635	9999.023	2477.07327568	9467.285	2169.41477196	10514.65	1641.00378402
6.266	391.328589161	9975.586	2589.91110194	9517.09	2323.14205564	10478.03	4587.85963984
6.267	367.471929768	9997.559	1686.54998356	9479.004	2418.55227103	10542.48	1665.28664191
6.268	357.814275698	10004.88	2117.81878867	9464.355	1527.9814385	10529.3	2858.25850922
6.269	338.340689646	10021.0	1951.53331132	9492.188	1289.85535148	10520.51	1887.92018871
6.27	369.743008465	10029.79	1883.1401436	9522.949	2615.60086331	10463.38	2964.90507292
6.271	366.574692747	9965.332	2852.97287584	9524.414	2777.76501961	10486.82	2227.0097429
6.272	371.610626407	9999.023	2368.57117087	9499.512	2468.77615705	10454.59	3020.76977517
6.273	367.556523985	9956.543	2321.88231785	9454.102	2919.51510762	10529.3	2487.76169213
6.274	343.533792252	10012.21	2584.55682729	9499.512	2579.81199608	10530.76	2404.90334353
6.275	396.728710703	9996.094	4071.55702942	9495.117	1939.38603187	10520.51	2694.45243534
6.276	372.629419418	9968.262	1774.2169498	9531.738	3884.50384878	10479.49	3024.47875877
6.277	393.926963398	10007.81	2228.52858542	9512.695	2210.66879833	10516.11	2961.02091643
6.278	353.620199278	9956.543	3176.74862654	9451.172	2917.81249871	10536.62	2247.6456494
6.279	345.212031083	9969.727	2308.60377782	9537.598	1568.39595702	10464.84	1657.7215865
6.28	338.645584589	10040.04	2520.10652632	9549.316	1243.45008001	10479.49	1223.66261176
6.281	334.605559063	10016.6	2870.05022417	9544.922	2244.88296196	10491.21	3208.56436481
6.282	356.424001667	9994.629	2951.98932393	9512.695	2368.51700103	10495.61	1853.39929703
6.283	353.235909303	10000.49	2954.24298573	9489.258	1904.92436335	10548.34	2486.60183435
6.284	351.189908269	9999.023	2629.62102455	9451.172	2209.49403141	10460.45	2332.29804743
6.285	345.9143827	9955.078	1660.37121043	9479.004	2296.86197501	10527.83	2220.50653038
6.286	333.665306054	9996.094	2374.88947274	9518.555	2034.62345351	10508.79	1896.68038799
6.287	347.332828602	9990.234	1669.05894141	9492.188	1642.42640213	10536.62	3160.07553534
6.288	323.872762523	10047.36	1782.95846844	9495.117	2186.84326339	10497.07	2966.24693934
6.289	337.558108273	9994.629	1861.50530556	9480.469	2963.39507061	10485.35	3337.83820756
6.29	362.565680195	9999.023	2494.79917487	9509.766	1809.71454025	10517.58	1611.97222767
6.291	316.5478387	9991.699	2444.51244096	9481.934	2069.43438897	10470.7	2680.48893627
6.292	322.830897666	9997.559	2238.717179	9511.23	1126.37757646	10524.9	2718.79418244
6.293	314.769057203	10047.36	1974.82906855	9471.68	2223.49033262	10460.45	2076.36728593
6.294	360.332556226	9996.094	2332.25300531	9531.738	1746.57082444	10542.48	1192.2335173
6.295	321.618243938	9975.586	1138.59489724	9487.793	1313.13756972	10464.84	1415.68991693
6.296	332.349900229	9999.023	4168.027778	9462.891	1432.2955799	10520.51	2841.64467702
6.297	307.993500474	10048.83	1856.37635465	9461.426	2346.28892737	10514.65	2465.77470735
6.298	303.477538344	10031.25	1751.04860567	9457.031	3357.31709965	10453.12	2101.72900204
6.299	321.762555548	9996.094	3239.18133875	9506.836	1523.13298472	10549.8	1760.47964297
6.3	377.750455129	9958.008	2185.88870416	9511.23	2420.58530613	10450.2	2588.30494041
6.301	315.25612238	10003.42	3885.38522321	9458.496	1684.44959199	10483.89	2606.67660829
6.302	333.000746842	9955.078	2386.66188875	9511.23	2065.28189745	10521.97	1758.89957596
6.303	302.212320617	10016.6	1794.61590276	9473.145	1835.42485754	10510.25	1855.733926
6.304	307.330982468	10037.11	1916.34623987	9522.949	2142.00682701	10535.16	2572.5812712
6.305	281.700271535	9997.559	1898.78499287	9521.484	3095.26087309	10539.55	3013.44453432
6.306	295.881377126	9960.938	2022.13964918	9489.258	1710.08420607	10545.41	1740.02090338
6.307	299.130615674	9994.629	1986.90099898	9486.328	2043.43519672	10485.35	1271.84634404
6.308	274.28086648	10000.49	1672.31981306	9530.273	1414.57795684	10535.16	2327.83897334
6.309	284.542770118	9966.797	2742.57807385	9467.285	2327.12244112	10486.82	2313.12567691
6.31	289.777618979	9975.586	1120.48644374	9477.539	1494.69560905	10530.76	2106.60570714
6.311	292.476937347	10048.83	1008.06268317	9477.539	1392.5415571	10475.1	2449.51668945
6.312	282.353435231	10021.0	1835.90843945	9534.668	1576.26001875	10548.34	2727.99544953
6.313	285.377418736	10031.25	2024.42357287	9489.258	1895.04937766	10491.21	2158.79716349
6.314	278.544558244	9994.629	1782.74004804	9481.934	2180.85666593	10489.75	2934.02043688
6.315	294.170333442	9996.094	1940.94506448	9457.031	1427.01694824	10520.51	1949.94476114
6.316	279.856816927	9985.84	1546.73724047	9540.527	1889.58130406	10482.42	1575.48621888
6.317	282.469666168	10048.83	1293.47820779	9524.414	2304.33455302	10498.54	1217.11852378
6.318	274.999370835	9994.629	3066.63770654	9489.258	1252.64815672	10498.54	2186.05745714
6.319	265.265581433	9997.559	2225.1847305	9500.977	1951.42924776	10463.38	2473.54397002
6.32	258.589127393	10045.9	2173.7690252	9527.344	1642.0817452	10541.02	3085.1048808
6.321	283.242148539	10029.79	1510.10310343	9481.934	2933.68369179	10492.68	2058.92930591
6.322	270.68795461	9999.023	2522.16618303	9509.766	2203.99007724	10486.82	2050.75148834
6.323	271.937713543	10047.36	1628.54424232	9481.934	1066.48717817	10548.34	2142.23272967
6.324	254.228677174	9974.121	1900.14887554	9539.062	1236.89827189	10479.49	1254.93079294
6.325	263.292764402	10010.74	2389.80756385	9467.285	1516.84940238	10461.91	2309.82535916
6.326	260.607304602	9994.629	2717.51196465	9503.906	1538.95225657	10549.8	1493.55338863
6.327	267.816627995	9999.023	1230.32187949	9533.203	2023.74843237	10460.45	1483.91511278
6.328	268.257442264	9999.023	2433.59150432	9520.02	1822.72025706	10476.56	1612.05830446
6.329	256.502748893	10026.86	2229.37111032	9474.609	2300.25136267	10517.58	2007.32130204
6.33	263.972363217	9997.559	1222.4055006	9531.738	2827.16473323	10464.84	1743.41502924
6.331	271.526105735	9950.684	2228.80539413	9549.316	1087.47189214	10546.88	1452.82133821
6.332	266.815025418	9994.629	3015.64604247	9502.441	2093.16716294	10527.83	1463.88622326
6.333	285.030540271	9994.629	1302.77315739	9473.145	2118.09481883	10458.98	1898.38602989
6.334	282.672864566	9987.305	817.8319714	9543.457	1815.03304819	10535.16	1995.08823244
6.335	274.363338251	10041.5	1980.07457363	9476.074	1465.11692532	10483.89	2679.94711425
6.336	266.538205995	9962.402	1455.12764388	9489.258	1613.80642814	10510.25	2339.23603088
6.337	280.360863536	10026.86	1350.36948983	9525.879	1220.07735582	10519.04	1914.72242378
6.338	262.000471655	9994.629	1897.5567019	9495.117	1198.77524245	10521.97	2062.17244429
6.339	288.715091184	10003.42	1361.27793638	9509.766	1715.14684391	10476.56	2119.18550765
6.34	289.063852747	9999.023	2181.94227547	9452.637	1081.84758254	10460.45	1804.19582785
6.341	277.277631259	10000.49	1074.03757502	9471.68	1615.3367793	10520.51	1386.2815549
6.342	274.732654245	10023.93	1400.74168544	9493.652	1839.76722656	10475.1	1011.21385917
6.343	274.492414531	9997.559	3113.46893277	9514.16	1873.82462241	10498.54	2197.78411827
6.344	271.510036693	10038.57	2673.89433697	9505.371	1468.61076694	10464.84	2130.23399295
6.345	313.903472234	9994.629	2738.73700338	9543.457	2292.80872393	10457.52	2117.24440822
6.346	279.652368316	9966.797	2277.98897296	9520.02	1699.68406743	10473.63	1661.79772624
6.347	308.471171786	9999.023	2661.74764456	9479.004	1704.8636051	10480.96	2025.96782004
6.348	291.715708936	9950.684	1782.44780064	9546.387	1440.31299826	10507.32	1925.22392103
6.349	301.799880566	9997.559	2429.80849974	9470.215	2150.85214871	10480.96	1543.75876682
6.35	301.863830821	9960.938	1737.97628868	9458.496	1874.85415905	10535.16	2638.27510803
6.351	295.600541798	10025.39	1541.74145282	9511.23	1269.68351557	10480.96	2044.03513878
6.352	307.31251816	10048.83	1605.85981453	9531.738	2417.82933476	10526.37	1461.71132293
6.353	320.296525485	9985.84	2545.17409145	9465.82	962.623106171	10524.9	1828.94669361
6.354	305.441149547	10012.21	2458.45270188	9465.82	2362.34874179	10495.61	3097.8698569
6.355	322.115158566	9997.559	1712.46312049	9515.625	3115.63262001	10532.23	1931.56128857
6.356	325.31681534	10045.9	2365.29598555	9509.766	2073.79281729	10495.61	2434.49738062
6.357	304.786509852	10040.04	2341.80094704	9534.668	1621.84160518	10467.77	1523.2924044
6.358	339.461773142	10000.49	3659.68006905	9471.68	1228.32867883	10457.52	1977.47320134
6.359	320.901021216	9974.121	1879.59790953	9537.598	3260.59756272	10453.12	2920.88472894
6.36	326.072180618	10003.42	1769.3414449	9458.496	1980.23731366	10478.03	2748.66997112
6.361	326.351536869	9965.332	2408.19845025	9486.328	1190.70977115	10467.77	1827.94111177
6.362	345.151239736	9999.023	1791.79345461	9544.922	1919.69991346	10514.65	1963.4940058
6.363	348.126914768	9996.094	2992.01813211	9473.145	2901.81478204	10520.51	3491.39311719
6.364	353.981329398	9994.629	2378.28062502	9467.285	2044.94642861	10539.55	1845.56874713
6.365	338.453905024	9978.516	2125.02866764	9496.582	1859.74510837	10454.59	4537.16897273
6.366	350.321850665	10042.97	3595.72706726	9483.398	2123.31641494	10500.0	2683.79450336
6.367	360.114939345	9997.559	1769.70066307	9536.133	2418.75355307	10485.35	2718.92425491
6.368	363.039682751	9996.094	2835.57158305	9528.809	2163.08641484	10476.56	2653.44754211
6.369	367.631818825	10023.93	3561.47055358	9512.695	2859.11204163	10488.28	2597.1236017
6.37	348.866730636	10037.11	2439.72702561	9465.82	1890.37340453	10519.04	1868.32208515
6.371	367.301670805	9969.727	2665.310671	9539.062	1954.82646987	10542.48	2573.19794874
6.372	368.076763266	9997.559	3232.97021384	9464.355	2649.78521799	10472.17	3396.48313418
6.373	355.843230144	10045.9	1572.11011076	9539.062	3121.50223443	10497.07	1961.55272951
6.374	360.783259832	10048.83	3588.6751114	9461.426	2115.04300798	10485.35	3235.55148253
6.375	439.419110917	10026.86	5894.91735911	9496.582	2863.34728466	10539.55	3452.27533247
6.376	404.690484807	9994.629	1782.28955006	9524.414	2038.47103503	10543.95	2341.83910799
6.377	378.242404128	10000.49	4593.6782594	9505.371	2065.00993139	10450.2	2120.68174631
6.378	379.542916266	9966.797	3199.62922109	9527.344	2338.70642082	10501.46	2434.17418864
6.379	375.130687585	9997.559	2592.59156268	9465.82	1946.123262	10526.37	1754.77065568
6.38	409.754180233	9975.586	1563.8716849	9534.668	3305.29367923	10475.1	3736.96243058
6.381	422.730663615	9996.094	3501.36062618	9461.426	4110.29576659	10501.46	2922.54478913
6.382	420.818344488	10044.43	3724.58627713	9483.398	3127.1839868	10470.7	2449.56858478
6.383	431.510280029	9991.699	3445.44881759	9543.457	2769.55019929	10514.65	2538.83063308
6.384	435.485949981	10032.71	3447.19288586	9540.527	3195.12500869	10454.59	2146.00923925
6.385	408.211459014	9975.586	3459.49951754	9508.301	2341.34849664	10532.23	3782.13375681
6.386	437.896835031	10013.67	2592.82055245	9549.316	2067.12793259	10545.41	2953.50711093
6.387	482.001131055	9956.543	2899.77097069	9502.441	2342.98117848	10491.21	3547.58712725
6.388	447.43299326	9963.867	3836.68815716	9487.793	2540.29013668	10492.68	3094.67103853
6.389	419.163584616	9969.727	2694.10275412	9549.316	1913.2628622	10507.32	2976.02388707
6.39	421.690000956	9975.586	1458.72323797	9549.316	2012.24516828	10457.52	2619.08588038
6.391	475.159076527	10004.88	3078.09664847	9502.441	1770.57871329	10461.91	2631.41334134
6.392	447.55659759	9966.797	2843.59217969	9489.258	2511.88850989	10535.16	4420.83864943
6.393	436.434478617	10016.6	1916.36662148	9524.414	4993.10962818	10479.49	2984.98645301
6.394	474.7239944	9988.77	2733.49341361	9515.625	5206.89310515	10519.04	1986.24867143
6.395	444.165747795	9981.445	3908.76637294	9452.637	1491.57404041	10480.96	2357.94541256
6.396	514.475255523	9966.797	3520.32468899	9489.258	4272.9045746	10470.7	2569.30561883
6.397	460.874055004	9984.375	2689.82254791	9481.934	3495.31520194	10456.05	3415.367569
6.398	465.292384012	9972.656	3184.35483202	9506.836	3837.74189918	10466.31	5760.33195249
6.399	499.747206734	9996.094	5750.54180082	9527.344	2115.17753118	10541.02	2814.06815293
6.4	483.542633893	9959.473	2551.30704696	9506.836	2655.18954448	10463.38	2827.01971211
6.401	488.447830658	9963.867	3626.26086531	9459.961	2937.67702884	10527.83	3595.80345997
6.402	466.333748765	10029.79	2257.78562981	9543.457	1901.01695809	10482.42	4024.09227713
6.403	474.753102584	10037.11	3722.31959749	9489.258	4681.81072524	10536.62	2708.51248126
6.404	480.336687356	9985.84	3394.09098849	9509.766	3706.41734198	10473.63	2815.40226995
6.405	487.430070755	9996.094	3062.03522187	9477.539	2906.03227622	10458.98	3772.77847224
6.406	554.726997693	9996.094	3742.85298254	9502.441	3047.19616012	10507.32	2114.90871819
6.407	566.190441718	10018.07	2944.09252671	9536.133	4066.25535109	10508.79	2722.23592392
6.408	487.191513006	9962.402	2317.75328343	9480.469	4507.713064	10545.41	3457.96200184
6.409	568.366732859	9999.023	5223.04162117	9533.203	3211.89077259	10501.46	3642.29299761
6.41	499.747925887	9999.023	4668.75856233	9493.652	5858.24390279	10532.23	2968.74711795
6.411	556.950837591	9997.559	6630.15328196	9495.117	4197.36277044	10520.51	2659.00658501
6.412	549.151963677	10023.93	2562.96609533	9465.82	3748.44528483	10460.45	3084.05972166
6.413	532.615082575	9982.91	2610.32711776	9511.23	3316.94118579	10486.82	3963.38072318
6.414	522.301069809	9994.629	6132.3766933	9493.652	3661.18004665	10498.54	7022.40548971
6.415	543.026090506	10026.86	3073.88171459	9489.258	3653.63295976	10521.97	2448.98444209
6.416	562.923159752	10028.32	2811.71175705	9544.922	6655.78781791	10548.34	3198.82089008
6.417	546.233924631	10026.86	3114.85109789	9462.891	4141.57490277	10502.93	3165.36409614
6.418	573.80882516	9996.094	3257.75236061	9493.652	3423.54907818	10521.97	2862.14693659
6.419	572.074843385	9966.797	1951.05094232	9473.145	2291.92450408	10516.11	2498.68709152
6.42	592.799678762	9977.051	6043.97911494	9471.68	1708.75164706	10482.42	4225.05007002
6.421	575.657517953	10045.9	4000.36680846	9525.879	3647.17461522	10472.17	4198.55281985
6.422	668.409389434	10028.32	4608.20073096	9512.695	5383.77164232	10461.91	4111.66030792
6.423	610.678274563	9977.051	3010.48069973	9502.441	6020.17917988	10461.91	3031.84845548
6.424	607.275024641	9988.77	3293.53849533	9505.371	2860.32565974	10473.63	3719.80319978
6.425	570.436920045	10035.64	4370.26155173	9474.609	2888.25769204	10473.63	5882.09820303
6.426	604.250688918	10004.88	3567.71630417	9458.496	2662.55247855	10456.05	2737.27483874
6.427	623.854897892	10023.93	2339.80068009	9541.992	4321.71313846	10473.63	3389.47703031
6.428	643.994778865	10007.81	2956.82765474	9533.203	4017.1933174	10504.39	6257.02366813
6.429	679.727455455	10047.36	5043.58199307	9546.387	5188.63272519	10480.96	3477.55380993
6.43	618.708578027	10016.6	5363.71072655	9498.047	4543.41544927	10508.79	3170.41375242
6.431	659.964907892	9950.684	4184.24094444	9506.836	3875.91761311	10504.39	3160.81131898
6.432	655.443061209	9988.77	5423.95047644	9492.188	4280.71912052	10479.49	4424.75167578
6.433	654.096776442	10001.95	3437.55729799	9462.891	5446.23599811	10454.59	4226.86066248
6.434	670.649310607	10000.49	4217.65987967	9477.539	4327.13297356	10501.46	3348.70893611
6.435	731.358918663	9993.164	3076.55886099	9515.625	3579.01632249	10472.17	3737.36376708
6.436	722.230865844	9981.445	4888.45197099	9517.09	6222.85914007	10450.2	5093.85652386
6.437	671.878593968	9965.332	3340.17853124	9498.047	4954.26368404	10516.11	4888.52947841
6.438	703.515285767	9991.699	4294.93835698	9505.371	2906.14338727	10535.16	4488.16576652
6.439	734.384872894	10016.6	5510.14144976	9524.414	5311.75343744	10514.65	4421.03804047
6.44	740.983341255	10037.11	3336.25103083	9487.793	3362.47045606	10511.72	3589.75950543
6.441	700.915968248	9987.305	4182.59854065	9549.316	2068.46066084	10538.09	4294.81129443
6.442	761.818706002	10016.6	3953.05066425	9536.133	4091.58919519	10520.51	5078.28620793
6.443	767.863087794	9971.191	4863.27032913	9468.75	4849.60203413	10516.11	5718.09742932
6.444	748.955702104	9963.867	6799.9395791	9454.102	9717.97836534	10533.69	6261.95245198
6.445	836.4267367	9956.543	3928.87972327	9499.512	4908.57412536	10504.39	5665.84876552
6.446	746.670181035	9960.938	6816.93359984	9486.328	4511.46888701	10526.37	7693.54074578
6.447	799.106504102	10029.79	4359.48387421	9505.371	3809.88472698	10520.51	3906.91100639
6.448	772.156288765	10013.67	5320.52143286	9489.258	6019.48586695	10466.31	4644.69941327
6.449	760.96948234	10034.18	5305.37200037	9539.062	3253.56753899	10520.51	4382.77522608
6.45	788.919036046	9953.613	3611.39916443	9503.906	3857.74829748	10472.17	5105.59304167
6.451	765.448892297	9993.164	7860.65788879	9454.102	5473.58864057	10451.66	5200.26598766
6.452	792.555927721	10041.5	3838.2876939	9503.906	4949.27554807	10456.05	6576.02537195
6.453	811.725922875	9999.023	8054.10797118	9457.031	5149.75853998	10469.24	4730.0237936
6.454	831.705649092	9962.402	6074.02075427	9481.934	5215.6856614	10457.52	4420.00830498
6.455	828.233298506	10038.57	5418.94338118	9536.133	6140.42881454	10538.09	6001.54024861
6.456	834.641433295	10031.25	5285.66025345	9520.02	4605.05708749	10511.72	11133.8351313
6.457	847.737493662	9969.727	7313.37713057	9508.301	5557.95946038	10451.66	5189.12445423
6.458	796.499780934	10031.25	4966.03853366	9534.668	3974.54611922	10473.63	7462.53298205
6.459	882.329975593	10040.04	5476.02195367	9546.387	3691.34183053	10476.56	5769.18826749
6.46	822.366874257	9958.008	4363.29096642	9461.426	4717.42542541	10523.44	5457.98038426
6.461	831.888372909	9978.516	6288.66718958	9511.23	4871.92922268	10505.86	6656.6844458
6.462	841.640336927	10007.81	4347.18675729	9547.852	3708.22913538	10458.98	7589.98836259
6.463	839.529421195	9979.98	6312.30602198	9487.793	4500.86116455	10486.82	4396.14106993
6.464	876.688077261	10019.53	6416.62755615	9474.609	5825.90449624	10507.32	6095.06033655
6.465	780.056386817	10013.67	5305.23219409	9476.074	5568.96162747	10495.61	7207.19258024
6.466	800.330386661	10003.42	6408.27738066	9464.355	4820.85297628	10546.88	4065.51893802
6.467	820.21627591	9958.008	5771.30257104	9517.09	3742.2101968	10486.82	6224.60030721
6.468	866.217150482	9988.77	6450.46911865	9524.414	9419.96431845	10476.56	3634.56349914
6.469	854.033065981	10010.74	4830.97010685	9543.457	8319.84763977	10545.41	6045.60912789
6.47	840.060474688	10006.35	5396.51775603	9455.566	6754.53293248	10480.96	4943.20897517
6.471	859.418917808	10047.36	6867.92652433	9537.598	5875.38859	10469.24	5388.3885834
6.472	825.967154476	10032.71	9115.80488158	9518.555	6964.05700957	10464.84	5690.87087971
6.473	798.264922247	10009.28	4876.96603663	9480.469	4037.96630291	10508.79	6117.9155001
6.474	783.34502664	10048.83	4581.030604	9530.273	4708.80214706	10541.02	3467.49416715
6.475	785.125000771	10022.46	4971.92547703	9462.891	4732.17658445	10517.58	3872.77523249
6.476	805.756765075	10021.0	5246.87510291	9536.133	6421.83863862	10527.83	5725.74827955
6.477	820.536917012	9988.77	4903.50802053	9489.258	4756.05928591	10458.98	6438.67568192
6.478	748.821639399	9999.023	3645.94823405	9464.355	4624.46066109	10546.88	5975.88490343
6.479	765.305567474	9997.559	5362.95072522	9518.555	4530.88293423	10450.2	3207.90785568
6.48	805.0969054	9996.094	6009.18328984	9468.75	5405.75263969	10450.2	4137.64320726
6.481	758.404842226	9955.078	4111.88858839	9459.961	3141.54535036	10498.54	5230.31728573
6.482	700.956938788	9982.91	4734.59492335	9540.527	7917.26189955	10469.24	4990.84431174
6.483	704.639065713	9959.473	8344.67979683	9531.738	6433.23617092	10480.96	5069.24873483
6.484	703.592470588	9958.008	2915.08970935	9544.922	4446.32311323	10516.11	5139.94262403
6.485	741.539841438	10045.9	4816.01507331	9499.512	6220.6529443	10483.89	3595.64877201
6.486	702.533767851	9968.262	3364.1818748	9474.609	3309.87464441	10491.21	3586.24199478
6.487	705.676390726	10026.86	2630.65645365	9464.355	4972.22165988	10520.51	4684.35893019
6.488	619.527437198	9958.008	3247.07499808	9509.766	6845.01129394	10516.11	5268.38268162
6.489	682.373588818	9950.684	3472.67657231	9547.852	2828.85417573	10520.51	4526.04177508
6.49	636.298397618	10000.49	2577.12980089	9454.102	2827.58286522	10517.58	6043.27466244
6.491	615.700767233	10026.86	5121.80979548	9462.891	3654.75888827	10475.1	4691.33412896
6.492	587.659819918	10025.39	4074.77213245	9484.863	4629.35674366	10494.14	5096.44085326
6.493	563.466900768	9968.262	2924.42884224	9520.02	5421.94116907	10514.65	3480.75173866
6.494	569.621007525	10038.57	3556.29320775	9451.172	3301.62412562	10543.95	3122.56733768
6.495	576.70560029	9975.586	4145.96228604	9512.695	2597.85595867	10473.63	2489.92647087
6.496	541.752855883	9999.023	4041.13057163	9490.723	1995.00430477	10526.37	4204.83252266
6.497	540.81855972	9999.023	3096.48021833	9544.922	3622.02730719	10539.55	1968.92360318
6.498	518.99988698	10038.57	2612.66799394	9481.934	3275.05043892	10514.65	2926.67845239
6.499	488.785557539	9981.445	2292.88393691	9492.188	5115.10841262	10466.31	3031.85111885
