# Fine mazed sweep, both magnets in place
5.5	34.2547054262	9996.094	32609.7823421	9495.117	11758.5326418	10495.61	11705.550771
5.501	32.1256197381	9994.629	34707.9298268	9495.117	14641.6186963	10494.14	13440.1545772
5.502	36.2658369022	10000.49	31013.5772421	9499.512	12677.2394728	10500.0	14486.9546908
5.503	31.0406937335	9999.023	36796.2799621	9499.512	12933.7532021	10498.54	13677.0009483
5.504	31.7168889482	9997.559	34652.3890365	9498.047	14902.1253204	10498.54	13428.846919
5.505	32.861200352	9997.559	34049.0366257	9496.582	12474.9689384	10497.07	13501.7148851
5.506	33.1307381521	9996.094	35163.8790729	9496.582	12029.4555321	10495.61	16218.7006694
5.507	32.9926570873	9994.629	33229.8426115	9495.117	14681.2144578	10495.61	14432.6071257
5.508	34.6493988738	10000.49	33316.5637616	9500.977	12510.1896185	10501.46	9799.43706387
5.509	33.2023364545	9999.023	37444.1985118	9499.512	11672.7910862	10498.54	13118.3948667
5.51	34.102794261	9997.559	28055.2157712	9498.047	15756.6596293	10498.54	13052.625594
5.511	31.0887484369	9997.559	33647.3185751	9498.047	10447.5228274	10498.54	7410.56648111
5.512	31.5660192904	9996.094	33440.0654779	9496.582	12660.9337547	10495.61	11770.1937014
5.513	34.2632931292	9994.629	31078.470798	9495.117	13085.2681752	10495.61	12196.5241657
5.514	31.3600037284	9994.629	31712.0689413	9495.117	11015.6565018	10495.61	8897.22025813
5.515	32.5068879359	9999.023	29022.1744487	9499.512	11798.2100117	10500.0	11026.4523871
5.516	33.068871457	9999.023	28024.3800772	9498.047	11664.6877969	10498.54	14877.7371674
5.517	33.3416172016	9997.559	33718.3986455	9496.582	10360.898754	10498.54	10218.6485679
5.518	32.8852566483	9996.094	29300.390465	9496.582	13610.0462801	10497.07	11641.4000317
5.519	35.1392089926	9996.094	27319.4372517	9495.117	10609.8912344	10495.61	12198.8696712
5.52	30.5817009885	9994.629	31831.7518268	9495.117	10700.0222868	10494.14	11269.8724144
5.521	32.6091218951	9999.023	28028.2431344	9499.512	12449.0786949	10500.0	10941.9962146
5.522	30.6820005085	9999.023	30154.9550462	9498.047	9820.60378873	10498.54	11803.6953048
5.523	31.7047755418	9997.559	30695.0173762	9498.047	12257.9844696	10497.07	10198.2537236
5.524	31.8819578884	9996.094	29521.1855705	9496.582	11137.1465083	10497.07	12517.7174987
5.525	33.1417245967	9996.094	27918.206609	9496.582	9772.66078481	10497.07	8133.30101215
5.526	30.8830382898	9994.629	30775.885263	9495.117	12231.9741571	10494.14	10406.9203807
5.527	29.8712024576	10000.49	25387.0848404	9499.512	14329.4868294	10500.0	12313.6093045
5.528	32.5988145372	9999.023	30118.3294878	9498.047	9035.87923322	10500.0	7482.92385788
5.529	30.8435520028	9997.559	29088.1916268	9498.047	12851.3849488	10498.54	11527.4306041
5.53	30.3285120012	9997.559	30141.8215148	9496.582	10702.5253627	10497.07	12998.0339821
5.531	30.6383163266	9996.094	33613.5200253	9495.117	9508.8420827	10497.07	10148.2091711
5.532	31.8492752214	9994.629	28652.7113522	9495.117	11838.9748475	10495.61	12978.0588575
5.533	31.8016666072	10000.49	29720.2128797	9499.512	9757.25277389	10500.0	14929.7037944
5.534	31.2068110893	9999.023	30838.5015132	9499.512	9648.35825185	10498.54	10702.9584406
5.535	31.3576632175	9997.559	26919.6361113	9498.047	12719.9584609	10498.54	14363.8720801
5.536	29.130788917	9997.559	31324.2334106	9496.582	11537.6357578	10497.07	14371.9176333
5.537	31.5998619418	9996.094	33876.4732091	9496.582	11068.1382883	10495.61	11574.6142046
5.538	33.0180220622	9994.629	29085.8795889	9495.117	13392.9276725	10495.61	14863.9227782
5.539	30.140464851	9994.629	34808.7268707	9493.652	11452.0716378	10494.14	13799.4673787
5.54	31.197664072	9999.023	32814.7944371	9499.512	12650.0610963	10500.0	12039.0186411
5.541	61.7754327527	9999.023	32576.1672397	9498.047	15250.9480694	10498.54	15055.6420907
5.542	29.9700496547	9997.559	34762.0007018	9498.047	12201.7577419	10497.07	12574.8632705
5.543	29.9164239398	9996.094	29733.6573101	9496.582	11793.9265009	10497.07	13281.8959357
5.544	28.7650325313	9996.094	31482.3230834	9495.117	11172.7599001	10495.61	13782.826052
5.545	28.2095723552	9994.629	35159.1792755	9493.652	10882.9724283	10495.61	11946.8232455
5.546	31.4306045914	9999.023	29509.9724354	9499.512	13413.526003	10500.0	13692.8521263
5.547	28.5898602587	9999.023	34720.9829919	9498.047	11282.7961436	10498.54	13206.0075189
5.548	31.4264342176	9997.559	33943.3060759	9498.047	9688.08203834	10498.54	11488.1689692
5.549	29.1014593884	9996.094	28775.0433445	9496.582	13619.1484478	10497.07	14583.0660051
5.55	29.8910578038	9996.094	33435.6048099	9495.117	12671.0099877	10495.61	12886.4390607
5.551	29.4126524754	9994.629	35592.3629773	9495.117	10008.329584	10494.14	12517.530132
5.552	28.7371094691	10000.49	29820.4917876	9499.512	11181.3958026	10500.0	14865.0720242
5.553	28.5976136688	9999.023	33613.9474317	9499.512	11268.8932124	10498.54	14448.3512262
5.554	28.3222356978	9997.559	34458.8002416	9498.047	14802.5463931	10498.54	13682.0815864
5.555	28.9110095641	9997.559	31426.26426	9496.582	13102.3582977	10497.07	15580.5313464
5.556	29.5294983011	9996.094	36967.2550701	9496.582	13125.0400645	10495.61	14785.5405349
5.557	28.5173600485	9994.629	33580.9889112	9495.117	15031.7383054	10495.61	14763.9827334
5.558	30.6446870286	10000.49	35263.4529355	9499.512	11497.5487247	10500.0	17685.6335902
5.559	30.1038881941	9999.023	37827.9108415	9499.512	14560.3806225	10498.54	16517.3210839
5.56	29.5857992248	9997.559	35066.4938461	9498.047	14796.6416019	10498.54	14846.7975607
5.561	29.1653433388	9997.559	36921.0994024	9496.582	14262.5483726	10497.07	18140.1646979
5.562	29.8833831005	9996.094	39677.6180919	9496.582	14414.5182471	10495.61	14873.0568157
5.563	28.0912386247	9994.629	34853.9604987	9495.117	16642.7199955	10495.61	16859.0384734
5.564	29.9389369988	9994.629	40432.4522284	9493.652	11997.1229572	10494.14	16352.3959016
5.565	29.2355333209	9999.023	38908.2157657	9499.512	14636.4124765	10500.0	17407.3964662
5.566	29.5938488253	9999.023	35663.1128633	9498.047	16061.6706666	10498.54	16987.4727943
5.567	29.7868600811	9997.559	42472.2561587	9498.047	15603.1981249	10497.07	17816.0858757
5.568	27.3409483386	9996.094	41573.4819945	9495.117	8920.26121396	10495.61	15706.1064182
5.569	29.56783555	9996.094	38049.8155656	9495.117	15261.0383475	10495.61	18955.9941271
5.57	30.3452480251	9994.629	46959.6876591	9495.117	15969.618011	10494.14	17701.9824221
5.571	29.6500271907	9999.023	40025.9410632	9499.512	12434.4667646	10498.54	13394.8820544
5.572	28.7616745228	9999.023	41487.2828363	9498.047	15180.8100476	10498.54	20104.1511438
5.573	36.2365335211	9997.559	46242.7428703	9498.047	13959.3592889	10497.07	17270.6550324
5.574	28.2487722897	9996.094	36910.0858669	9496.582	11843.8012305	10497.07	13750.8599609
5.575	26.6577511589	9996.094	40853.5198748	9495.117	16270.6133575	10495.61	18283.8328112
5.576	29.6774332652	9994.629	41811.0537614	9495.117	16413.5913742	10494.14	15102.2348972
5.577	28.5037903615	10000.49	35398.0043741	9499.512	17128.4582517	10500.0	16996.0457997
5.578	29.4245117918	9999.023	38103.2768687	9499.512	13527.2701411	10498.54	15666.8846804
5.579	28.7718609301	9997.559	39245.1593861	9498.047	12143.3039744	10498.54	15548.8776376
5.58	30.018633547	9997.559	34279.7241033	9496.582	15234.6918908	10497.07	17125.2931123
5.581	27.5129033619	9996.094	41150.36154	9496.582	13943.7386687	10495.61	14413.5290554
5.582	30.5012154408	9994.629	36894.5694716	9495.117	9403.89429478	10494.14	14065.4942358
5.583	29.3261620302	10000.49	34792.2667502	9499.512	13152.5446794	10500.0	15772.1139276
5.584	30.0756554523	9999.023	37484.0601037	9499.512	13457.5202463	10498.54	15870.1581911
5.585	31.5161307052	9997.559	34575.8737651	9499.512	7808.52251593	10497.07	10358.1170993
5.586	32.0447856063	9997.559	37503.6279012	9496.582	13295.346177	10497.07	17496.7667294
5.587	30.2926198488	9996.094	40174.9542057	9496.582	14560.2097067	10495.61	15494.2206189
5.588	31.7833873249	9994.629	35334.7882433	9495.117	15364.1656159	10495.61	17648.7604489
5.589	29.0931543593	9994.629	39862.5565456	9493.652	14040.8929315	10494.14	17308.3427254
5.59	28.8205581693	9999.023	39407.8932248	9499.512	15744.1445171	10500.0	14882.4882848
5.591	28.9051861883	9999.023	34570.7658358	9498.047	12377.2918442	10498.54	9850.29966747
5.592	28.9667020544	9997.559	43236.1356553	9498.047	14416.4816006	10497.07	18501.8231275
5.593	27.8341105144	9996.094	39464.5629571	9496.582	17346.0785522	10497.07	16510.8142687
5.594	28.332279259	9996.094	40146.5057767	9495.117	13231.6467517	10495.61	14126.2165784
5.595	31.5155670705	9994.629	44281.1805592	9495.117	16771.2601198	10494.14	17313.8978236
5.596	28.6756497804	9999.023	44777.7039986	9499.512	19030.2914768	10500.0	18186.5320707
5.597	30.9177048737	9999.023	44151.5200865	9498.047	16718.8573841	10498.54	15247.2191731
5.598	31.5610372582	9997.559	44951.9192251	9498.047	18829.0388517	10497.07	19572.3422622
5.599	32.211070212	9996.094	44170.9083149	9496.582	19650.0507455	10497.07	21549.0798899
5.6	3164.63513884	9996.094	71318.8263973	9515.625	21515.7270654	10464.84	33692.2080667
5.601	31.8629257779	9994.629	48859.473691	9495.117	19095.2928936	10494.14	17658.6430345
5.602	31.7555301325	10000.49	44125.8463819	9499.512	16627.3685077	10500.0	19144.4714605
5.603	31.1096519254	9999.023	49809.754022	9499.512	16299.0253908	10498.54	20952.7404665
5.604	29.3075117295	9997.559	43235.0190843	9498.047	19670.4300917	10498.54	18189.9849799
5.605	31.7192271043	9997.559	44094.11723	9496.582	14865.0557897	10497.07	16038.8502387
5.606	29.928596762	9996.094	51050.9568759	9496.582	17313.1924616	10495.61	18679.6489034
5.607	31.4591603442	9994.629	46921.9462967	9495.117	21896.3861216	10495.61	18574.2406467
5.608	34.0678407597	10000.49	47316.663355	9499.512	16227.6728695	10500.0	23116.4905675
5.609	32.6762488928	9999.023	51313.1951239	9499.512	19854.7467267	10498.54	17613.2284578
5.61	31.017229759	9997.559	43651.3775856	9498.047	19169.6880142	10498.54	21768.4294532
5.611	32.3611493781	9997.559	48219.7571943	9498.047	17440.796876	10498.54	12346.8246346
5.612	33.7687225576	9996.094	48913.4946186	9496.582	20127.0977506	10495.61	19939.8271365
5.613	30.6868557616	9994.629	47572.1373298	9495.117	20508.4396473	10495.61	22278.1792325
5.614	33.1140543667	9994.629	51763.4719551	9495.117	17315.7454522	10495.61	12944.7692861
5.615	46.4896645244	9999.023	51732.1801009	9500.977	9528.92206369	10501.46	12303.0912556
5.616	33.0373569608	9999.023	49514.0932071	9498.047	19966.1218379	10498.54	24012.2076316
5.617	34.6153803846	9997.559	58780.1702851	9496.582	18746.1767045	10498.54	14668.098874
5.618	35.6607854809	9996.094	55535.1110808	9496.582	21914.4590863	10497.07	23950.460479
5.619	34.3284251115	9996.094	52957.7794412	9495.117	20639.9836429	10495.61	24710.9658426
5.62	34.915926286	9994.629	64242.4544784	9493.652	18809.2315727	10495.61	16817.052117
5.621	35.4967645842	9999.023	52741.6000842	9499.512	24858.5308607	10500.0	21095.6879319
5.622	36.2770655115	9999.023	58112.0513539	9498.047	19176.184406	10498.54	24353.3619345
5.623	37.8860167673	9997.559	60376.6321142	9498.047	21095.38772	10497.07	23811.4166813
5.624	39.8570714949	9996.094	49097.4890334	9496.582	24502.6513406	10497.07	24842.105634
5.625	40.1116584706	9996.094	57000.6122788	9495.117	19994.5549091	10495.61	22744.2938462
5.626	36.8344360618	9994.629	53186.7870266	9493.652	15642.6447668	10495.61	20332.9794289
5.627	2663.76563278	10000.49	60984.2112607	9455.566	23194.4796234	10543.95	14430.8230164
5.628	32.6576747503	9999.023	59902.8673737	9499.512	18626.2935814	10498.54	23661.5614549
5.629	30.3986217347	9997.559	51259.3483393	9496.582	11444.169066	10497.07	19166.0964674
5.63	29.7793705117	9997.559	48025.7060381	9496.582	20858.9117513	10497.07	22736.7814537
5.631	26.4737322536	9996.094	58424.0119501	9496.582	18845.4806519	10495.61	22665.9486821
5.632	27.5181786454	9994.629	50587.9196844	9495.117	13256.0219582	10495.61	18439.179041
5.633	27.7432327453	10000.49	48505.1239026	9499.512	17930.7017439	10500.0	23195.4466066
5.634	31.7442275641	9999.023	49806.8539704	9499.512	17653.0054042	10498.54	20046.7521526
5.635	27.2592325524	9997.559	44134.0421347	9498.047	19978.7408683	10498.54	21017.1714157
5.636	26.0354116987	9997.559	49773.8573328	9496.582	19246.3941543	10497.07	22065.4284563
5.637	27.0754651995	9996.094	48773.3098112	9496.582	19435.7765097	10495.61	19237.2173097
5.638	26.7192697608	9994.629	47936.6276277	9495.117	22260.5421135	10495.61	20406.7200028
5.639	26.191110892	9994.629	50609.8680304	9493.652	17525.8168968	10494.14	21978.0925726
5.64	26.7895421232	9999.023	49589.4742536	9499.512	20427.2324871	10500.0	19751.3145377
5.641	27.6407909119	9999.023	46417.6168613	9498.047	18372.9230419	10498.54	22126.2963213
5.642	26.2406066576	9997.559	49678.4527789	9498.047	16663.0807503	10497.07	19071.7713933
5.643	25.9988711322	9996.094	49239.5244207	9496.582	20538.2193567	10497.07	19089.9475843
5.644	26.2190706551	9996.094	42930.4341501	9495.117	16666.9123498	10495.61	20974.6886879
5.645	7163.72095152	10040.04	35662.4885284	9533.203	20872.6491638	10548.34	67744.6370843
5.646	26.2477954591	9999.023	40931.3175431	9499.512	11317.7306117	10500.0	14910.2458808
5.647	25.3081701574	9999.023	43506.8441561	9498.047	17227.599742	10498.54	18360.6371116
5.648	26.4195587692	9997.559	46015.7620824	9498.047	17856.3734325	10497.07	17419.0875391
5.649	26.9174344098	9996.094	40098.3915575	9496.582	11765.8509755	10497.07	13325.0318224
5.65	27.0837390871	9996.094	45066.9968742	9495.117	14781.7523818	10495.61	19543.1203883
5.651	25.4659635287	9994.629	45201.4356212	9495.117	18189.8499856	10494.14	16441.2289785
5.652	25.9930217968	10000.49	39839.5545055	9499.512	17250.1299227	10500.0	19446.3426964
5.653	27.1664676924	9999.023	42587.5539645	9499.512	15452.3254784	10498.54	18636.109166
5.654	24.7515938579	9997.559	43130.2356274	9498.047	17955.2645934	10498.54	16411.2976037
5.655	26.1526163417	9997.559	39434.1354973	9498.047	12325.3014092	10495.61	7723.10617984
5.656	25.7550627133	9996.094	45848.7316474	9496.582	14781.9739668	10495.61	18384.9828241
5.657	24.5964642716	9994.629	42365.5306009	9495.117	17932.9397361	10495.61	18412.9444873
5.658	25.9641814107	10000.49	44370.6433283	9499.512	17371.8311254	10500.0	19616.2819819
5.659	25.0685841328	9999.023	49659.1374066	9499.512	17679.2942818	10498.54	18400.4384601
5.66	24.3739137394	9997.559	43104.6170443	9498.047	21218.5647871	10498.54	18946.9637156
5.661	26.261815479	9997.559	49609.2641358	9496.582	16709.1357104	10497.07	20842.682781
5.662	26.2006845531	9996.094	50756.1040024	9496.582	19161.7320671	10495.61	17248.7128404
5.663	26.2870567059	9994.629	44689.3566591	9495.117	18665.937496	10495.61	20791.8509246
5.664	23.9904793393	9994.629	47541.8472101	9493.652	18700.9225387	10494.14	16136.3091596
5.665	26.403681372	9999.023	48991.8015561	9499.512	18400.524826	10500.0	19804.6660685
5.666	26.0992189876	9999.023	45463.3889345	9498.047	19601.3634724	10498.54	24351.2765157
5.667	26.1786998286	9997.559	59144.8819512	9498.047	19283.4520301	10497.07	20643.3028835
5.668	25.0498934538	9996.094	53293.8713879	9496.582	23805.5084744	10497.07	21646.9818525
5.669	26.3588238729	9996.094	54104.0167558	9495.117	19263.2197388	10495.61	19487.0451443
5.67	26.890366494	9994.629	61558.3278599	9495.117	22450.3756356	10494.14	23826.406374
5.671	24.2675811846	9999.023	53107.4924336	9499.512	23798.8380221	10500.0	25681.8335925
5.672	25.203187437	9999.023	56639.0165668	9498.047	19544.4077182	10498.54	16504.1885115
5.673	25.6220410026	9997.559	60626.2019511	9498.047	23262.0157275	10497.07	22353.1806866
5.674	25.991157482	9996.094	56479.2250258	9496.582	25929.451594	10497.07	24231.7542373
5.675	27.2678610754	9996.094	61181.4300071	9496.582	22679.3772614	10497.07	18007.2521847
5.676	28.7094728421	9994.629	58914.1705842	9495.117	24431.003204	10494.14	21580.944397
5.677	24.6800892221	10000.49	54924.1099852	9499.512	23409.2864736	10500.0	23802.9390669
5.678	27.8104020133	9999.023	61893.0102301	9498.047	20623.0772219	10500.0	17252.8676909
5.679	25.5426813365	9997.559	57411.285903	9498.047	22976.6128083	10498.54	22867.6377123
5.68	24.8787476444	9997.559	49206.7357777	9496.582	20648.3954454	10497.07	23922.6266191
5.681	25.5049555767	9996.094	56962.693484	9495.117	15937.784783	10497.07	18982.1827505
5.682	26.3896305285	9994.629	53353.7406351	9495.117	22013.1651873	10495.61	21686.3650075
5.683	26.4085944693	10000.49	51000.4733664	9499.512	21733.1166956	10500.0	22820.5232947
5.684	25.4114772514	9999.023	56295.465776	9498.047	15910.6012494	10500.0	20678.3743142
5.685	25.3818764421	9997.559	50197.7338455	9498.047	21509.9670607	10498.54	22873.3570854
5.686	24.448325502	9997.559	50594.5144722	9496.582	19285.4874397	10497.07	22852.558864
5.687	23.3783027428	9996.094	52481.6941034	9496.582	17084.9360905	10495.61	18411.679985
5.688	23.1115823271	9994.629	46887.4246542	9495.117	20081.3779269	10495.61	21127.6001744
5.689	22.2433782815	9994.629	52379.1549779	9493.652	17071.0430234	10494.14	21879.8997702
5.69	23.25190879	9999.023	46025.8264331	9499.512	21104.2591769	10500.0	19642.1456512
5.691	22.30828112	9999.023	39255.0937216	9498.047	16884.8410844	10498.54	19863.3578204
5.692	22.578737141	9997.559	45175.0823314	9498.047	14047.8882723	10497.07	15158.9385564
5.693	22.8959661496	9996.094	39270.7581412	9496.582	16237.4157721	10497.07	15131.339704
5.694	21.399198629	9996.094	36312.7613888	9495.117	13895.024271	10495.61	15973.675321
5.695	21.8779812756	9994.629	37524.1632742	9495.117	12365.8113783	10494.14	14887.6672267
5.696	20.2663705976	9999.023	29999.6379321	9499.512	12999.2643272	10500.0	13089.1165005
5.697	20.4907160484	9999.023	28998.3692451	9498.047	11427.7797544	10498.54	12890.3042502
5.698	21.445275735	9997.559	28234.9418937	9496.582	8483.6398899	10498.54	12064.9184645
5.699	19.548069862	9996.094	26375.7903314	9496.582	10273.7032333	10497.07	11732.4240433
5.7	19.3249791627	9996.094	27530.6890338	9495.117	9562.03490171	10495.61	12597.5284793
5.701	18.8404044751	9994.629	29563.1357636	9493.652	8123.34112151	10495.61	11808.1976884
5.702	19.9285097858	10000.49	25159.578191	9499.512	10474.7392823	10500.0	13207.8513354
5.703	19.3349477385	9999.023	30152.0255639	9499.512	10667.5111914	10498.54	12133.7630779
5.704	18.5710779102	9997.559	28456.0956869	9498.047	12960.2469308	10498.54	11898.9820037
5.705	17.5250235185	9997.559	28785.2764267	9496.582	11263.7534142	10497.07	13715.5397451
5.706	18.6355340369	9996.094	33501.9131394	9496.582	13048.6329401	10495.61	13375.9679606
5.707	19.6857506997	9994.629	32419.921168	9493.652	6991.2429618	10494.14	11951.5581292
5.708	19.1740931003	10000.49	34458.9658837	9499.512	13363.5556937	10500.0	14078.3896209
5.709	19.3582252676	9999.023	37443.8533493	9499.512	14959.3451353	10498.54	14227.9862893
5.71	18.6674660489	9997.559	35847.4322203	9498.047	14952.7022515	10498.54	15321.4348475
5.711	18.8343944828	9997.559	37223.407748	9496.582	13744.7651603	10497.07	16584.9480661
5.712	17.8621929311	9996.094	42040.25961	9496.582	15325.7501367	10495.61	15769.0429315
5.713	19.5192196737	9994.629	33252.4060886	9495.117	16141.1667801	10495.61	15922.3156353
5.714	17.5459297401	9994.629	36612.5397503	9493.652	13165.4408439	10494.14	15573.8064792
5.715	17.8377059601	9999.023	34021.6139995	9499.512	14604.9600819	10500.0	13462.2155187
5.716	17.7023295317	9999.023	31669.2476912	9498.047	12934.5940825	10498.54	15217.2235021
5.717	18.4730764431	9997.559	34752.5537767	9498.047	11253.7847913	10497.07	12993.9633061
5.718	16.2093919173	9996.094	30762.4274138	9496.582	12844.8234232	10497.07	11535.9314271
5.719	18.2861163148	9996.094	27573.4039235	9495.117	10251.3284239	10495.61	14014.0939799
5.72	17.1663351205	9994.629	34540.1524577	9495.117	11382.0919286	10494.14	12108.4956251
5.721	16.1206921346	9999.023	30467.0948797	9499.512	13596.9966666	10500.0	12763.0300919
5.722	16.7656478692	9999.023	30185.653195	9498.047	10608.200495	10498.54	12322.3480457
5.723	16.1735961701	9997.559	31030.4083633	9498.047	11585.2898579	10497.07	11004.218246
5.724	17.3627125974	9996.094	27020.3455885	9496.582	12186.7673415	10497.07	11411.1203367
5.725	15.5843054672	9996.094	29376.2077252	9495.117	9560.70642864	10495.61	10754.3166517
5.726	16.4265333304	9994.629	31528.2455483	9495.117	11496.9346847	10494.14	11385.2052939
5.727	17.0760841164	10000.49	26079.0800485	9499.512	9961.80188899	10500.0	11317.8295525
5.728	16.5717068786	9999.023	29694.0711199	9499.512	10609.3313329	10498.54	12119.2993369
5.729	16.1152114237	9997.559	26302.7404014	9498.047	9859.24558821	10498.54	10390.5437021
5.73	15.6103753921	9997.559	21863.0650827	9496.582	8662.95897306	10497.07	9997.93387256
5.731	15.5189599801	9996.094	24146.543067	9496.582	8313.28326851	10495.61	8763.34354902
5.732	15.3948828135	9994.629	20000.0676342	9495.117	8442.63149206	10495.61	7915.97010499
5.733	14.4529536939	10000.49	19941.8585606	9499.512	7729.54218393	10500.0	9212.96369538
5.734	15.3228225756	9999.023	19548.3825027	9499.512	7275.47934651	10498.54	7755.13982197
5.735	1121.64687016	9997.559	28564.087629	9499.512	4692.14446937	10466.31	4603.92465268
5.736	12.7618244651	9997.559	18571.8107103	9496.582	5999.48944459	10497.07	7078.72199412
5.737	14.1168072708	9996.094	19474.4623627	9496.582	6910.92199357	10495.61	7167.36649928
5.738	12.7322911253	9994.629	16088.3245586	9495.117	7405.58599533	10495.61	7594.81185013
5.739	13.5637782992	9994.629	18520.1849547	9493.652	6285.83158462	10494.14	7465.71858402
5.74	14.122663854	9999.023	18844.7736003	9499.512	7429.67707398	10500.0	6571.46275966
5.741	13.4950115076	9999.023	18389.3163448	9498.047	8369.27082315	10498.54	8878.06821869
5.742	13.4315253911	9997.559	21336.6284747	9498.047	7657.77401408	10497.07	8409.15155947
5.743	14.239684241	9996.094	20694.2791709	9496.582	8707.1682046	10497.07	9759.94785058
5.744	14.2064305509	9996.094	18985.9318856	9495.117	7190.14189634	10495.61	9428.03511251
5.745	13.7751469087	9994.629	20923.47666	9495.117	7704.63979208	10494.14	8471.54691119
5.746	14.5988664092	9999.023	19617.1209215	9499.512	8552.86654673	10500.0	9092.73817779
5.747	13.1143816563	9999.023	21538.4112597	9498.047	8059.60765051	10498.54	10173.9507561
5.748	13.4791352599	9997.559	23587.9662172	9498.047	8580.45018897	10497.07	9115.48815554
5.749	13.565766176	9996.094	21550.2275111	9496.582	9124.86158161	10497.07	9669.31658873
5.75	13.4531177928	9996.094	23836.1853232	9495.117	8752.68485772	10495.61	9981.16786929
5.751	13.6902253683	9994.629	25567.1401554	9493.652	6947.46604895	10495.61	9393.30094618
5.752	13.3904313797	10000.49	23001.8483306	9499.512	9618.19785605	10500.0	10219.3290568
5.753	13.7437888334	9999.023	25599.7965398	9499.512	8850.78214537	10498.54	10831.4590357
5.754	13.2139826529	9997.559	24465.6600843	9498.047	6940.11383354	10498.54	8760.08921309
5.755	13.5783909536	9997.559	24284.6033328	9496.582	8924.45348179	10497.07	10795.9629014
5.756	12.9457776176	9996.094	25691.3434294	9496.582	9388.08465486	10495.61	10913.742806
5.757	13.0797863583	9994.629	24258.8950203	9495.117	7038.39952513	10495.61	8888.1178038
5.758	12.5405208949	10000.49	23913.2330332	9499.512	8941.38290434	10500.0	10906.5868579
5.759	11.8709362404	9999.023	23584.9358174	9499.512	8598.93799566	10498.54	8899.38792254
5.76	680.657787683	9997.559	24882.8956849	9495.117	7024.63523871	10497.07	17856.2767725
5.761	11.4323090643	9997.559	20766.0330462	9496.582	8357.81411048	10497.07	10593.2170045
5.762	13.2602647359	9996.094	22689.1579889	9496.582	7669.84207135	10495.61	8762.62615716
5.763	12.9953997453	9994.629	19137.5755967	9495.117	8950.76156865	10495.61	9597.24007718
5.764	12.5161288321	9994.629	20765.0060637	9493.652	7297.03278756	10494.14	8781.93846654
5.765	13.2940412888	9999.023	20740.8623448	9499.512	5887.86928064	10500.0	7871.87215461
5.766	12.3406089543	9999.023	18522.5319775	9498.047	7150.60585257	10498.54	8215.71559479
5.767	13.185385602	9997.559	21119.6668941	9498.047	6976.00407092	10497.07	7799.47766071
5.768	12.1963855779	9996.094	17457.2868697	9496.582	5085.45791449	10495.61	7266.65009083
5.769	12.8970195234	9996.094	17206.0503703	9495.117	7114.22970612	10495.61	8463.62975831
5.77	13.9735901139	9994.629	19240.8427128	9495.117	6791.86970689	10494.14	7238.25788824
5.771	12.012608214	9999.023	17336.4862934	9499.512	7057.43712687	10500.0	6917.11025833
5.772	12.1156105875	9999.023	16402.1851824	9498.047	6189.711198	10498.54	7570.14817794
5.773	12.1930519709	9997.559	17775.2887382	9498.047	6342.0632528	10497.07	6623.99757928
5.774	12.6121306714	9996.094	14234.4626068	9498.047	4302.60349979	10495.61	4974.46422964
5.775	12.2769055941	9996.094	15027.8149503	9495.117	5340.63155263	10495.61	5994.62946158
5.776	11.9860666722	9994.629	15740.9874179	9495.117	5825.29336735	10494.14	6170.84158698
5.777	12.4981883889	10000.49	13409.4395637	9500.977	4085.80143536	10500.0	4413.58571715
5.778	18.425981284	9999.023	14702.9047553	9499.512	5159.67109741	10498.54	5707.50324964
5.779	11.753464218	9997.559	14376.5039258	9498.047	6255.18538275	10498.54	5231.95304329
5.78	11.6246124382	9997.559	13320.720768	9496.582	5778.29448163	10497.07	6443.82025017
5.781	11.8739191964	9996.094	15751.7003741	9496.582	5325.08122477	10495.61	5437.4315183
5.782	11.9802414188	9994.629	14929.1981335	9495.117	6326.69521215	10495.61	5235.27484252
5.783	12.0070420364	10000.49	13457.3725511	9499.512	4630.02740638	10500.0	7037.03106618
5.784	10.964682348	9999.023	15902.3534324	9499.512	5464.10137449	10498.54	5780.12961829
5.785	12.2146353618	9997.559	13602.0244254	9498.047	5936.02378043	10498.54	5613.23733401
5.786	12.0657186946	9997.559	14107.1999955	9496.582	5648.65086344	10497.07	6218.67527188
5.787	279.361938866	9996.094	16189.156316	9493.652	2964.64840776	10511.72	2511.79857323
5.788	11.9627618156	9994.629	12318.9036043	9495.117	5884.50245309	10495.61	5582.06680554
5.789	10.9713658559	9994.629	14708.2613559	9493.652	4965.12452259	10494.14	6729.99264502
5.79	12.0182712323	9999.023	15047.2333125	9499.512	5484.81138006	10500.0	5550.90619796
5.791	13.2814326338	9999.023	13412.0946221	9499.512	4679.31251236	10497.07	2940.63112072
5.792	12.0444155143	9997.559	14266.1236143	9498.047	5815.44678938	10497.07	6241.20098044
5.793	12.8293760511	9996.094	14543.7970517	9496.582	5792.26168818	10497.07	5400.70887805
5.794	12.3985308495	9996.094	12507.5238996	9495.117	5782.30968488	10495.61	6888.78642546
5.795	13.0178603747	9994.629	15201.8134511	9495.117	4655.59444014	10494.14	5824.07318233
5.796	55.9592478079	9999.023	13965.3692078	9499.512	6939.27952394	10500.0	5583.0490065
5.797	13.5954684695	9999.023	13670.0050297	9498.047	4433.70816074	10498.54	6334.38982416
5.798	13.2257259197	9997.559	13981.3174066	9498.047	5410.17308644	10497.07	5335.93525346
5.799	12.4905944716	9996.094	10842.8618446	9498.047	3331.4040891	10495.61	4354.97168183
5.8	228.762730263	9996.094	13341.3219572	9496.582	4591.22610927	10495.61	8649.64698525
5.801	13.756395295	9994.629	13001.3384435	9495.117	5185.16884531	10495.61	4744.00168977
5.802	12.7692416016	10000.49	10825.2175717	9500.977	4249.34740176	10500.0	3358.47342665
5.803	12.7151318735	9999.023	12208.4331093	9499.512	3568.02087137	10498.54	5184.50547831
5.804	13.6286505123	9997.559	10141.8241772	9498.047	4223.63441588	10498.54	4293.30481258
5.805	12.7347619481	9997.559	10131.9527029	9496.582	3926.15810006	10497.07	4725.27414361
5.806	11.6182702837	9996.094	10539.014686	9496.582	3268.19944256	10495.61	3930.15364616
5.807	11.0216259792	9994.629	9126.14888648	9495.117	3753.99639243	10495.61	3879.75646494
5.808	11.3080123138	10000.49	8495.01128603	9499.512	3157.86627396	10500.0	4550.57625029
5.809	11.1006419535	9999.023	9203.33664583	9499.512	3190.96695574	10498.54	3430.7371675
5.81	11.6217202871	9997.559	7110.16356063	9498.047	3545.53708999	10498.54	3218.94759344
5.811	10.3543236396	9997.559	6899.49721044	9496.582	2257.81102376	10497.07	2980.11268017
5.812	10.5612596475	9996.094	7634.68167798	9496.582	2506.9514409	10495.61	2684.65254174
5.813	9.70895271058	9994.629	5849.18598447	9495.117	2526.74708585	10495.61	2921.30313503
5.814	42.1065149036	9994.629	5872.28791123	9493.652	2499.10870045	10494.14	2731.06071846
5.815	9.45714014281	9999.023	5632.30881251	9499.512	2225.08261601	10500.0	2183.9804225
5.816	9.32839032884	9999.023	4825.5669563	9498.047	2178.75584454	10498.54	2272.41230582
5.817	9.91510198247	9997.559	4806.07395642	9498.047	1656.38294377	10497.07	1904.9791497
5.818	9.2721405454	9996.094	3737.48169994	9496.582	1666.58821008	10497.07	1719.25673277
5.819	9.59013913213	9996.094	3024.14199933	9495.117	1239.31130496	10495.61	1752.20036609
5.82	10.3732536985	9994.629	3677.93194863	9495.117	1319.41588026	10494.14	1568.64970005
5.821	9.66763235996	9999.023	3136.89612788	9499.512	1438.03122504	10500.0	1214.0236262
5.822	10.4940265045	9999.023	3451.32624918	9498.047	1196.03799924	10498.54	1585.13020863
5.823	10.0394747182	9997.559	3348.5291512	9498.047	1140.540273	10497.07	1337.55276379
5.824	10.1340801166	9996.094	3092.8090309	9496.582	1572.64741328	10497.07	1396.04641744
5.825	9.79210795472	9996.094	3302.58523222	9495.117	1085.55464872	10495.61	1666.56259333
5.826	9.12297092581	9994.629	4506.68353521	9495.117	1533.63225855	10495.61	1194.32386713
5.827	9.5900265011	10000.49	4110.44933091	9499.512	1514.31898093	10500.0	1844.89043008
5.828	9.19205723014	9999.023	4661.27167051	9499.512	1631.11242608	10498.54	1967.97252934
5.829	9.7729235297	9997.559	4949.9997717	9498.047	2107.72160093	10498.54	2002.76477845
5.83	9.83926873991	9997.559	5330.90771591	9496.582	1775.48962939	10497.07	2264.41458044
5.831	9.01023361826	9996.094	5857.22858543	9496.582	1798.05548549	10495.61	2032.86247647
5.832	9.38574151015	9994.629	5139.33606914	9495.117	2462.36334423	10495.61	2447.46673568
5.833	9.92961407626	10000.49	5840.34418313	9499.512	2178.66465364	10500.0	2317.9852314
5.834	10.022923517	9999.023	6708.8901614	9499.512	1937.64130261	10498.54	2552.22881367
5.835	10.0233289175	9997.559	5252.08158695	9498.047	2472.61788123	10498.54	2446.27348249
5.836	9.86730655562	9997.559	5360.83365067	9496.582	1943.41999594	10497.07	2668.60179207
5.837	9.95521637325	9996.094	5733.36097808	9496.582	1885.57504354	10495.61	1923.39175145
5.838	9.82109949347	9994.629	4529.09789079	9495.117	1639.38036239	10495.61	2225.24962991
5.839	9.24861222881	9994.629	4017.67021455	9493.652	1341.96353389	10494.14	1638.74532671
5.84	8.7839756631	9999.023	3740.46696248	9499.512	1724.89765091	10500.0	1225.53946099
5.841	8.16235090747	9999.023	2339.96058128	9498.047	1114.2403995	10498.54	1132.50001217
5.842	9.17113839557	9997.559	3167.21906764	9498.047	864.848209814	10497.07	1158.90691761
5.843	9.40898278159	9996.094	2984.20134858	9496.582	1214.04047512	10497.07	1208.57482233
5.844	8.70490675259	9996.094	2741.26445107	9495.117	1091.98399598	10495.61	1102.64380126
5.845	9.61678223873	9994.629	3395.45927248	9493.652	741.15537822	10495.61	946.928846453
5.846	8.49644055337	9999.023	2754.00730448	9499.512	1562.69713985	10500.0	1453.44060556
5.847	9.29883453437	9999.023	3096.79713065	9498.047	1267.80877364	10498.54	1270.77490085
5.848	9.40772830263	9997.559	2959.10854236	9498.047	1117.67935674	10497.07	1266.71359466
5.849	9.49006982955	9996.094	2768.96009889	9496.582	1118.9987709	10497.07	1296.82870228
5.85	9.06716909584	9996.094	2790.08975047	9495.117	893.907902798	10495.61	1165.68209441
5.851	9.2463211121	9994.629	2656.40447463	9495.117	1225.18926102	10494.14	1133.18391058
5.852	9.23089998189	10000.49	2350.89418801	9499.512	1228.52389546	10500.0	1016.29265781
5.853	8.67448700151	9999.023	3174.75633108	9499.512	1173.90288238	10498.54	1035.48975323
5.854	9.62840688449	9997.559	2659.17289122	9498.047	924.725060156	10498.54	943.98724393
5.855	10.2736216275	9997.559	2559.2925795	9496.582	934.651384307	10497.07	1183.16502016
5.856	9.3146945536	9996.094	2507.41474783	9495.117	752.785471797	10495.61	809.729528866
5.857	10.8989702716	9994.629	2479.3400751	9495.117	1031.44827807	10495.61	1044.55177169
5.858	10.8573162016	10000.49	2865.91008539	9499.512	1478.91271894	10500.0	1040.82293504
5.859	11.0344614484	9999.023	3099.12042601	9498.047	879.175258735	10500.0	1108.64945243
5.86	11.6790422613	9997.559	3145.81779387	9498.047	1192.65745539	10498.54	1416.74529783
5.861	11.4039092993	9997.559	2888.76075201	9496.582	1155.56730686	10497.07	1157.31609305
5.862	12.5205558691	9996.094	3631.55303691	9495.117	951.063665304	10495.61	1174.50654948
5.863	13.0677652709	9994.629	3303.77657833	9495.117	1740.83896859	10495.61	1756.758766
5.864	14.404703953	9994.629	4530.302146	9493.652	1523.82743135	10494.14	2033.81157062
5.865	14.1249070055	9999.023	4037.09193639	9498.047	1246.6921138	10498.54	1304.41289002
5.866	13.5994838681	9999.023	4130.71057717	9498.047	2054.78751399	10498.54	1766.74214433
5.867	15.9073221309	9997.559	4019.68350819	9498.047	1804.50128095	10497.07	1619.90025725
5.868	14.4271328861	9996.094	4387.36500247	9495.117	1091.82498817	10495.61	1962.67864162
5.869	14.9045577077	9996.094	4371.98260102	9495.117	1725.30084219	10495.61	1870.48275505
5.87	14.9432670613	9994.629	4717.00769394	9495.117	1845.34311118	10494.14	1848.8683137
5.871	15.3521344672	9999.023	4580.76319847	9499.512	2571.92299026	10500.0	1202.69999904
5.872	15.2059878133	9999.023	4694.66348681	9499.512	1517.14930923	10498.54	2383.50986579
5.873	15.1009180959	9997.559	5113.79613654	9498.047	1921.23609601	10497.07	1774.11527892
5.874	15.9969139197	9996.094	3121.2770873	9496.582	2051.73529859	10497.07	1587.28208314
5.875	14.6456783226	9996.094	4890.24431936	9495.117	1670.86809593	10495.61	1921.77737702
5.876	15.4957051695	9994.629	4599.8671096	9495.117	1643.90486636	10494.14	1725.06892881
5.877	16.171182028	10000.49	3041.26055885	9499.512	1434.61675641	10500.0	1200.26092349
5.878	18.0140126356	9999.023	3741.15975376	9499.512	1425.87744987	10498.54	1341.82494704
5.879	15.2783862303	9997.559	3817.89826228	9498.047	1319.40693604	10498.54	1506.77950825
5.88	17.1128441859	9997.559	2438.84985551	9496.582	940.697838007	10497.07	779.029950349
5.881	16.6229403579	9996.094	2747.90231252	9496.582	1073.92099456	10495.61	1078.42444703
5.882	15.191702314	9994.629	2775.27771917	9495.117	1012.86686417	10495.61	894.870110609
5.883	16.9487046589	10000.49	2268.90145623	9499.512	613.251354652	10500.0	1583.1518258
5.884	16.7925743416	9999.023	3178.94561577	9499.512	1209.99415081	10498.54	967.239117546
5.885	18.2027034545	9997.559	3854.15449659	9498.047	1380.01755081	10498.54	1643.82656571
5.886	18.0440382687	9997.559	4863.39765065	9496.582	1885.42187006	10497.07	1601.90383833
5.887	18.35362894	9996.094	6381.57754281	9496.582	2083.94336712	10495.61	1860.20129901
5.888	20.7013564454	9996.094	6646.0371599	9495.117	2980.02844645	10495.61	2870.80349522
5.889	19.6098685381	9994.629	7892.51622145	9495.117	3534.37288369	10494.14	2405.37182618
5.89	23.3379236476	9999.023	9797.9434663	9499.512	3340.90130866	10500.0	3752.39790372
5.891	20.1039529473	9999.023	9421.66712435	9498.047	3642.78116464	10498.54	3814.69351872
5.892	21.3055327446	9997.559	11468.9357337	9498.047	3876.61818667	10497.07	4245.82398441
5.893	33.4697212733	9996.094	11956.6456386	9496.582	5405.52489028	10497.07	4767.60045798
5.894	22.1632913392	9996.094	11288.741174	9495.117	4436.82833208	10495.61	6537.40040055
5.895	27.6621120602	9994.629	13964.5556697	9495.117	5276.15426964	10494.14	5244.0068866
5.896	21.8778755373	9999.023	12549.9048483	9499.512	5773.30076541	10500.0	5150.55201418
5.897	25.9462959784	9999.023	14661.025698	9498.047	3958.98868701	10498.54	5329.73844131
5.898	26.6971752457	9997.559	16591.008185	9498.047	5755.2678964	10497.07	5745.85948515
5.899	26.9792814587	9996.094	15402.1300827	9496.582	5713.0181773	10497.07	6858.50192885
5.9	26.9019062498	9996.094	17298.9838898	9495.117	5761.03065282	10495.61	5490.53804234
5.901	30.3196967415	9994.629	16775.7478069	9495.117	6870.91060908	10494.14	6171.12957075
5.902	27.7646708962	10000.49	15599.4384782	9499.512	6705.15213847	10500.0	8278.13077977
5.903	38.7079498635	9999.023	16756.5162786	9499.512	6042.80982279	10498.54	5944.53414828
5.904	32.3876599435	9997.559	18638.8232588	9498.047	6366.84086725	10498.54	6877.14632168
5.905	29.9460808144	9997.559	16301.573136	9496.582	6380.85995864	10497.07	7830.22234936
5.906	30.7372832733	9996.094	19760.2736829	9496.582	5777.25082618	10495.61	6437.78339417
5.907	32.3985460347	9994.629	16696.0579289	9495.117	7743.35118769	10495.61	6727.27798638
5.908	31.543965326	10000.49	17080.4996161	9499.512	6011.54911557	10500.0	8273.59150164
5.909	86.041559166	9999.023	17058.0147394	9498.047	6782.12705091	10498.54	6734.23228984
5.91	34.0806983964	9997.559	17074.544815	9498.047	6528.59407605	10498.54	7715.856914
5.911	37.201349001	9997.559	17364.5921105	9496.582	6572.48566306	10497.07	8374.44100129
5.912	34.3627168366	9996.094	19162.2745015	9496.582	7103.37602651	10495.61	7149.62261748
5.913	34.1786401256	9994.629	17081.247086	9495.117	7131.68500285	10495.61	8247.87256458
5.914	35.1929815008	9994.629	19154.9950978	9495.117	6589.1681634	10494.14	8303.07479886
5.915	35.9189292637	9999.023	21207.1946388	9498.047	5066.24146016	10498.54	7175.47938189
5.916	36.629798754	9999.023	20442.7601076	9498.047	8448.03448768	10498.54	11217.161911
5.917	38.2964675785	9997.559	27403.6808224	9498.047	9922.93127995	10497.07	11282.4751431
5.918	40.2622502691	9996.094	32922.2978403	9495.117	7907.39940557	10495.61	11151.2790379
5.919	38.8317296165	9996.094	32398.7796555	9495.117	11681.2376092	10495.61	14311.6413782
5.92	44.5028065111	9994.629	39952.8831832	9495.117	14597.3087586	10494.14	13455.0979921
5.921	39.1308730907	9999.023	38174.6027708	9499.512	13181.2511187	10500.0	12390.3471165
5.922	44.9055217095	9999.023	38898.9051036	9498.047	13734.788419	10498.54	18394.0286742
5.923	43.5237154334	9997.559	44804.7059551	9498.047	16489.4567449	10497.07	15531.1161138
5.924	46.7415662149	9996.094	38431.3199556	9496.582	17814.626966	10497.07	18206.1637947
5.925	43.9527499527	9996.094	44323.1569191	9495.117	15001.8417758	10495.61	19361.2407114
5.926	49.1231968521	9994.629	50489.6022045	9495.117	18541.585531	10494.14	18624.6387044
5.927	46.9057463814	10000.49	49008.7027452	9499.512	19017.7055476	10500.0	22163.0288511
5.928	45.1207543909	9999.023	59152.3309175	9499.512	20146.0186333	10498.54	23516.0550865
5.929	48.4123212343	9997.559	56536.1598547	9498.047	24102.4919437	10498.54	25593.0779884
5.93	47.5710990991	9997.559	59212.4482925	9496.582	22694.7510447	10497.07	27695.2316757
5.931	47.1580906253	9996.094	66538.9042147	9496.582	22848.9732472	10495.61	25840.9835216
5.932	50.5512717618	9994.629	61617.864846	9495.117	20273.6462723	10495.61	22579.6020738
5.933	48.4314663805	10000.49	57835.4906986	9499.512	20619.0449177	10500.0	32134.8576369
5.934	48.7888012664	9999.023	65228.7763158	9499.512	24180.3901623	10498.54	25902.309594
5.935	49.9254498689	9997.559	60824.6433525	9498.047	17164.7460618	10498.54	22058.3773056
5.936	49.9037061644	9997.559	63231.7081038	9496.582	21692.6200082	10497.07	28698.370387
5.937	50.9970174023	9996.094	65914.367205	9496.582	24650.5848978	10495.61	23359.6163133
5.938	56.0957971577	9994.629	49270.1923082	9496.582	17883.364478	10494.14	20608.3380594
5.939	53.1938092345	9994.629	61574.0064898	9493.652	20199.0376483	10494.14	22938.0191275
5.94	54.4691407075	9999.023	55942.4272664	9499.512	26118.0256073	10500.0	22121.0890866
5.941	49.7336431278	9999.023	50122.8940726	9499.512	19736.2465777	10498.54	17702.2330011
5.942	52.7162317879	9997.559	59515.3852653	9498.047	20241.2211868	10497.07	21046.5751577
5.943	53.7393139304	9996.094	59216.3182041	9496.582	23977.2500689	10497.07	22030.4917096
5.944	53.6607323796	9996.094	57254.6141809	9496.582	17691.0105358	10494.14	14576.9021888
5.945	50.0167481358	9994.629	64478.520902	9495.117	21494.9731876	10494.14	24245.7937386
5.946	54.1964299167	9999.023	58026.5866532	9499.512	24620.8529837	10500.0	23996.9514086
5.947	3.83435249939	10018.07	17.2721842967	9452.637	29.3113772934	10530.76	24.6240531232
5.948	52.4321684395	9997.559	70251.6100844	9498.047	26727.5395988	10497.07	24538.7257422
5.949	57.4008187134	9996.094	59554.434941	9496.582	27093.9096653	10497.07	27399.265901
5.95	53.6467942867	9996.094	62706.2068096	9495.117	22341.8431178	10497.07	16725.7869347
5.951	58.502242171	9994.629	67473.9070473	9495.117	29038.4655805	10494.14	23808.3341674
5.952	57.8299227708	10000.49	63544.166799	9499.512	30100.3354952	10500.0	32499.568199
5.953	61.1543527841	9999.023	75107.1220863	9498.047	21077.3936544	10500.0	18835.8770293
5.954	56.5893745339	9997.559	60108.642794	9498.047	27036.8094168	10498.54	23366.5109612
5.955	59.1908630722	9997.559	61464.3304403	9496.582	27311.8242489	10497.07	26020.1425183
5.956	59.2685737492	9996.094	64956.9472316	9496.582	20246.1205603	10495.61	24738.4143705
5.957	57.6548192613	9994.629	57243.3963014	9495.117	27495.7616847	10495.61	22916.8501886
5.958	59.2824899182	10000.49	62056.7632218	9499.512	24703.5164531	10500.0	27378.3754654
5.959	57.160604664	9999.023	61818.5900906	9499.512	26188.957488	10498.54	24072.6804565
5.96	61.0542802427	9997.559	55899.5742542	9498.047	25394.1491516	10498.54	25392.9067007
5.961	56.1564754974	9997.559	63724.7542991	9496.582	21456.2907741	10497.07	30421.214691
5.962	60.0089829033	9996.094	65455.9647205	9496.582	27171.3404054	10495.61	23100.6029099
5.963	60.2398754866	9994.629	64994.2427826	9495.117	23890.8093547	10495.61	30819.8616262
5.964	60.3059515389	9994.629	70144.4648632	9493.652	26030.8818711	10494.14	32325.246241
5.965	60.3741580169	9999.023	71255.4962076	9499.512	29341.7145748	10500.0	25055.5327804
5.966	64.1075254705	9999.023	68662.8072806	9498.047	24762.1147813	10498.54	32292.9313401
5.967	59.951151333	9997.559	77059.8291031	9498.047	27185.0613434	10497.07	33444.3911328
5.968	63.3995218048	9996.094	68637.561181	9495.117	15987.2238158	10495.61	23489.5866059
5.969	63.6726953595	9996.094	67039.7705681	9495.117	28100.2866534	10495.61	28940.7027845
5.97	56.1145826596	9994.629	65199.4255328	9495.117	24074.8449703	10494.14	24405.4390183
5.971	57.8243362123	9999.023	55461.8136598	9500.977	16032.0506227	10498.54	20665.0023445
5.972	60.0485062642	9999.023	52766.462206	9498.047	18913.4681325	10498.54	23983.2660666
5.973	58.2806466696	9997.559	53446.4675271	9498.047	21991.4263901	10497.07	19842.7403148
5.974	61.9794743814	9996.094	40092.6606576	9496.582	11932.6070157	10497.07	16755.4878039
5.975	54.3954715739	9996.094	44049.7161194	9495.117	11466.3188141	10495.61	18437.7668945
5.976	58.4697286935	9994.629	36720.5876039	9495.117	16519.2403371	10495.61	12736.5230808
5.977	55.5919065487	10000.49	31027.6185802	9499.512	10273.2735739	10500.0	11225.8621289
5.978	56.6183380214	9999.023	34090.2842316	9499.512	12348.0286682	10498.54	13080.1350586
5.979	59.5255812549	9997.559	30629.3771679	9498.047	13423.1677931	10498.54	11486.082047
5.98	55.3637886129	9997.559	28571.2770023	9496.582	12466.2765788	10497.07	11672.9980024
5.981	57.4482576369	9996.094	26594.7017836	9496.582	11074.5089477	10495.61	11230.3477022
5.982	57.6881562059	9994.629	29909.0244278	9495.117	10203.9441216	10495.61	12951.3775773
5.983	54.655774711	10000.49	26859.7663869	9499.512	9978.93922583	10500.0	10568.5958311
5.984	52.6620361087	9999.023	29184.9530451	9499.512	9081.85990127	10498.54	8886.93981249
5.985	57.1696853224	9997.559	24297.3380251	9498.047	8505.21837205	10498.54	10625.9727753
5.986	56.2731639608	9997.559	26695.4768736	9496.582	10829.8911837	10497.07	11267.7301283
5.987	56.6466591138	9996.094	24521.2923727	9496.582	11435.2756614	10495.61	11350.2451604
5.988	60.4741851563	9994.629	27339.4008162	9495.117	9708.76952519	10495.61	12795.4686009
5.989	57.707699067	9994.629	28665.8464231	9493.652	10634.1413539	10494.14	13424.3998156
5.99	54.3819585073	9999.023	26333.4702474	9499.512	14236.1337688	10500.0	12453.9463421
5.991	56.4686862482	9999.023	29351.3541006	9498.047	11785.3832129	10498.54	13796.3907618
5.992	59.6829787047	9997.559	30496.0811663	9498.047	13004.52376	10497.07	13183.4642815
5.993	54.782537999	9996.094	29010.4363156	9496.582	10880.3106801	10497.07	12576.7101474
5.994	58.8211695078	9996.094	30486.2513679	9495.117	9483.69154763	10495.61	10111.4373154
5.995	56.4447041727	9994.629	32661.1218841	9495.117	11432.7846593	10494.14	13905.3772916
5.996	59.8092292313	9999.023	27732.491504	9499.512	9572.7464988	10500.0	13716.6032926
5.997	53.9055631681	9999.023	25430.0711626	9499.512	9698.13702224	10498.54	9056.2504648
5.998	60.5737853412	9997.559	25980.6907847	9498.047	9271.16326294	10497.07	9386.690423
5.999	58.4121398873	9996.094	19019.304515	9496.582	10920.1034696	10497.07	8890.2408827
6.0	71.8160362775	9996.094	23460.1856498	9496.582	7509.23667302	10497.07	7158.34301118
6.001	60.3217726139	9994.629	20826.3523524	9495.117	9486.02562183	10494.14	8023.80375504
6.002	59.8139860778	10000.49	16309.6641055	9499.512	6759.14359916	10500.0	7785.22819917
6.003	60.0104630997	9999.023	15241.4047386	9499.512	6247.70831012	10498.54	6749.72865549
6.004	55.5401848644	9997.559	16426.6610879	9498.047	7300.67384146	10498.54	6747.51361515
6.005	60.5432350476	9997.559	16474.4868749	9496.582	5072.06103742	10497.07	6790.3982185
6.006	61.8057978264	9996.094	16017.9371231	9495.117	6078.89467934	10497.07	4582.15849781
6.007	56.9034216779	9994.629	11864.8939075	9495.117	6707.30626219	10495.61	6067.78379977
6.008	58.1534344777	10000.49	11860.4231023	9499.512	5854.0310839	10500.0	5272.57211394
6.009	55.6646209511	9999.023	13692.1613897	9499.512	2923.09072972	10498.54	5361.19408577
6.01	59.7744893671	9997.559	12136.1059146	9498.047	5912.09552423	10498.54	5579.80784369
6.011	61.5679561449	9997.559	13941.6039691	9496.582	4093.44931106	10497.07	4319.6816987
6.012	58.4230964655	9996.094	13646.5259859	9496.582	3331.51956231	10495.61	4956.77369972
6.013	59.1436060974	9994.629	9661.28509433	9495.117	5249.44693493	10495.61	4917.69605463
6.014	58.0308507135	9994.629	10299.5706802	9493.652	3332.00641911	10494.14	4648.20236595
6.015	58.735209661	9999.023	9373.44579162	9498.047	2513.9457593	10498.54	2561.58047625
6.016	59.0702673007	9999.023	9123.82514965	9498.047	4472.86670898	10498.54	6037.29300064
6.017	60.9977513027	9997.559	12776.6806794	9498.047	4203.60040105	10497.07	4616.66489293
6.018	60.345752936	9996.094	10486.1296021	9495.117	3749.34014685	10495.61	3784.68375651
6.019	59.1632723937	9996.094	9613.3402586	9495.117	3691.73821893	10495.61	6678.30889389
6.02	59.3531937021	9994.629	14069.2685477	9495.117	4681.88996687	10494.14	6039.5687612
6.021	55.4016046007	9999.023	10310.7681349	9499.512	4513.17431064	10500.0	3024.87924464
6.022	57.3435385504	9999.023	13010.5427933	9498.047	5056.62398064	10498.54	5881.8464228
6.023	59.4600906911	9997.559	14175.7945983	9498.047	6308.20176639	10497.07	4105.6937719
6.024	60.6135088162	9996.094	11884.5691114	9496.582	3984.57761223	10497.07	2986.37499011
6.025	59.9225555807	9996.094	11750.9043963	9495.117	4662.82100889	10495.61	5552.28612754
6.026	59.0988147662	9994.629	11670.7739543	9495.117	4940.7688498	10495.61	4979.53995347
6.027	74.215481234	10000.49	9156.95613261	9499.512	2857.87423287	10500.0	5751.63803257
6.028	60.981764937	9999.023	9705.73010949	9499.512	3758.04736215	10498.54	3086.85653546
6.029	61.3990617426	9997.559	4827.49573993	9498.047	2315.59381465	10498.54	2365.68473018
6.03	56.8701527881	9997.559	3695.46436143	9496.582	1316.43819742	10497.07	1897.4836566
6.031	59.7592241241	9996.094	3800.01663266	9496.582	728.446675144	10495.61	2059.23389143
6.032	58.2165797003	9994.629	3703.2245677	9495.117	1700.2173809	10495.61	1437.07124682
6.033	61.3912228227	10000.49	4413.93430167	9499.512	2376.97335019	10500.0	1210.83823765
6.034	110.558018354	9999.023	2408.48240683	9499.512	2065.41254965	10498.54	2023.00283204
6.035	63.9511673074	9997.559	3630.23814764	9498.047	1896.77290003	10498.54	2124.55168526
6.036	61.5312781498	9997.559	4386.48546418	9496.582	2104.21026557	10497.07	2609.25752715
6.037	60.1881847346	9996.094	3528.37145142	9496.582	1350.19788262	10497.07	1255.21210688
6.038	52.7807989575	9994.629	4690.24382455	9495.117	2037.19590232	10495.61	1281.69693062
6.039	60.5555266264	9994.629	3151.17634218	9493.652	1485.41073839	10494.14	1052.31658606
6.04	55.2639661753	9999.023	2128.90561897	9499.512	1062.06353634	10500.0	1114.70651883
6.041	50.988207278	9999.023	2917.53967556	9498.047	841.92166228	10498.54	1281.20170238
6.042	52.0621296486	9997.559	2823.9089126	9496.582	1384.47969087	10497.07	1048.66619203
6.043	55.1981915712	9996.094	2603.10873371	9496.582	944.295759149	10497.07	768.100029263
6.044	49.1194008542	9996.094	2959.87153447	9495.117	1005.49405339	10495.61	803.707448735
6.045	186.692359844	9994.629	2830.68452905	9495.117	1778.47881378	10450.2	1492.96384435
6.046	46.3592382289	9999.023	2044.79352723	9499.512	1143.3860618	10500.0	1284.48272908
6.047	48.0763032351	9999.023	2604.36385687	9498.047	1123.99098349	10498.54	1555.69809712
6.048	48.3149742087	9997.559	3189.55359455	9498.047	1291.54442699	10497.07	1443.70421359
6.049	45.9285254643	9996.094	3127.81897363	9496.582	1310.90138328	10497.07	1599.57318589
6.05	45.0903514337	9996.094	4715.98529582	9495.117	1512.9541174	10495.61	2111.85332802
6.051	45.7545836331	9994.629	3011.28383921	9495.117	1648.72909081	10494.14	2219.3277285
6.052	45.1909124053	10000.49	3389.37829917	9499.512	1321.81869729	10500.0	1663.51343306
6.053	46.2017249022	9999.023	4295.47102243	9499.512	1317.89286848	10500.0	1401.15644239
6.054	44.3978679136	9997.559	4705.34888506	9498.047	2181.41971682	10498.54	1811.59368003
6.055	46.3412274911	9997.559	6403.41828761	9496.582	2776.57924738	10497.07	3066.89846609
6.056	45.4569125753	9996.094	7708.92595682	9495.117	2261.25471078	10497.07	2660.22249519
6.057	46.1230096405	9994.629	7424.66448183	9495.117	3598.61049882	10495.61	3081.08166565
6.058	44.4916082708	10000.49	7123.68679074	9499.512	4037.02037019	10500.0	3014.38461297
6.059	43.6788561426	9999.023	8090.99568708	9499.512	4003.48205695	10498.54	3565.33856002
6.06	45.8560403674	9997.559	8537.88382362	9498.047	4178.80977579	10498.54	3963.6763272
6.061	43.5688070033	9997.559	9959.22728179	9496.582	4148.65374791	10497.07	4164.52378915
6.062	46.5879705562	9996.094	15087.421944	9496.582	4249.6258058	10497.07	5618.36247179
6.063	45.301357965	9994.629	13300.4781519	9495.117	5588.54006012	10495.61	4823.00668488
6.064	45.9517663652	9994.629	16067.3436948	9493.652	4803.39705013	10494.14	5433.03779043
6.065	47.4986865197	9999.023	13205.8238001	9499.512	5006.84064314	10500.0	5066.15711197
6.066	48.2802674484	9999.023	13234.4000374	9498.047	5951.34170115	10498.54	6711.89400361
6.067	48.9331662153	9997.559	16158.3298683	9498.047	4836.24959481	10497.07	6167.89025346
6.068	47.9537300921	9996.094	11269.6262892	9496.582	6101.3387367	10497.07	5569.24083157
6.069	46.7539990288	9996.094	13196.5329353	9495.117	4559.43725707	10495.61	6925.8861848
6.07	44.5847627131	9994.629	15496.0467448	9495.117	6426.58660128	10494.14	5180.39146438
6.071	46.3354056511	9999.023	15538.5079451	9499.512	5756.80717245	10500.0	4924.15693972
6.072	46.3486549555	9999.023	12303.5447284	9498.047	5357.7699412	10498.54	6820.78734847
6.073	57.4010895631	9997.559	14380.9858731	9498.047	5964.74063897	10497.07	6147.19927938
6.074	42.0223527367	9996.094	13372.6130823	9496.582	4797.29091926	10497.07	5533.29567996
6.075	42.9743912987	9996.094	13033.0406818	9495.117	5038.32574906	10497.07	4507.7068461
6.076	42.2986541441	9994.629	14774.1061339	9495.117	7830.52646555	10494.14	6365.7085491
6.077	44.6365392531	10000.49	11998.853722	9499.512	5819.47688564	10500.0	7391.267036
6.078	44.6943980956	9999.023	17899.1263888	9498.047	6320.63714677	10498.54	5666.06097551
6.079	45.3971076934	9997.559	16419.5325582	9498.047	8923.1151166	10498.54	7153.881897
6.08	562.451056697	9997.559	10970.9406647	9500.977	5253.42508051	10495.61	7047.86169313
6.081	44.5488663289	9996.094	21931.5225096	9496.582	7211.98228588	10495.61	8400.8547351
6.082	43.3654374502	9994.629	22309.2481485	9495.117	9504.07828279	10495.61	8824.23799731
6.083	45.0133872051	10000.49	23081.3291567	9499.512	9302.48088734	10500.0	9418.03014229
6.084	44.5208011503	9999.023	23612.0254647	9499.512	8119.56257559	10498.54	9636.75583379
6.085	47.6238895524	9997.559	20071.4344775	9498.047	10083.3835235	10498.54	12116.1746844
6.086	46.0424133815	9997.559	24640.3330188	9496.582	8443.74214533	10497.07	7850.01858311
6.087	45.6641949401	9996.094	22477.9451348	9496.582	9614.99259551	10495.61	7613.25668291
6.088	52.7432616847	9994.629	19240.0483182	9495.117	10155.5287851	10495.61	10764.9560998
6.089	44.8442253048	9994.629	23066.3534701	9493.652	6514.22868027	10494.14	6237.84327474
6.09	46.3495632281	9999.023	19714.7844447	9499.512	9042.72550789	10500.0	6247.38428701
6.091	46.0298251505	9999.023	12625.0437407	9498.047	6378.02391314	10498.54	7085.03476164
6.092	44.0082417227	9997.559	13726.6668866	9496.582	7627.10528	10498.54	4880.65650929
6.093	46.1843598209	9996.094	10631.3780677	9496.582	5533.40063434	10497.07	4564.12819728
6.094	42.2976582572	9996.094	8916.32647498	9495.117	3706.17525313	10495.61	3528.14424033
6.095	44.0396427593	9994.629	7747.74721764	9493.652	3824.67393595	10495.61	2025.80412342
6.096	44.6554527132	9999.023	4937.53330031	9499.512	1573.05106189	10500.0	2998.74233448
6.097	41.9480974718	9999.023	4408.37210848	9498.047	2365.39705539	10498.54	2373.39206321
6.098	43.6511697133	9997.559	3661.9653869	9496.582	1053.38623511	10498.54	1104.19699333
6.099	43.2933303892	9996.094	4236.96947781	9496.582	1319.85179967	10497.07	1653.69276805
6.1	43.8297952727	9996.094	3468.18567134	9495.117	2412.93501055	10495.61	2241.92166569
6.101	47.172802538	9994.629	6449.20285485	9496.582	921.304158514	10495.61	1236.96216934
6.102	45.2371710879	10000.49	6758.67805515	9499.512	2631.68024826	10500.0	1962.27809344
6.103	44.6116654608	9999.023	9694.93759927	9499.512	3469.09195031	10498.54	3880.87058536
6.104	44.6363165929	9997.559	10112.0730675	9498.047	5303.68107394	10498.54	3886.24522317
6.105	43.8349626082	9997.559	12299.9831206	9496.582	4937.02815828	10497.07	5007.77261589
6.106	44.6416447225	9996.094	18407.1611794	9496.582	6434.51382388	10495.61	7342.54269063
6.107	3255.33966802	10007.81	34652.667121	9465.82	30270.5036442	10545.41	14960.4837808
6.108	43.9474541103	10000.49	23710.1518538	9499.512	10035.2073231	10500.0	12507.1360905
6.109	45.6893243431	9999.023	28710.1275753	9498.047	8833.18773081	10500.0	9822.65809769
6.11	45.7352825312	9997.559	31039.7763041	9498.047	12393.2679827	10498.54	12541.1748306
6.111	38.8038328411	9997.559	33994.9680836	9496.582	13099.4156134	10497.07	16265.8917662
6.112	42.3351874331	9996.094	39737.2936341	9495.117	12082.5205143	10497.07	15166.5538707
6.113	41.3652490822	9994.629	38858.1959477	9495.117	18016.7390845	10495.61	16240.3006286
6.114	39.2648985884	9994.629	44317.6387313	9493.652	14304.85345	10494.14	18581.3344557
6.115	39.9544710887	9999.023	46147.7966581	9498.047	8757.80371704	10498.54	15664.256256
6.116	46.122974538	9999.023	44367.9146906	9498.047	19511.5640191	10498.54	18819.7046872
6.117	38.5123540095	9997.559	50714.3585942	9498.047	16185.7421367	10497.07	20128.332382
6.118	38.6527467656	9996.094	46726.1218065	9495.117	9303.06839054	10495.61	16704.5896325
6.119	38.1229520068	9996.094	46282.1817338	9495.117	19310.9598122	10495.61	21741.261716
6.12	37.316517652	9994.629	50379.1921698	9495.117	18965.7463643	10494.14	21163.5264283
6.121	35.3799424118	9999.023	46103.6655743	9499.512	21252.9780676	10500.0	19539.24177
6.122	39.5489840088	9999.023	48350.8306237	9498.047	18061.3161081	10498.54	21690.2717078
6.123	37.5247328306	9997.559	50500.465158	9498.047	17837.7053713	10497.07	21447.2768548
6.124	37.0444552519	9996.094	44557.2106382	9498.047	11971.5841584	10495.61	15069.6250894
6.125	34.8261797146	9996.094	50898.9751548	9495.117	19177.0241736	10495.61	21350.103505
6.126	35.3018235201	9994.629	51743.1077955	9495.117	19365.9930459	10494.14	19405.8993174
6.127	35.049873532	10000.49	46972.0534763	9499.512	16548.7280218	10500.0	23470.9692215
6.128	34.7716945183	9999.023	52234.6773906	9499.512	16343.8698034	10498.54	20878.7286753
6.129	32.3467849241	9997.559	45638.3742756	9498.047	19167.4587498	10498.54	18237.9210506
6.13	31.9116016222	9997.559	40259.7003801	9496.582	18214.39782	10497.07	18372.9101829
6.131	30.5942070828	9996.094	42262.2333676	9496.582	15819.7705779	10495.61	18566.5169585
6.132	33.9564229298	9994.629	38533.1461286	9495.117	16573.6586257	10495.61	16561.428599
6.133	30.8750270614	10000.49	37498.6069892	9499.512	15563.343366	10500.0	16027.2104444
6.134	104.134647133	9999.023	38013.5072258	9496.582	5246.55351814	10501.46	4507.19116185
6.135	30.9380398219	9997.559	29632.6905083	9498.047	13617.2290455	10498.54	15438.3736124
6.136	28.8528684641	9997.559	29940.3775571	9498.047	11400.0617272	10497.07	9244.20312173
6.137	29.7317574942	9996.094	31997.9604729	9496.582	10829.4140057	10495.61	12065.4744913
6.138	30.1499039699	9994.629	24067.4839785	9495.117	11687.1908842	10495.61	11521.6899288
6.139	28.4042073751	9994.629	25773.1091503	9493.652	9898.85503856	10494.14	12045.0027188
6.14	28.3005862389	9999.023	26069.1313922	9499.512	11526.0102556	10500.0	11027.2786169
6.141	27.7324878182	9999.023	20443.8950981	9498.047	9347.11162574	10498.54	10378.236936
6.142	28.099410439	9997.559	25948.8412859	9498.047	9168.49484594	10497.07	10061.4252659
6.143	28.2741241596	9996.094	25101.3996621	9496.582	10819.5732304	10497.07	8371.66778287
6.144	25.7623334746	9996.094	18898.8934275	9495.117	8881.91057631	10495.61	9668.03109737
6.145	27.5315294335	9994.629	25607.371745	9495.117	10040.5559446	10494.14	9534.8870738
6.146	27.4812207706	9999.023	21016.0522772	9499.512	8567.59658288	10500.0	9996.26730387
6.147	25.4392108693	9999.023	22082.0210938	9498.047	8179.58944521	10498.54	6175.76316639
6.148	27.3360065192	9997.559	25654.1488951	9498.047	9634.48782614	10497.07	9999.9852294
6.149	25.648189672	9996.094	22085.5878118	9496.582	9529.27365374	10497.07	10176.5997498
6.15	25.2398481186	9996.094	25686.2786579	9495.117	8401.20083631	10495.61	7437.07503332
6.151	26.8909159875	9994.629	26023.5739679	9495.117	10094.3345862	10494.14	10289.4575889
6.152	23.5323013736	10000.49	20399.1445827	9499.512	9280.88238508	10500.0	11437.6528198
6.153	25.8006507917	9999.023	26053.0191432	9499.512	8875.12067117	10498.54	8590.44964015
6.154	24.1731422006	9997.559	23587.0786065	9498.047	9574.6412164	10498.54	8647.82490505
6.155	23.0924881102	9997.559	22641.8363534	9496.582	9561.78767511	10497.07	12044.0653802
6.156	24.7026656565	9996.094	24375.3480043	9496.582	8699.10450551	10495.61	9129.53233911
6.157	24.0727024609	9994.629	23369.6025685	9495.117	10456.1168364	10495.61	11159.7372315
6.158	25.1728395478	10000.49	27667.1726206	9499.512	9245.3591179	10500.0	11336.3856825
6.159	23.3604867247	9999.023	27453.4935531	9498.047	7829.0974963	10500.0	10662.7043437
6.16	25.9254260328	9997.559	25225.0885417	9498.047	11392.5620622	10498.54	12361.1217533
6.161	24.0625626359	9997.559	27831.7443886	9496.582	10586.547646	10497.07	15083.1766919
6.162	24.7432040983	9996.094	32709.8707813	9495.117	7738.54571521	10497.07	10303.072379
6.163	24.0370564316	9994.629	27891.8956774	9495.117	14188.7250651	10495.61	14502.5806018
6.164	24.0007071467	9994.629	30912.4115051	9493.652	11757.922933	10494.14	13478.9346325
6.165	24.1951440308	9999.023	32995.3664769	9499.512	12648.1761136	10500.0	12658.5501336
6.166	22.9502838583	9999.023	31199.161956	9498.047	13007.332294	10498.54	15111.7454351
6.167	21.9648831981	9997.559	34990.410341	9498.047	12075.836492	10497.07	13534.2517153
6.168	23.6998728466	9996.094	30893.5147785	9495.117	6368.88853603	10495.61	11242.397557
6.169	24.7448871112	9996.094	28701.0750598	9495.117	11446.4597975	10495.61	14396.846013
6.17	24.3350884994	9994.629	31971.8943004	9495.117	11027.5520536	10494.14	11135.9496351
6.171	22.2901742374	9999.023	26778.9681881	9499.512	11610.687521	10500.0	11408.9440699
6.172	23.8925196369	9999.023	29166.1587042	9498.047	9257.75081348	10498.54	11808.6865326
6.173	24.5489137434	9997.559	26882.870599	9498.047	10354.8999216	10497.07	9113.89226332
6.174	23.3437402584	9996.094	20828.7389889	9498.047	5652.18661223	10495.61	6372.22887474
6.175	21.6491421954	9996.094	23863.4361936	9495.117	10541.5274342	10495.61	11727.4841249
6.176	23.8786133741	9994.629	23549.3399298	9495.117	10106.9792021	10494.14	9598.14409686
6.177	25.6708380857	10000.49	20868.1155698	9499.512	9135.45402643	10500.0	11750.7532077
6.178	26.5186325581	9999.023	22162.8314493	9499.512	6983.20879397	10498.54	8270.42403268
6.179	23.0368817075	9997.559	20007.9200336	9498.047	7814.66556354	10498.54	8611.50825162
6.18	23.4531802252	9997.559	17896.4968676	9498.047	5662.80045252	10495.61	3471.96191297
6.181	23.6092649917	9996.094	19215.890045	9496.582	6219.78363493	10495.61	7409.87945746
6.182	23.8565227413	9994.629	16869.1582599	9495.117	7475.79787919	10495.61	7226.83373383
6.183	22.9757291387	10000.49	16139.3956114	9500.977	6099.87447145	10501.46	3928.32593151
6.184	21.263209078	9999.023	15769.9595885	9499.512	5888.85653337	10498.54	5939.81250002
6.185	22.9963872053	9997.559	13890.5540342	9498.047	5928.33289381	10498.54	6435.14519251
6.186	23.6571020513	9997.559	12948.9399277	9496.582	5445.33962619	10497.07	6837.13025262
6.187	29.4392611293	9996.094	14684.3428674	9496.582	6391.61733187	10495.61	4944.80311721
6.188	24.6630001127	9994.629	13690.9311746	9495.117	5780.75299297	10495.61	6230.92916563
6.189	22.3133163296	9994.629	16213.202167	9493.652	4660.77982725	10494.14	5705.26296258
6.19	24.9195952363	9999.023	14923.1705026	9499.512	5893.93034817	10500.0	6484.87407636
6.191	23.6837649688	9999.023	15105.2852529	9498.047	6384.20381884	10498.54	7471.01784785
6.192	25.6912962513	9997.559	17965.3689836	9498.047	5805.88309534	10497.07	4783.39858276
6.193	24.0310630193	9996.094	16248.0687545	9496.582	7409.03975879	10497.07	7251.93703391
6.194	24.6017284255	9996.094	15361.3121963	9495.117	6979.77184129	10495.61	8408.87203167
6.195	23.6787440538	9994.629	16456.4850119	9495.117	4676.86983102	10494.14	5571.73659505
6.196	25.965478431	9999.023	14686.0135571	9499.512	6531.52684147	10500.0	6200.43646204
6.197	26.4371388311	9999.023	15470.0317424	9498.047	5510.37904055	10498.54	8707.57524885
6.198	24.5689808987	9997.559	17091.9876098	9498.047	7143.96481364	10497.07	6400.55286491
6.199	25.3196544707	9996.094	14820.1485414	9496.582	7364.31264052	10497.07	7255.63920783
6.2	27.3655937578	9996.094	15420.8395358	9495.117	5465.85153627	10495.61	6728.86573697
6.201	27.2398719866	9994.629	17786.4877974	9495.117	7316.52715393	10494.14	6004.7637424
6.202	26.8735754175	10000.49	14799.1690316	9499.512	6922.04127303	10500.0	7743.28001553
6.203	28.1037165715	9999.023	17590.0165474	9499.512	6329.83345139	10498.54	6725.19575869
6.204	26.9302607366	9997.559	16466.3161257	9498.047	6874.68229545	10498.54	6147.86124282
6.205	25.6444274089	9997.559	15505.4201673	9496.582	5865.59717092	10497.07	8342.22719587
6.206	28.9263768184	9996.094	19716.1844518	9496.582	5361.26095247	10495.61	7026.67348722
6.207	28.3968642785	9994.629	17439.1324393	9495.117	8088.93641048	10495.61	6690.35669524
6.208	28.8339272832	10000.49	17538.2846521	9499.512	6352.10755684	10500.0	7930.76612449
6.209	27.1169188731	9999.023	20801.9392919	9499.512	7315.88169184	10498.54	7345.48183059
6.21	6159.56582044	9953.613	35951.993975	9462.891	29899.9378684	10488.28	50648.3756983
6.211	29.2542536895	9997.559	17393.6313538	9496.582	6688.71031977	10497.07	8275.36644508
6.212	30.2886239923	9996.094	18134.3931925	9495.117	4788.87560252	10497.07	6511.80841926
6.213	40.6901127188	9994.629	13342.6716725	9495.117	7742.25726029	10495.61	8299.35844724
6.214	27.8941741725	9994.629	17736.5251864	9493.652	5694.54855248	10494.14	7735.59870738
6.215	29.4128429567	9999.023	16687.4441599	9498.047	3371.19402551	10498.54	5447.53759221
6.216	27.1458345885	9999.023	12726.1146286	9498.047	6883.84900792	10498.54	7186.8816326
6.217	28.1824606391	9997.559	13405.2445874	9498.047	5578.97071925	10497.07	5800.00882487
6.218	29.4573207204	9996.094	11140.0937581	9496.582	5517.05606566	10497.07	5373.26202364
6.219	31.4017251223	9996.094	10799.4231109	9495.117	4916.72096901	10495.61	5818.16585095
6.22	30.8631851182	9994.629	12449.7612718	9495.117	4670.21322803	10494.14	4588.65169118
6.221	29.7512542029	9999.023	9924.09124094	9499.512	3224.05529963	10500.0	4276.28088902
6.222	31.9886815389	9999.023	10340.3183807	9498.047	2818.00601083	10498.54	4164.33301782
6.223	31.5517034423	9997.559	9292.53962496	9498.047	3441.72896492	10497.07	2382.2339737
6.224	31.7529718966	9996.094	6306.4744783	9495.117	1419.64834571	10495.61	1964.00301435
6.225	1923.61663008	9952.148	10882.3219924	9458.496	12149.8290205	10489.75	14653.7806817
6.226	32.8480368478	9994.629	5741.0668157	9495.117	1461.76939068	10494.14	1573.36275123
6.227	31.1291083428	10000.49	3567.23564324	9499.512	2098.59968078	10500.0	1068.46968427
6.228	34.1012489539	9999.023	4982.11260096	9499.512	1774.22552333	10498.54	1442.10877742
6.229	41.5871814726	9997.559	5017.47305055	9498.047	1503.71515244	10498.54	1866.12506152
6.23	32.1748489569	9997.559	3679.80783226	9496.582	1695.18010861	10497.07	999.905034152
6.231	34.2182786674	9996.094	5269.24900964	9496.582	1421.86871698	10495.61	2245.4743837
6.232	43.2419845903	9994.629	2919.88704509	9495.117	2001.00476947	10495.61	1184.2040255
6.233	124.201179545	10000.49	5718.59608094	9540.527	559.689558714	10500.0	1466.2482152
6.234	9494.51769468	9979.98	38139.588489	9525.879	62912.4731519	10451.66	68647.4097747
6.235	57.0330215028	9997.559	2643.00682333	9498.047	1694.18621307	10498.54	1245.07156528
6.236	37.2866201338	9997.559	3527.45297226	9496.582	1209.86409816	10497.07	972.916804543
6.237	36.3501128364	9996.094	2700.28230881	9496.582	1224.65286341	10495.61	1516.31508109
6.238	33.9785387678	9994.629	3708.31602149	9495.117	1961.26385921	10495.61	1334.19642262
6.239	32.8020778914	9994.629	3155.97085362	9493.652	1491.82428658	10494.14	1462.49865989
6.24	37.7464759214	9999.023	4439.26684112	9499.512	2169.97725031	10500.0	1400.7463311
6.241	41.849738189	9999.023	4471.85909166	9498.047	1640.31688885	10498.54	1615.95240084
6.242	43.4290539312	9997.559	4102.54706276	9498.047	1382.72362404	10497.07	2153.78988834
6.243	43.7129457656	9996.094	5066.60689977	9496.582	2913.5549156	10497.07	2139.84021895
6.244	42.2632096497	9996.094	5769.90743725	9495.117	2076.52289535	10495.61	2817.24220752
6.245	44.4056602872	9994.629	5354.68808545	9495.117	2850.76304218	10494.14	2908.1139769
6.246	42.4797353208	9999.023	6848.90988135	9499.512	2507.9297811	10500.0	2665.03372975
6.247	43.1148832911	9999.023	6510.2523964	9499.512	1878.23611679	10498.54	1788.91264941
6.248	40.0834293292	9997.559	6595.39039699	9498.047	2658.01751316	10497.07	3394.99306313
6.249	40.4413877553	9996.094	5288.09377114	9496.582	3422.7797731	10497.07	2966.25862945
6.25	40.8250171006	9996.094	8000.61186443	9495.117	2406.67364964	10495.61	3251.42122213
6.251	40.0737989342	9994.629	6614.02949266	9495.117	3324.22283991	10494.14	2470.58494086
6.252	54.9590638149	10000.49	7164.21380362	9499.512	3415.0479938	10500.0	2428.20205396
6.253	39.5078597672	9999.023	9159.61009819	9499.512	2586.76018217	10498.54	3426.54432862
6.254	39.3309929615	9997.559	7713.7684791	9498.047	3115.41080229	10498.54	2682.56142454
6.255	112.279335471	9997.559	5999.66933639	9496.582	3887.31088912	10497.07	3542.25096359
6.256	39.8671181282	9996.094	9513.82459679	9496.582	3150.31430893	10495.61	2603.08884495
6.257	40.3649407309	9994.629	6766.96128906	9495.117	2641.61911474	10495.61	3339.12226192
6.258	41.5093550083	10000.49	6904.13387586	9499.512	3044.24747316	10500.0	2563.75919229
6.259	41.9267597196	9999.023	7073.01973435	9499.512	2616.52359977	10498.54	2910.126193
6.26	111.955875567	9997.559	6128.56443293	9498.047	2408.61184442	10498.54	2670.09068643
6.261	41.3529161797	9997.559	5991.97289575	9496.582	2903.61082882	10497.07	4080.20184411
6.262	40.0510363965	9996.094	6946.73102576	9495.117	1690.34447189	10495.61	2941.95545229
6.263	45.8527906077	9994.629	5392.36717065	9495.117	2398.60683914	10495.61	3415.89424644
6.264	48.3979397726	9994.629	7414.31960632	9495.117	2303.52344427	10494.14	3633.81580748
6.265	53.6383935923	9999.023	4996.07129953	9500.977	1145.57136824	10498.54	1658.04264967
6.266	47.7497563348	9999.023	5576.58358609	9498.047	1705.13591267	10498.54	2447.16016088
6.267	6643.09876723	10018.07	51374.7226029	9455.566	41310.8207136	10497.07	36064.3063327
6.268	53.1470806552	9996.094	4134.78057014	9495.117	1179.13372359	10495.61	1681.66187834
6.269	51.6777910272	9996.094	5088.67406334	9495.117	1564.80077619	10495.61	2492.45238512
6.27	53.2407763904	9994.629	5778.7250966	9495.117	2752.70593826	10494.14	2448.7504922
6.271	55.4892894586	9999.023	5862.6432735	9500.977	1502.48666068	10498.54	2653.72296042
6.272	56.7218755316	9999.023	5604.77927418	9498.047	2793.86015775	10498.54	3728.95887617
6.273	55.8988144234	9997.559	7261.06234811	9498.047	2865.25213051	10497.07	2333.53696387
6.274	54.4598644295	9996.094	8198.76386123	9496.582	2014.77531075	10497.07	2531.6759548
6.275	54.0106699376	9996.094	7865.37929956	9496.582	3025.0056692	10495.61	4017.39736854
6.276	508.638551766	9994.629	7922.37604155	9540.527	3326.52086113	10453.12	3182.12573772
6.277	57.6841754516	10000.49	6275.35200666	9499.512	3999.305191	10500.0	3637.88742245
6.278	57.1425080626	9999.023	7620.75324473	9499.512	2234.74005396	10498.54	2481.06549295
6.279	100.841340061	9997.559	9774.98317377	9498.047	2093.19093602	10498.54	3727.21240789
6.28	476.878373977	9997.559	8374.48443229	9518.555	3009.05676225	10456.05	3408.98870516
6.281	61.1972863306	9996.094	5120.7878001	9496.582	2419.66649558	10495.61	1730.8100918
6.282	58.5839375158	9994.629	3994.84742102	9495.117	1572.14673839	10495.61	2403.54573719
6.283	63.9005932253	10000.49	3476.83657906	9499.512	1710.44531362	10500.0	1848.57506628
6.284	66.209376189	9999.023	3221.57997233	9499.512	1765.10789744	10498.54	1947.93680745
6.285	3044.42683102	9997.559	20998.7604651	9527.344	10487.3787019	10527.83	30652.8982085
6.286	65.1880727086	9997.559	2157.67889758	9496.582	1055.56869248	10497.07	852.74819801
6.287	68.6077692845	9996.094	1210.51311088	9496.582	997.179427334	10497.07	1578.26859556
6.288	68.3526809391	9996.094	1767.79706639	9495.117	570.00767794	10453.12	439.21271105
6.289	71.343181276	9994.629	1957.99168799	9493.652	847.233500348	10505.86	860.292160218
6.29	67.2128091355	9999.023	1337.57734631	9481.934	457.716914192	10500.0	743.488350039
6.291	73.3716886453	9997.559	1075.99453876	9473.145	509.795536205	10491.21	699.233411261
6.292	70.0469385976	9997.559	1110.47517512	9534.668	561.263572711	10497.07	1179.59404495
6.293	70.3927783339	9996.094	1485.37617777	9496.582	742.366595471	10498.54	747.129418465
6.294	3245.41106904	10016.6	15653.4633619	9546.387	7027.18032932	10549.8	9954.20999582
6.295	110.686160577	9994.629	1123.79983291	9503.906	813.102905886	10494.14	799.365084965
6.296	70.5387744252	10000.49	830.547050749	9541.992	529.293659086	10516.11	748.712155508
6.297	75.419316151	9999.023	1551.03175472	9473.145	442.803567689	10524.9	514.347854946
6.298	67.197301982	9997.559	1261.39744682	9493.652	324.01328516	10498.54	866.397428681
6.299	72.493217853	9997.559	930.448137865	9496.582	1324.49668425	10498.54	916.878491527
6.3	75.9617483975	9996.094	929.711259892	9495.117	869.092429142	10495.61	1200.09729753
6.301	81.6980942289	9994.629	2519.93470598	9492.188	535.197526886	10495.61	1139.72584703
6.302	68.1227051752	10000.49	1856.27012125	9499.512	1043.57629378	10500.0	1220.33860569
6.303	81.3273624803	9999.023	1834.37512811	9499.512	970.421448112	10498.54	1584.9751662
6.304	73.0207032565	9997.559	4413.52840334	9498.047	786.356560299	10497.07	1157.60063326
6.305	52714.3075048	9953.613	635404.745579	9520.02	434078.634666	10517.58	486820.569935
6.306	72.3430065628	9996.094	4835.42226699	9496.582	1400.2097783	10495.61	1874.90591334
6.307	73.7021277102	9994.629	4089.41012986	9495.117	2218.24048171	10495.61	1381.92432466
6.308	71.9729754143	10000.49	3350.66254858	9500.977	2928.74319848	10500.0	1335.23710199
6.309	76.1893330831	9999.023	4419.05574028	9498.047	1788.94373345	10500.0	1201.04572523
6.31	147.580527344	9997.559	4194.42486348	9498.047	2779.3080786	10498.54	1764.7460842
6.311	74.1427594714	9997.559	3023.56546268	9496.582	1441.99164765	10497.07	2641.89586437
6.312	73.8378197918	9996.094	3591.60464399	9496.582	2522.99597968	10497.07	1642.81830454
6.313	93.0880778886	9996.094	2714.44465668	9495.117	1342.40798394	10495.61	937.925419835
6.314	86.850287025	9994.629	3112.69499349	9493.652	1346.16628776	10494.14	1294.78936691
6.315	76.4209414552	9999.023	3136.2465757	9499.512	963.970931752	10500.0	1267.40867383
6.316	76.4763853389	9999.023	2068.9934992	9498.047	902.834041474	10498.54	774.789313897
6.317	79.958801589	9997.559	1822.69307679	9498.047	1176.58252035	10497.07	1104.90471318
6.318	85.4771953396	9996.094	1854.80551162	9496.582	1143.00110637	10498.54	580.622431314
6.319	75.1808054601	9996.094	1059.01383717	9527.344	347.189848682	10495.61	1345.53818355
6.32	72.2623954574	9994.629	707.696255942	9495.117	356.916017204	10494.14	607.316956789
6.321	13931.4292913	10013.67	78093.4679416	9537.598	62644.596528	10507.32	69041.5276293
6.322	77.2183901973	10037.11	635.043071341	9539.062	854.736731463	10498.54	515.523480699
6.323	77.3003957567	9997.559	912.161848916	9500.977	500.065704072	10514.65	425.339664624
6.324	70.805979647	9974.121	544.359948143	9509.766	356.713711202	10517.58	329.806889378
6.325	185.972811994	9960.938	1307.63203085	9496.582	1372.34432497	10457.52	724.479253485
6.326	73.4051692629	9994.629	586.280970523	9495.117	310.55243878	10511.72	277.022477149
6.327	73.3953165554	9953.613	524.662682538	9499.512	874.65039916	10476.56	555.821297124
6.328	80.5951269948	9999.023	846.403221775	9465.82	794.458213921	10453.12	586.526848669
6.329	90.4728710009	10047.36	704.255731472	9515.625	570.319392939	10451.66	925.966794244
6.33	78.6321002071	9997.559	607.674674605	9479.004	386.903043035	10497.07	654.925356829
6.331	82.5758834235	9996.094	1621.21812921	9496.582	600.616212957	10495.61	867.471290934
6.332	74.2691880953	9994.629	1152.28504447	9521.484	445.902504725	10494.14	767.726892545
6.333	73.6387851246	10001.95	1475.08526335	9473.145	507.395167891	10500.0	924.417106477
6.334	79.640312446	9999.023	2054.78755963	9499.512	1825.52977664	10498.54	710.733307265
6.335	77.5460297933	9997.559	2543.89223353	9498.047	1680.98253076	10498.54	754.117993615
6.336	73.9709624157	9997.559	3262.79685423	9495.117	892.72581478	10497.07	1510.95981146
6.337	74.2818908785	9996.094	3922.43246432	9496.582	1289.23278466	10495.61	2316.9486481
6.338	72.9653311927	9994.629	3122.64077699	9496.582	1224.59954624	10495.61	450.478234476
6.339	76.648271301	9994.629	3686.76205739	9493.652	1370.16060777	10494.14	2279.15228178
6.34	80.0444588941	9999.023	2443.28384207	9499.512	1752.6568296	10500.0	2070.22316253
6.341	76.6929046663	9999.023	4203.83526086	9499.512	1861.13143532	10497.07	1114.29632421
6.342	74.0028189313	9997.559	5258.71618519	9496.582	1234.48924218	10497.07	1488.56656041
6.343	77.7614796429	9996.094	6194.72197429	9496.582	2939.30782963	10497.07	3425.30790775
6.344	78.8920071378	9996.094	4888.6009105	9495.117	3440.79822995	10495.61	2044.93973441
6.345	76.7833158044	9994.629	8306.20933912	9495.117	3221.23162307	10494.14	5969.80974609
6.346	83.9851458106	9999.023	9021.89352342	9499.512	5862.21665745	10500.0	3056.08535691
6.347	148.982177836	9999.023	13203.9246011	9498.047	4863.55366204	10498.54	4793.90117201
6.348	88.2365244039	9997.559	13166.518662	9498.047	4560.42356456	10497.07	4466.82019618
6.349	81.9547734864	9996.094	11765.6338639	9496.582	5419.85508828	10497.07	3143.88873002
6.35	169.00015865	9996.094	17556.4356448	9495.117	4760.03457595	10495.61	7488.59902739
6.351	84.6482601975	9994.629	17299.4463591	9495.117	4352.26839575	10494.14	4023.74953678
6.352	89.6050745587	10000.49	15287.5264105	9499.512	6936.19012546	10500.0	7691.10053029
6.353	77.2077427661	9999.023	19482.4683509	9499.512	7762.54575649	10498.54	7551.15265477
6.354	84.1188238061	9997.559	22588.0740588	9498.047	9510.24457885	10498.54	9454.6994604
6.355	87.4599292899	9997.559	23834.3184301	9496.582	11497.9459023	10497.07	13397.456603
6.356	144.549532497	9996.094	33516.5120703	9496.582	8634.67288828	10495.61	13411.3013364
6.357	89.0924574669	9994.629	26640.8821662	9495.117	16234.0938116	10495.61	11481.8784081
6.358	89.9722717399	10000.49	28523.4093619	9499.512	10486.7776265	10500.0	16726.2153173
6.359	87.0896756777	9999.023	36764.9146597	9499.512	12907.2021061	10498.54	10204.7315491
6.36	86.3028489953	9997.559	31098.6970763	9498.047	13000.9831265	10498.54	11808.9450658
6.361	92.9786297888	9997.559	27652.4283249	9496.582	8578.42016578	10497.07	13003.0337991
6.362	89.6762381709	9996.094	29361.6315789	9496.582	11493.0493536	10495.61	10182.3687687
6.363	100.068403456	9994.629	24630.5675942	9495.117	11999.655701	10495.61	12308.3782417
6.364	525.93906025	9994.629	31456.0596348	9495.117	12008.9327407	10495.61	10166.7848023
6.365	88.2736044429	9999.023	26144.7007935	9499.512	9671.93851203	10500.0	7452.98661572
6.366	92.8075645275	9999.023	23342.5887304	9498.047	9884.76418686	10498.54	12102.9819968
6.367	93.6089207677	9997.559	23917.5870035	9496.582	6359.27715638	10498.54	7225.30047263
6.368	87.9487213256	9996.094	25785.7689893	9496.582	11904.2979541	10497.07	10137.4500366
6.369	86.9110580588	9996.094	27687.9471672	9495.117	9882.65318246	10495.61	10775.6467494
6.37	91.978636372	9994.629	31869.8882201	9493.652	10609.4270576	10495.61	8078.07974162
6.371	89.503664238	9999.023	29084.3333293	9499.512	12715.1368268	10500.0	11952.8751952
6.372	81.2836024836	9999.023	30537.915635	9498.047	10636.8806052	10498.54	13520.644959
6.373	87.7696583538	9997.559	31095.060484	9496.582	9608.3215237	10498.54	13074.4315807
6.374	81.0983389754	9996.094	30571.1407165	9496.582	11773.9753069	10497.07	14627.0692625
6.375	79.9597606915	9996.094	37196.8173557	9495.117	13494.0126828	10495.61	16397.0353876
6.376	81.1411511439	9994.629	39294.4485854	9495.117	14718.7378546	10495.61	13903.4303054
6.377	77.8227605418	10000.49	35431.2281955	9499.512	14624.1424741	10500.0	19309.7438369
6.378	83.2479178298	9999.023	45580.6718307	9499.512	13384.3255618	10498.54	17265.5637963
6.379	81.0945818722	9997.559	39911.8457388	9498.047	17154.4806986	10498.54	17741.6546357
6.38	440.669735743	9997.559	52880.973243	9496.582	16206.0595662	10497.07	18687.7277934
6.381	79.6401236723	9996.094	48579.5360368	9496.582	17897.0759986	10495.61	18712.9155768
6.382	80.1617752985	9994.629	44279.6554868	9495.117	10675.6749989	10495.61	16435.1060165
6.383	81.0536728218	10000.49	39449.5268499	9499.512	12722.9120658	10500.0	19210.2618404
6.384	79.2432042521	9999.023	40218.089175	9499.512	17910.7447407	10498.54	15763.7736218
6.385	86.0743650714	9997.559	31991.8397814	9498.047	12089.3786409	10498.54	15047.6597296
6.386	74.7266519691	9997.559	35600.0934191	9496.582	14141.9705966	10497.07	16885.4681864
6.387	74.2371221419	9996.094	32791.1357804	9496.582	13656.6389411	10495.61	14413.9271416
6.388	73.9958784886	9994.629	28300.6483611	9495.117	13537.2522137	10495.61	13452.5259068
6.389	79.4067141177	9994.629	38359.2363397	9493.652	13264.2196353	10494.14	13768.2860754
6.39	80.9247690784	9999.023	32505.1374636	9499.512	11051.171733	10500.0	13814.0303678
6.391	82.029983712	9999.023	31105.4853489	9498.047	13010.3880331	10498.54	13879.8303426
6.392	75.0857954646	9997.559	34144.9977599	9498.047	12870.7621567	10497.07	15649.3521801
6.393	127.585208766	9996.094	36396.2697978	9496.582	10633.5260816	10497.07	13963.6560085
6.394	76.276557219	9996.094	28985.5898735	9495.117	10966.6622182	10495.61	13514.3215491
6.395	87.2778650162	9994.629	31758.2466203	9495.117	14313.7178581	10494.14	11551.8730054
6.396	79.6489499366	9999.023	27194.0670975	9499.512	9817.06467545	10500.0	11174.2148243
6.397	87.8043352586	9999.023	33309.0652479	9498.047	13349.0486515	10498.54	14339.4629652
6.398	111.249405853	9997.559	37183.097379	9498.047	13156.6296741	10497.07	12443.8193803
6.399	330.125608564	9996.094	27035.5635355	9498.047	8750.53617395	10497.07	15501.9796053
6.4	27640.1608507	10025.39	93932.0935488	9462.891	147537.09497	10467.77	313843.507197
6.401	286.997967454	9994.629	43182.0785713	9495.117	18199.0063876	10495.61	14426.995869
6.402	105.269791463	10000.49	39142.8120643	9499.512	15034.9283977	10500.0	22118.3072134
6.403	88.1415913226	9999.023	51521.1013196	9499.512	21056.4865396	10498.54	22315.0454014
6.404	84.8184321385	9997.559	60962.3522322	9498.047	23814.2131851	10498.54	21743.2315345
6.405	87.9438117569	9997.559	59152.2981655	9496.582	22938.8050525	10497.07	26693.4348945
6.406	82.2549121983	9996.094	58660.1780189	9496.582	19153.2381512	10495.61	25600.3731539
6.407	77.1675237011	9994.629	56263.6722484	9495.117	25554.6157385	10495.61	23446.5336916
6.408	73.2531886989	10000.49	56721.4345299	9499.512	21011.5216037	10500.0	27722.2693799
6.409	82.5540536017	9999.023	68427.7779627	9499.512	25350.528893	10498.54	24211.8474954
6.41	176.42187263	9997.559	56061.550979	9498.047	22060.7925811	10498.54	24255.5041993
6.411	77.4559872313	9997.559	62067.9164119	9498.047	21682.379405	10498.54	12889.8551248
6.412	85.4218088354	9996.094	62907.9842742	9496.582	25977.4902238	10495.61	25133.964757
6.413	221.794369035	9996.094	60616.1363656	9495.117	26359.1419269	10495.61	28000.6478862
6.414	87.0987791836	9994.629	63161.6002588	9493.652	19462.1262416	10495.61	15757.8039072
6.415	86.8084783909	9999.023	57165.0456622	9499.512	22817.0245382	10500.0	23032.3178294
6.416	87.8197629171	9999.023	47235.9033452	9498.047	19505.3062075	10498.54	22375.4114034
6.417	86.0953603237	9997.559	53695.4015593	9496.582	17993.2893427	10498.54	16564.5261239
6.418	109.596111759	9996.094	50369.3971323	9496.582	19690.5691756	10497.07	19113.9923648
6.419	86.6188563	9996.094	39195.8557701	9495.117	14340.4567639	10495.61	16032.7279326
6.42	85.1428239649	9994.629	40419.0791648	9493.652	11010.2082715	10495.61	12210.3926011
6.421	85.0556716061	9999.023	29151.6628598	9499.512	12378.658586	10500.0	12031.962099
6.422	90.816451032	9999.023	32008.5392456	9498.047	8115.60495486	10498.54	13994.496169
6.423	81.31957124	9997.559	30976.4560238	9498.047	10577.9784586	10497.07	9343.7563806
6.424	80.765410113	9996.094	23426.3406127	9496.582	9941.77691055	10497.07	11267.549748
6.425	80.3836502462	9996.094	19542.3956718	9495.117	6071.3457759	10495.61	13205.0841466
6.426	82.3560938953	9994.629	18588.8315106	9495.117	8076.34101332	10494.14	7001.43179465
6.427	17973.8101619	9982.91	129744.990628	9462.891	123116.211292	10483.89	303338.157085
6.428	69.6453282122	9999.023	14230.3700546	9499.512	6440.69311005	10498.54	7006.35633737
6.429	70.0998739534	9997.559	11408.8863874	9498.047	4613.84808223	10498.54	5815.92052806
6.43	12716.1627718	9978.516	68009.1038305	9508.301	123729.471718	10454.59	78898.4833695
6.431	76.979783296	9996.094	11814.9415477	9496.582	4651.84302493	10495.61	3080.74869829
6.432	80.7042494791	9994.629	6037.51299485	9495.117	4205.96636364	10495.61	3508.01803784
6.433	91.8106890076	10000.49	6270.86258497	9500.977	2354.56014279	10500.0	2847.36014461
6.434	100.63702424	9999.023	5355.12538646	9499.512	2751.36456573	10498.54	2732.6399269
6.435	94.0153270504	9997.559	3709.39240356	9498.047	1708.30338578	10498.54	3483.40057539
6.436	14390.8416121	10041.5	59202.2490694	9540.527	109241.924972	10472.17	80932.3352206
6.437	93.4080528999	9996.094	6731.78916594	9496.582	2123.85244273	10495.61	3377.15511763
6.438	102.65607557	9994.629	6204.71567291	9495.117	2211.00409041	10495.61	3492.91993686
6.439	107.876831991	9994.629	8580.59179262	9493.652	2082.06116987	10494.14	3086.47457507
6.44	2260.47717155	10042.97	14561.164381	9520.02	17891.7438409	10523.44	13530.427406
6.441	101.04999338	9999.023	10722.331263	9498.047	6396.15875842	10498.54	7301.72018386
6.442	105.689281833	9997.559	14312.3022231	9498.047	4583.35889914	10497.07	5396.45660667
6.443	100.702754879	9996.094	15535.3844169	9496.582	2776.42103361	10497.07	7099.12171366
6.444	98.6106167106	9996.094	18136.1177841	9495.117	5048.42948345	10495.61	8928.78879108
6.445	20167.2520625	9966.797	133419.449949	9461.426	109261.033821	10545.41	157737.890391
6.446	88.6499560992	9999.023	14615.5738253	9499.512	8485.74460225	10500.0	8938.0222651
6.447	85.8101347695	9999.023	15036.3527787	9498.047	5425.88927923	10498.54	6804.17153752
6.448	105.922895402	9997.559	12774.5047327	9498.047	5397.17719858	10497.07	5611.20130005
6.449	81.3329409556	9996.094	13589.3617084	9496.582	5320.79325689	10497.07	7337.43596914
6.45	77.9305276052	9996.094	12715.7891892	9495.117	4459.16230343	10495.61	7972.55366007
6.451	668.113108639	9994.629	23175.6773658	9511.23	4844.32036861	10543.95	5447.36471145
6.452	71.0253321967	10000.49	11758.6750103	9500.977	2516.26042935	10498.54	4241.45539222
6.453	77.7819618163	9999.023	11351.7895579	9499.512	3542.27456863	10498.54	5480.04132792
6.454	3270.36108909	10026.86	23840.3475408	9534.668	15392.3697142	10545.41	22593.056676
6.455	83.9914834897	9997.559	9835.90983559	9498.047	3579.75124213	10495.61	2434.53921318
6.456	75.1465319059	9996.094	9127.99487812	9496.582	3049.88989017	10495.61	3259.48746471
6.457	82.0651953186	9994.629	6683.38346392	9495.117	3218.00238917	10495.61	3049.42997723
6.458	79.4480019521	10000.49	7441.4398291	9500.977	2537.4108517	10498.54	2400.64605206
6.459	76.5876847077	9999.023	6843.18706442	9499.512	3227.66224158	10498.54	2475.94554675
6.46	135.409415863	9997.559	5624.78513044	9498.047	2579.59042951	10498.54	2082.95100147
6.461	75.9790661936	9997.559	4987.50522241	9496.582	2742.71742878	10497.07	2024.22544305
6.462	95.1930653953	9996.094	5867.76046422	9496.582	2028.2768535	10497.07	1631.62277822
6.463	83.3280031443	9994.629	3391.10342481	9495.117	1565.39413096	10495.61	2353.38804879
6.464	74.0194462457	9994.629	2792.77138811	9495.117	1442.14303352	10494.14	1840.0221039
6.465	9714.77189744	9975.586	97510.9355885	9464.355	52390.1831764	10473.63	55397.6316328
6.466	72.431442247	9999.023	3310.41707047	9503.906	662.953619208	10498.54	720.913376679
6.467	69.8466780385	9997.559	2782.12302328	9498.047	1133.79540038	10497.07	604.090436653
6.468	76.552433239	9996.094	2213.75707298	9496.582	499.083098158	10497.07	1038.39203637
6.469	70.5433552012	9996.094	908.164784217	9537.598	662.132138516	10495.61	1004.634697
6.47	77.5659687351	9994.629	1096.74013207	9451.172	517.490854277	10498.54	900.353915653
6.471	69.6709871505	9999.023	1328.62738969	9499.512	1357.5613618	10500.0	1810.24431854
6.472	68.5159577152	9999.023	1821.16867414	9500.977	1039.74322051	10498.54	640.280703043
6.473	68.4132044487	9997.559	3639.54713291	9498.047	1092.65133648	10497.07	920.885879993
6.474	66.286695251	9997.559	3763.07411827	9496.582	560.182997331	10497.07	1515.79068566
6.475	65.3084928862	9996.094	2879.80149172	9495.117	1638.62461612	10497.07	963.021106184
6.476	65.5246108662	9994.629	2435.74276898	9495.117	1353.88269413	10494.14	1390.75482448
6.477	63.4070454201	10000.49	1990.77574403	9499.512	1740.65458655	10500.0	1292.76087907
6.478	63.1211141212	9999.023	3229.84378903	9499.512	932.082200516	10498.54	1603.25675237
6.479	63.2806940549	9997.559	1882.23413151	9498.047	1580.23034093	10498.54	623.198782229
6.48	60.8501327463	9997.559	1480.47922155	9496.582	857.970052029	10497.07	782.691462313
6.481	61.726724106	9996.094	750.205802798	9495.117	625.983375271	10535.16	337.545351147
6.482	68.0971567183	9994.629	2295.93289689	9495.117	746.907826353	10495.61	452.126907394
6.483	59.2737276155	10000.49	1304.54579464	9549.316	274.765480128	10500.0	878.859610046
6.484	56.9453980031	9999.023	953.838991094	9547.852	505.771668822	10500.0	573.541863254
6.485	60.8773611145	9997.559	916.217893104	9498.047	443.238473163	10498.54	671.159679014
6.486	61.9985480494	9997.559	1856.2146412	9496.582	603.691083487	10497.07	706.160890875
6.487	64.6555437619	9996.094	1021.93658345	9500.977	470.967192878	10523.44	404.191267026
6.488	54.4630567762	9996.094	490.577159651	9470.215	287.217483926	10535.16	465.417442303
6.489	58.3801122799	9994.629	550.401492027	9520.02	399.404024127	10494.14	507.409108035
6.49	10600.7252326	10016.6	58072.4599111	9479.004	26030.7564148	10473.63	29739.1285324
6.491	56.4308892014	9999.023	942.325929202	9498.047	407.224632265	10498.54	635.234702026
6.492	55.6686830878	9997.559	1318.63763814	9498.047	511.46590984	10497.07	816.987579606
6.493	56.9327864198	9996.094	1224.92218826	9495.117	602.527778699	10495.61	1023.79066248
6.494	53.2087592392	9996.094	1508.23455759	9495.117	1002.75670007	10495.61	1444.06040487
6.495	88.0142412992	9994.629	2256.88990547	9495.117	1847.73915703	10494.14	1311.11332423
6.496	56.0609974326	9999.023	2988.34227953	9500.977	930.210698653	10498.54	1044.51051904
6.497	49.4285136672	9999.023	3180.33541192	9499.512	907.345484527	10498.54	1873.57340374
6.498	57.3003613697	9997.559	4255.91257383	9498.047	1446.27219775	10498.54	1278.43518111
6.499	50.9189333639	9996.094	3939.72979097	9496.582	1246.92120215	10497.07	1385.41858048
6.5	54.6025911425	9996.094	3302.51256414	9495.117	1797.74547789	10495.61	1263.14171826
6.501	52.7025512626	9994.629	3773.82101927	9495.117	2011.21116013	10494.14	1693.81823576
6.502	50.6582821234	10000.49	4544.55109595	9499.512	1800.66652559	10500.0	2334.72082298
6.503	50.809311569	9999.023	3526.61303482	9499.512	1228.75998051	10498.54	1256.61252571
6.504	52.3800425798	9997.559	5401.06453146	9498.047	2147.20935666	10498.54	1362.84423298
6.505	552.979272171	9997.559	4843.27878533	9522.949	3815.38007755	10476.56	2299.76517158
6.506	57.018268031	9996.094	4663.99447973	9495.117	1677.75086426	10495.61	2897.68964514
6.507	66.7200167048	9994.629	6174.13804453	9495.117	2805.67243683	10495.61	2146.23542863
6.508	79.0816745309	10000.49	5972.05300197	9499.512	2393.27305552	10500.0	2280.2287516
6.509	55.3695833783	9999.023	7799.28142443	9499.512	2518.59373177	10498.54	2096.45773007
6.51	58.0984249617	9997.559	6449.68796779	9498.047	2088.91376449	10498.54	2429.35456482
6.511	138.778370014	9997.559	9677.7486589	9498.047	1494.48612388	10497.07	2613.75611394
6.512	49.7617254211	9996.094	6452.08407676	9496.582	3445.62394329	10495.61	2986.4336102
6.513	55.7033595958	9994.629	6543.17879302	9495.117	2522.68888091	10495.61	3932.53747091
6.514	49.0811979341	9994.629	7229.80184845	9493.652	3487.69892612	10494.14	4603.99789253
6.515	46.8575254245	9999.023	5900.44757899	9499.512	2610.76248069	10500.0	2473.14527917
6.516	50.2625379941	9999.023	5080.22502799	9498.047	1721.28678758	10497.07	1983.17751994
6.517	47.1077531762	9997.559	7808.78544615	9498.047	2467.84053642	10497.07	2377.33991167
6.518	48.8643367226	9996.094	7215.89615036	9496.582	3327.11386294	10497.07	2879.09627776
6.519	48.8043643565	9996.094	8880.15045016	9496.582	3045.43879957	10497.07	1656.93123354
6.52	70.3204243708	9994.629	7015.15837943	9495.117	3606.83811919	10494.14	1725.38106139
6.521	52.6517739283	9999.023	5161.34213996	9499.512	2056.44488505	10500.0	2318.7110497
6.522	48.99453919	9999.023	6416.43918477	9499.512	2492.89191	10500.0	1759.20556089
6.523	52.1569478691	9997.559	4691.21821629	9498.047	2374.02377386	10497.07	2093.97154228
6.524	55.1590848927	9996.094	4226.44421704	9496.582	2380.83863887	10497.07	2685.65474388
6.525	52.2001901301	9996.094	3661.98050284	9495.117	1789.84040562	10497.07	2057.50532587
6.526	52.2344713875	9994.629	3680.21872657	9495.117	947.790790441	10495.61	1633.69313624
6.527	52.1833678458	10000.49	2974.28032874	9499.512	1936.6931356	10500.0	1879.7241499
6.528	57.7902171926	9999.023	3222.46309684	9498.047	705.874571922	10500.0	1497.12894028
6.529	54.0271570874	9997.559	3222.50651012	9498.047	751.775183292	10498.54	1522.12342244
6.53	532.215202888	9990.234	2847.40433932	9480.469	2410.83244039	10510.25	3223.95298209
6.531	59.8840692054	9996.094	893.503408146	9496.582	618.415062933	10456.05	678.906637508
6.532	56.3469685494	9994.629	734.984131889	9473.145	260.43156543	10495.61	444.43741737
6.533	166.770274924	10031.25	1478.86258921	9495.117	1147.69930413	10461.91	1070.31256549
6.534	61.4904965683	9999.023	809.600332042	9505.371	230.744615484	10535.16	419.882247341
6.535	248.438504318	9997.559	1861.55767612	9499.512	1470.65421762	10454.59	1218.90381229
6.536	53.8684216283	9997.559	553.767010494	9498.047	400.610978208	10497.07	563.73638786
6.537	60.4118644288	9996.094	1166.39482524	9496.582	1015.61296738	10495.61	734.248114243
6.538	60.023130592	9994.629	1982.52443329	9495.117	1437.37030625	10495.61	1088.18723215
6.539	59.1494611973	9994.629	1857.98156707	9495.117	901.573072553	10494.14	1201.01902675
6.54	55.8639121391	9999.023	4232.77306535	9499.512	979.2262191	10500.0	1659.42777658
6.541	55.9044322222	9999.023	4554.51683446	9498.047	1219.09330544	10498.54	1520.01193471
6.542	56.7861738542	9997.559	6434.09658757	9498.047	2495.64816519	10497.07	1979.33220526
6.543	62.2543650754	9996.094	5495.17934331	9496.582	2214.00275267	10497.07	2170.19488412
6.544	60.8050407069	9996.094	5639.15893779	9495.117	2460.46184375	10495.61	2979.55975416
6.545	59.7080863242	9994.629	7196.18637959	9493.652	2000.43528897	10495.61	2722.71622598
6.546	57.3023961926	9999.023	7178.9289368	9499.512	3303.45194363	10500.0	2782.71695216
6.547	59.2163090828	9999.023	6823.05076438	9498.047	1572.75990706	10498.54	2965.17286363
6.548	59.4787973556	9997.559	6829.91640066	9496.582	2195.10133095	10498.54	3312.41917543
6.549	74.1586358671	9996.094	4316.98562647	9496.582	2916.72872668	10497.07	3391.84815273
6.55	61.8527872244	9996.094	5135.70888726	9495.117	1769.89800213	10495.61	2437.93760071
6.551	56.7942478162	9994.629	6107.20787139	9493.652	1593.94605267	10495.61	2030.28948152
6.552	56.6943228953	10000.49	4217.45960823	9499.512	1594.84240082	10500.0	2688.64986128
6.553	291.544805447	9999.023	3834.46191528	9496.582	2314.32547945	10472.17	2410.66229294
6.554	54.1434024349	9997.559	3873.1883221	9499.512	828.462265446	10497.07	996.533190907
6.555	58.9530294064	9997.559	5241.83706176	9496.582	1932.16950091	10497.07	1860.92905318
6.556	60.9447746368	9996.094	6029.87894404	9496.582	1478.44674267	10495.61	1952.68479671
6.557	63.3848068099	9994.629	3548.48417448	9493.652	1007.45070618	10494.14	1680.77350792
6.558	67.430658088	10000.49	5536.00074855	9499.512	1779.14253909	10500.0	2591.24650311
6.559	66.1993401532	9999.023	5057.33774098	9499.512	1864.55182192	10498.54	1226.43774328
6.56	63.2180820944	9997.559	3524.19797282	9498.047	1591.1668113	10498.54	1840.05309451
6.561	68.5431839926	9997.559	3556.95453155	9496.582	2628.83898155	10497.07	3272.89092504
6.562	65.2978306896	9996.094	3630.77753079	9496.582	2007.63715313	10495.61	1903.52560749
6.563	65.5507146592	9996.094	3715.83116515	9495.117	1023.52959265	10495.61	2723.22629022
6.564	67.0182295316	9994.629	3614.49798066	9493.652	933.035454609	10494.14	1769.5750357
6.565	71.4524133461	9999.023	4147.71226342	9499.512	1762.84850662	10500.0	1506.98531574
6.566	66.7998712384	9999.023	2920.27176677	9498.047	1384.43679811	10498.54	1685.59952519
6.567	67.9542349401	9997.559	3334.2560311	9496.582	1002.82356444	10497.07	1754.28158744
6.568	67.7658988693	9996.094	3002.75842804	9496.582	1099.79680772	10497.07	2011.99296595
6.569	68.6321376365	9996.094	3133.65070209	9495.117	1673.90868267	10495.61	2241.57133471
6.57	186.244556499	9994.629	2544.2592115	9541.992	1217.98305036	10510.25	1009.58101776
6.571	69.8272025782	9999.023	5035.20858092	9499.512	2372.12606781	10500.0	1929.92350613
6.572	70.0418520102	9999.023	4654.83862125	9498.047	2484.6008159	10498.54	1837.73903194
6.573	66.799849938	9997.559	4815.96926632	9498.047	2740.1895165	10497.07	2693.22913963
6.574	76.5215055691	9996.094	5495.63158415	9496.582	1944.65630258	10497.07	1665.49868009
6.575	70.1255004955	9996.094	8111.18305744	9495.117	2741.40491622	10495.61	3681.05299519
6.576	66.2346100373	9994.629	8958.01735207	9495.117	2868.31841916	10495.61	2345.66543804
6.577	65.5580114579	10000.49	8208.91629753	9499.512	2818.44095726	10500.0	2795.31880861
6.578	70.1944572701	9999.023	9131.47844367	9499.512	3915.43707267	10498.54	4535.45008137
6.579	63.8309962709	9997.559	8918.35420326	9498.047	2960.81960501	10498.54	4460.79915245
6.58	62.8401764924	9997.559	7528.9944045	9498.047	3279.06360039	10494.14	1927.34952806
6.581	64.0080921039	9996.094	8044.61250654	9496.582	4714.89005195	10495.61	3669.02774435
6.582	68.7140974327	9994.629	8859.05088996	9495.117	5441.81359898	10495.61	4108.22949466
6.583	66.7483112748	10000.49	8968.68905036	9500.977	3816.67538441	10498.54	3116.01455123
6.584	71.8392894873	9999.023	11465.1093119	9499.512	4295.08585594	10498.54	3532.6145015
6.585	69.2068617727	9997.559	10100.218468	9498.047	3670.47933846	10498.54	5725.33461535
6.586	68.7724729392	9997.559	13331.3503967	9496.582	2591.1458233	10497.07	4984.00006172
6.587	8266.25264718	10048.83	35700.3663	9509.766	81541.5071275	10456.05	25431.3761853
6.588	69.6888248059	9994.629	9191.69636823	9495.117	6120.90264981	10495.61	2342.07641311
6.589	69.6208837227	9994.629	12180.9020008	9495.117	4306.00587564	10495.61	3394.58288807
6.59	67.8377954938	9999.023	8765.69347008	9499.512	3072.1647773	10500.0	3186.691349
6.591	78.7743605871	9999.023	8629.31520634	9498.047	4717.06741465	10498.54	6615.09599822
6.592	75.732839779	9997.559	7495.06231371	9498.047	3400.17599303	10498.54	4076.35810813
6.593	70.3937062012	9996.094	7473.0578372	9496.582	4040.2982944	10497.07	4633.54548302
6.594	68.2891705384	9996.094	7224.26666566	9495.117	2541.92761939	10495.61	2818.10728528
6.595	72.6591975525	9994.629	7567.76705291	9495.117	3069.97770878	10494.14	2450.83749268
6.596	722.851307833	9999.023	13425.9377734	9483.398	4335.47698262	10501.46	4166.65823162
6.597	78.074547333	9999.023	6344.95846735	9498.047	1947.3793753	10498.54	3883.07484303
6.598	75.8948448601	9997.559	9545.92167276	9498.047	2210.13103607	10497.07	3181.13306933
6.599	179.374213097	9996.094	5437.83850147	9496.582	2462.96358716	10497.07	3977.68555716
