


# No RF power on sample
5.5	244.849828741	10018.07	837.959770964	9509.766	992.324609539	10497.07	1891.87006014
5.501	1.16955712248	9966.797	6.02512107857	9522.949	6.82033548564	10502.93	4.36804580201
5.502	1.05377370688	10001.95	4.76558312826	9527.344	5.63220813065	10502.93	11.3861510117
5.503	1.08271661549	10032.71	9.23086616786	9524.414	4.93532196661	10476.56	5.43445261339
5.504	1.05532496762	10026.86	7.62287553326	9530.273	7.86912331048	10519.04	7.05462170914
5.505	1.07032055994	10047.36	5.4543213739	9500.977	4.08301781591	10467.77	7.47584660523
5.506	1.07334935447	9979.98	9.30587215822	9527.344	5.97578673788	10501.46	9.09694922078
5.507	1.17103686161	10000.49	6.67743975188	9493.652	6.2590203906	10458.98	9.86665653631
5.508	1.12663890123	9988.77	7.12543949723	9537.598	8.06752849439	10485.35	4.70681799176
5.509	1.08400957132	9984.375	6.06937821982	9517.09	5.99473692291	10463.38	7.38622448636
5.51	1.08686131804	10010.74	7.37693148992	9511.23	5.18848370381	10517.58	8.2737214273
5.511	1.09811252816	9958.008	5.46872153702	9467.285	7.50916568783	10451.66	7.42592142543
5.512	1.13462315443	9978.516	5.79507520677	9492.188	7.49869011811	10521.97	7.9199851169
5.513	1.10435717401	10009.28	9.14043744428	9530.273	8.70349575858	10457.52	6.09958377281
5.514	1.10787760828	9996.094	9.04104101321	9471.68	13.7091454507	10488.28	5.68483187525
5.515	1.19999663906	10016.6	4.88890277747	9541.992	5.47172419431	10542.48	8.95232876741
5.516	1.15882655819	9996.094	5.56682089432	9454.102	3.39223141089	10485.35	8.71952067063
5.517	1.14000968605	9952.148	7.52199489902	9490.723	8.9652445295	10516.11	6.78115845068
5.518	1.17092566258	9952.148	9.81258461616	9468.75	3.6960369679	10527.83	5.36697210226
5.519	1.06983768551	9987.305	10.9218225526	9479.004	3.32909708118	10492.68	6.44990845236
5.52	1.12911808675	9987.305	6.69967955891	9457.031	6.71716541752	10467.77	6.89538617013
5.521	1.07034676486	10035.64	6.38514592073	9499.512	10.3976546784	10521.97	5.37632977897
5.522	1.13109606335	10015.14	5.9368397627	9521.484	5.45092338333	10473.63	4.65710026307
5.523	1.15992806819	10044.43	5.65421960448	9483.398	8.50046421526	10524.9	10.1005779804
5.524	1.08300831845	10045.9	5.67382782746	9522.949	7.81619137888	10542.48	10.7167580589
5.525	1.13438578461	10021.0	5.87286475301	9521.484	6.60513480257	10467.77	7.04863954516
5.526	1.16297439699	10034.18	7.18502117496	9454.102	6.62663782302	10460.45	12.2271516944
5.527	1.13162217778	9982.91	8.25440283023	9451.172	6.76597000248	10530.76	6.35325511205
5.528	1.13247236047	9981.445	10.3625649874	9512.695	8.69432339204	10450.2	6.01089744638
5.529	1.17743750429	9972.656	7.2365186649	9486.328	2.97283248433	10524.9	6.80828494229
5.53	1.20178874479	10044.43	7.16980380799	9498.047	7.01664183508	10463.38	6.64222909021
5.531	1.08688208109	9977.051	6.58027504857	9536.133	12.4078961633	10507.32	8.29304762516
5.532	1.21610214999	9996.094	7.1502101821	9524.414	10.1190306695	10482.42	9.3220697614
5.533	1.20269033456	10015.14	9.00829993911	9462.891	7.24227036871	10507.32	8.59963026827
5.534	1.21159779602	9978.516	10.7586573986	9534.668	5.16979427149	10488.28	12.9024128569
5.535	1.14781959041	9993.164	8.74583943142	9493.652	8.61804354712	10450.2	12.0533197078
5.536	1.1601925263	10042.97	4.81810067518	9470.215	7.38622400031	10492.68	7.99848520318
5.537	1.19415376325	9981.445	5.71894816876	9517.09	6.93825294356	10507.32	7.44326825064
5.538	1.20147713501	9959.473	7.5983356007	9541.992	10.4562913617	10513.18	7.24722531471
5.539	1.17173323869	9955.078	7.57320177056	9477.539	5.58230169484	10464.84	7.6446493016
5.54	1.22574216182	10022.46	4.35582670439	9511.23	6.39999556274	10502.93	8.35149698071
5.541	1.11461195335	9953.613	9.18074795666	9462.891	8.29464620828	10535.16	8.20916661969
5.542	1.19674563247	10018.07	7.46423898118	9518.555	9.46787192193	10501.46	10.4493569127
5.543	1.13167521576	10029.79	6.57300722526	9452.637	8.30417816273	10521.97	4.81680687792
5.544	1.09770038142	9972.656	10.1219861336	9515.625	7.79759366151	10543.95	10.3098750386
5.545	1.15720485464	10007.81	9.25600368225	9512.695	6.07963746511	10508.79	6.95732584459
5.546	1.1946449878	9996.094	5.31782167565	9514.16	4.56651726134	10472.17	11.6497149967
5.547	1.11975538556	10045.9	12.2587805775	9487.793	5.32596497935	10507.32	10.1825289247
5.548	1.1433116382	10038.57	7.0194703106	9489.258	8.05069391015	10497.07	9.5043567836
5.549	1.13191699046	9965.332	4.55930270624	9464.355	7.95035988626	10516.11	7.48329669398
5.55	2.9252216339	9997.559	15.2269885971	9500.977	18.1893580881	10517.58	23.9736865211
5.551	1.16927686205	10042.97	6.69944232919	9467.285	6.87119118597	10494.14	9.27249568533
5.552	1.19616981277	10016.6	7.16112505061	9541.992	6.36029267319	10476.56	9.91149550698
5.553	1.16028928558	10012.21	7.42645047013	9495.117	8.86663987867	10526.37	8.60765472741
5.554	1.0998033385	10015.14	4.50153830838	9477.539	7.02462549489	10542.48	6.85266900414
5.555	1.03344969538	10041.5	8.51681504289	9496.582	6.15646394513	10480.96	6.17613199142
5.556	1.08449046764	9953.613	6.31978098374	9495.117	10.9728606209	10546.88	5.91108120676
5.557	1.07600561561	9971.191	7.80262249268	9454.102	4.6484636186	10538.09	7.27743633907
5.558	1.06556854249	9988.77	5.01932626021	9514.16	4.26459783287	10492.68	9.01069912469
5.559	1.14470029246	9956.543	5.91270492608	9477.539	6.68555909842	10532.23	7.64374697468
5.56	1.05802612883	9999.023	7.97509885569	9479.004	8.03583318767	10458.98	5.5514133821
5.561	1.05829320543	10045.9	8.87792175334	9503.906	7.91209093172	10543.95	9.4997759606
5.562	1.07038927659	9982.91	5.34722920795	9530.273	8.15525234236	10533.69	5.0574750744
5.563	1.04281294943	9952.148	3.26734865747	9534.668	6.78587612728	10457.52	6.25829562585
5.564	1.17498789797	9981.445	5.52119939386	9481.934	4.32233623487	10472.17	5.62610764926
5.565	1.06715043822	9974.121	6.94820282619	9499.512	6.37833176293	10545.41	6.5987003175
5.566	1.12372080109	10044.43	5.44551559191	9503.906	6.73807419995	10470.7	5.20192855507
5.567	1.0748293576	10025.39	4.4282554154	9537.598	5.60888052828	10463.38	10.9121065999
5.568	1.04657897025	10019.53	7.05495369933	9502.441	7.48949876856	10535.16	8.13220665465
5.569	1.15852818742	10025.39	7.10533607942	9468.75	6.99179874877	10485.35	8.95487518745
5.57	0.998134701717	10044.43	5.17005699912	9536.133	8.54664301138	10520.51	9.20799553317
5.571	1.13663911764	10007.81	6.51563025363	9461.426	4.5631945532	10517.58	8.03826574671
5.572	1.09876406811	10032.71	7.42795771268	9511.23	6.18654935621	10491.21	7.03271409624
5.573	0.996761154074	10044.43	7.89859303357	9462.891	14.8302368805	10505.86	7.02878856097
5.574	1.0627023591	9978.516	7.55494700206	9471.68	10.7625642242	10507.32	5.7286486376
5.575	1.11364791097	10048.83	4.85417181066	9496.582	5.72285916488	10527.83	4.8921023313
5.576	0.994364950532	9952.148	5.84976378184	9452.637	5.5638934713	10492.68	7.75618098839
5.577	1.01400864654	9987.305	6.66341782274	9500.977	11.2082137103	10532.23	6.4232630344
5.578	1.06900130377	10026.86	8.33334513295	9490.723	4.7323423673	10461.91	8.14903780626
5.579	0.994626632619	10007.81	4.876389648	9500.977	5.47909737242	10501.46	9.07008344658
5.58	1.07623456423	10037.11	6.78713448803	9454.102	8.47226455948	10479.49	6.55141355251
5.581	1.00647011444	10045.9	8.78227730367	9533.203	5.71863681778	10464.84	5.60730668007
5.582	1.0894685234	10029.79	5.91602776698	9508.301	7.54156189373	10472.17	3.60451881755
5.583	1.06472353935	9972.656	7.98631150462	9495.117	13.1322154373	10495.61	5.58354290585
5.584	1.05200417317	9955.078	7.9837666608	9459.961	6.48813509491	10492.68	9.48124109788
5.585	1.08321184046	9972.656	4.59612543624	9468.75	6.19809213905	10541.02	5.26861273253
5.586	1.11090640385	10038.57	9.18763926062	9547.852	8.65551886772	10507.32	5.92808409814
5.587	1.08782661728	10031.25	7.32226621878	9455.566	8.40079929978	10508.79	7.30966808893
5.588	1.0584848592	9952.148	5.90348440172	9520.02	5.94063160532	10486.82	9.22247625339
5.589	1.02198176532	10019.53	6.04614367473	9503.906	5.99838336562	10476.56	4.85951693268
5.59	1.13504847029	9997.559	5.46974676316	9539.062	4.36794020329	10491.21	5.82006676838
5.591	1.0917685207	9956.543	7.752474697	9458.496	4.71111136368	10461.91	7.03696268616
5.592	1.05057618126	9991.699	5.65824268553	9481.934	6.04715707299	10480.96	7.13181251764
5.593	1.00893783463	9993.164	11.2677628567	9457.031	6.20931692453	10495.61	6.770717546
5.594	1.01457942312	9960.938	6.93146421248	9508.301	7.41594146227	10497.07	10.5400977248
5.595	1.03508621609	9984.375	4.83639875095	9502.441	3.18051999409	10464.84	9.07895468782
5.596	1.11976827241	10010.74	10.8058203472	9517.09	14.3665806647	10492.68	5.34159959094
5.597	1.05970922094	9962.402	5.09806053291	9537.598	5.01843167726	10526.37	8.96622009538
5.598	1.04529561276	9958.008	15.5018551457	9537.598	8.25902831639	10461.91	9.67949790624
5.599	1.04077721605	10026.86	7.70110548812	9471.68	7.05484967427	10521.97	7.34186802651
5.6	1.12774986669	10041.5	6.31368329823	9483.398	7.57944928991	10483.89	11.6357665513
5.601	1.1303453171	10029.79	6.77098535649	9483.398	6.99001647295	10463.38	5.05628604042
5.602	1.09414884502	9953.613	9.57436517877	9492.188	5.72094464443	10483.89	6.55519586258
5.603	1.09899911072	9993.164	9.94288849071	9536.133	7.1522834894	10539.55	7.27968711359
5.604	1.04382761465	9968.262	10.4091702257	9525.879	9.43258675188	10538.09	5.41497657011
5.605	1.02443195081	9985.84	9.37432570042	9493.652	7.36501964998	10543.95	7.38701914777
5.606	1.03392131101	10019.53	8.70238507552	9547.852	8.34468680285	10467.77	5.69693789885
5.607	1.01394390589	10022.46	7.44706493436	9515.625	5.95572275428	10492.68	5.39314351763
5.608	1.12342301488	9993.164	5.45111520084	9514.16	5.57696369729	10502.93	7.9751018541
5.609	1.20049463767	10029.79	5.51600546784	9514.16	6.06115454402	10492.68	5.37266787494
5.61	1.17709414957	9971.191	7.13378119605	9486.328	3.96021423567	10504.39	6.38859512789
5.611	1.09026550835	10023.93	4.78071751055	9476.074	7.74914053185	10533.69	4.42784194972
5.612	1.09520835549	10016.6	6.48422751687	9537.598	6.71516880336	10532.23	4.9405312718
5.613	1.1671643295	9968.262	7.19268489051	9525.879	5.5316753538	10488.28	6.72007458043
5.614	1.15301340338	10001.95	3.72172925385	9499.512	7.68611576071	10508.79	4.57842272698
5.615	1.18354477671	10041.5	8.47494111776	9544.922	5.48861911137	10456.05	7.57643369901
5.616	1.16749427682	10016.6	8.68656560574	9476.074	4.15418880006	10527.83	5.81463248991
5.617	1.15510457892	10035.64	7.6175367789	9530.273	12.869205147	10478.03	6.06559310487
5.618	1.16002663217	9996.094	8.05647007477	9454.102	6.68364153014	10454.59	8.06165725047
5.619	1.10039245935	10010.74	4.19060059866	9525.879	5.68016706422	10472.17	7.79469132862
5.62	1.16761369303	9968.262	5.6888821874	9506.836	12.8732550306	10494.14	8.77580625344
5.621	1.21785194185	9963.867	6.99201630779	9539.062	6.7908153076	10516.11	10.3213827756
5.622	1.19018112313	9968.262	8.33786869886	9457.031	8.13686608627	10497.07	7.27640134949
5.623	1.23685352746	9955.078	9.4321950862	9528.809	7.17215846565	10513.18	10.1241491003
5.624	1.15948025888	9994.629	7.7714675336	9451.172	6.35397880977	10504.39	10.4627471371
5.625	102.798563961	9956.543	532.627628813	9527.344	369.252114703	10469.24	402.971507629
5.626	1.17905286692	10035.64	7.72277908102	9518.555	5.4895545588	10521.97	6.79004199392
5.627	1.30785293503	10018.07	8.13770328237	9515.625	6.2038325102	10450.2	5.34071938924
5.628	1.24292991801	9988.77	12.4671346714	9471.68	7.57954607566	10497.07	10.5396739971
5.629	1.31819961709	9987.305	10.424392222	9471.68	9.10509615456	10523.44	5.90008677225
5.63	1.37238175485	9981.445	5.26045024827	9452.637	8.26868763591	10453.12	9.48295044644
5.631	1.25684886659	9982.91	7.86306033841	9506.836	10.4722547674	10535.16	7.38553581455
5.632	1.36284600881	10021.0	8.70080159393	9471.68	6.43461462966	10469.24	7.06274815311
5.633	1.41081016494	9997.559	6.16280959676	9490.723	7.18135947024	10450.2	8.56683213349
5.634	1.47225358462	9985.84	7.63918602116	9521.484	8.4471745039	10539.55	8.4910417169
5.635	1.41098895435	10025.39	7.89055735751	9471.68	10.2388586621	10542.48	8.12127303308
5.636	1.39751148158	10028.32	12.4401183207	9451.172	10.767764329	10457.52	11.053707246
5.637	1.4221276148	9996.094	6.37043771413	9461.426	7.39124775364	10463.38	12.0040938967
5.638	1.47713892654	9982.91	8.54541995899	9515.625	15.0882093649	10486.82	9.71535272822
5.639	1.52758809561	10028.32	8.35625001621	9470.215	7.68212744589	10491.21	8.88324077056
5.64	1.55450031691	10025.39	7.51381893068	9531.738	9.11292724239	10456.05	10.0985102937
5.641	1.64472971741	9956.543	11.1554056054	9452.637	9.42312686621	10532.23	9.05624864469
5.642	1.55393939376	10000.49	10.4941664131	9503.906	11.2227468464	10492.68	13.3020111083
5.643	1.57245421502	10023.93	8.91639178249	9481.934	14.687606851	10535.16	11.4736857309
5.644	1.62161079668	10006.35	9.48551624779	9549.316	8.93169869114	10520.51	7.24670613585
5.645	1.63611878122	10035.64	9.41862980117	9543.457	12.3927132348	10523.44	8.69063828915
5.646	1.77878657257	9999.023	12.0557515571	9541.992	9.55691453984	10456.05	9.34182923831
5.647	1.78231861401	10031.25	14.596606344	9483.398	14.3044546932	10486.82	19.1113478899
5.648	1.84095605448	9959.473	8.83843059207	9508.301	19.569955721	10491.21	14.9719123321
5.649	1.75353875574	9966.797	11.1586223634	9505.371	9.98888613337	10475.1	13.0488977453
5.65	1.92478597951	10040.04	7.12040249232	9534.668	11.5407026166	10456.05	15.1404591549
5.651	1.9227630733	10021.0	14.2167623878	9524.414	10.7594428971	10478.03	11.144599642
5.652	1.92885962432	10029.79	10.2803756942	9546.387	14.2051116654	10498.54	12.1831142461
5.653	1.96463386934	10007.81	9.61935238786	9495.117	11.6881059075	10517.58	16.5026345987
5.654	2.06560571098	9987.305	13.330514261	9492.188	10.712865678	10530.76	15.9910296397
5.655	2.24225015718	10000.49	12.8529302719	9546.387	10.0202230989	10546.88	13.5266991382
5.656	1.95250866624	10029.79	28.4815022392	9508.301	11.9247101642	10520.51	15.6560230459
5.657	1.98201947855	10013.67	12.5119443474	9499.512	11.3019138172	10461.91	12.3991138257
5.658	1.97795533289	9990.234	16.0366662424	9546.387	12.9610869377	10494.14	12.5040266683
5.659	2.07604270894	10026.86	17.4292543515	9462.891	15.1264096427	10491.21	9.75296776161
5.66	2.011549377	9984.375	21.1039681583	9508.301	13.194895069	10479.49	14.1968733364
5.661	1.92243081967	9982.91	33.1362312636	9493.652	10.07180266	10457.52	16.3312363551
5.662	1.96810290589	9969.727	16.1839713587	9517.09	12.3799348569	10491.21	21.3764288602
5.663	2.00806590043	9994.629	13.3342123325	9536.133	20.7880959896	10527.83	10.5069051564
5.664	1.87787436476	9988.77	12.0548706026	9539.062	9.31443024787	10521.97	8.22214919839
5.665	1.93509944713	9963.867	12.2853790539	9490.723	9.06055184695	10521.97	10.1812884952
5.666	1.85485707687	10038.57	11.9316073251	9490.723	13.4185255825	10535.16	21.3087829369
5.667	1.83258976463	10010.74	19.4069948566	9537.598	14.4046061923	10494.14	15.9577836096
5.668	1.90974845365	10026.86	13.2173076979	9540.527	13.4751337095	10476.56	13.789075935
5.669	1.83877172296	10022.46	11.909845182	9508.301	9.32187371339	10535.16	12.716244213
5.67	1.77870578165	10037.11	8.78443100156	9527.344	9.74326512107	10507.32	16.4946010693
5.671	1.70247487395	10045.9	20.8139775304	9534.668	6.68006376671	10542.48	8.15746804415
5.672	1.71091157278	10037.11	8.87894042706	9484.863	15.8870052346	10500.0	11.9030807854
5.673	1.60259141776	10038.57	14.9808868563	9480.469	9.61870692843	10548.34	14.259823114
5.674	1.59451044455	9977.051	7.22980332587	9454.102	8.21082864876	10511.72	5.5757135678
5.675	1.43051699701	10019.53	14.1967394888	9490.723	11.6006356403	10497.07	9.35787229566
5.676	1.50538977313	9960.938	9.75521106573	9483.398	10.083117889	10480.96	12.0390652251
5.677	1.43826126504	9966.797	11.0523988431	9518.555	10.5126094246	10486.82	9.31435796955
5.678	1.44678270596	9991.699	7.04230121678	9499.512	7.52402663902	10489.75	8.06381985753
5.679	1.36775080149	9978.516	10.1123443166	9512.695	9.00982835069	10533.69	7.84777932578
5.68	1.43187190724	9962.402	13.3605365178	9514.16	6.41423279878	10466.31	10.3057577112
5.681	1.33071526294	9974.121	9.60453677708	9511.23	11.4761205987	10450.2	12.3500317263
5.682	1.23214226532	10001.95	6.22594589821	9530.273	7.77271861108	10466.31	10.0229567236
5.683	1.25741863317	10007.81	9.39059908199	9514.16	8.61476975009	10539.55	12.0973032406
5.684	1.19596775504	10012.21	6.76712566701	9544.922	11.0644335027	10520.51	6.02419244477
5.685	1.19572806371	9953.613	5.28528672042	9533.203	4.92875394397	10510.25	10.2813547305
5.686	1.17601212038	10040.04	6.24261540939	9479.004	6.56938564743	10520.51	7.29003248931
5.687	1.07212731273	9962.402	8.60097958842	9525.879	8.27453346653	10541.02	6.10414067279
5.688	1.08002089791	10031.25	6.58080171339	9477.539	4.21729161161	10504.39	5.33508921886
5.689	0.959820072192	9972.656	5.48336855593	9461.426	6.07285575269	10508.79	6.50177780579
5.69	0.975563616312	9991.699	6.378812674	9531.738	5.36219902964	10524.9	6.6348793666
5.691	0.961813106775	10000.49	4.7540946721	9481.934	5.78829576074	10504.39	9.71461242933
5.692	0.909813991087	10000.49	3.21782117531	9492.188	8.30814989136	10453.12	8.41133874589
5.693	0.894792404461	9978.516	6.32440078247	9509.766	3.82618792591	10469.24	6.2911127294
5.694	0.868699758924	9993.164	4.21920474829	9512.695	4.86080948363	10500.0	4.3160327887
5.695	0.852695438807	9985.84	4.86039257725	9533.203	5.08512665787	10511.72	4.70832461401
5.696	0.823910888804	10013.67	6.06809654548	9474.609	5.44506266951	10494.14	6.84354135494
5.697	0.857313990363	9956.543	7.21273276126	9486.328	3.26693998284	10545.41	5.19468302521
5.698	0.753856343011	9953.613	5.37306661476	9471.68	5.45169880576	10488.28	3.59776879776
5.699	0.759009398462	10021.0	4.55177058615	9487.793	5.5677892524	10486.82	4.35941410719
5.7	50.6605897246	9985.84	227.436696575	9467.285	167.674748789	10511.72	156.589662133
5.701	0.672279914622	9985.84	5.02583163906	9540.527	4.57945177651	10456.05	2.75120470353
5.702	0.634210303901	10007.81	3.33348692907	9500.977	4.25555737171	10494.14	5.66731358815
5.703	0.689931295444	10040.04	5.64384826337	9539.062	4.82698402363	10495.61	5.11486397527
5.704	0.670650745676	9991.699	5.76433413444	9512.695	4.6158221202	10505.86	7.43506613514
5.705	0.653488025497	9981.445	7.26974626571	9544.922	3.27595767316	10517.58	4.05429378351
5.706	0.65491122986	10003.42	5.01751046668	9492.188	3.99723916214	10508.79	4.88555776152
5.707	0.626322372533	9982.91	3.53457274711	9467.285	3.66805946085	10478.03	3.22542998286
5.708	0.574091274229	10012.21	3.56255411297	9543.457	3.50430060288	10475.1	4.08952845048
5.709	0.591338371803	9952.148	2.74724271591	9539.062	3.59008747111	10546.88	3.53124999879
5.71	0.581460862261	9985.84	3.19384596208	9530.273	3.32382383827	10463.38	3.76428571469
5.711	0.576125531586	10022.46	2.58010965861	9489.258	3.19811092674	10466.31	3.94979226802
5.712	0.511190689482	10045.9	4.5379222862	9505.371	6.22833414916	10488.28	2.19696492728
5.713	0.57975239318	10047.36	3.74461883067	9451.172	1.93627632814	10494.14	3.0886242727
5.714	0.558214130484	10010.74	2.6148758035	9503.906	5.06507845338	10454.59	3.09056992609
5.715	0.52717801003	10019.53	4.34631059212	9493.652	4.22684039845	10543.95	2.93890766812
5.716	0.53545201409	10041.5	2.48865369548	9458.496	2.52723207533	10485.35	4.22955580186
5.717	0.517871479379	9969.727	4.09299413125	9525.879	3.99017069947	10491.21	1.98376617766
5.718	0.506974062189	10023.93	2.41316080776	9479.004	3.23325618085	10543.95	2.82314675192
5.719	0.507471129562	10045.9	4.99417086258	9505.371	1.55115130648	10489.75	3.57912143516
5.72	0.480274887151	10038.57	3.20411537937	9484.863	2.41284027192	10500.0	3.00132042607
5.721	0.482325596502	9958.008	3.13045821086	9492.188	4.46715895044	10492.68	4.68573302685
5.722	0.485174196089	10016.6	2.29662125272	9505.371	3.1353890903	10498.54	3.12436088749
5.723	0.477253906448	9968.262	3.77970394536	9498.047	3.67899523136	10497.07	2.25323719427
5.724	0.504477266022	10031.25	3.76712424544	9520.02	3.0591007974	10453.12	3.67163526592
5.725	0.486969871341	9966.797	2.50756031938	9546.387	3.81297932857	10453.12	3.42042037164
5.726	0.487982096558	9950.684	3.18885502323	9503.906	2.99863447631	10463.38	3.04930018247
5.727	0.488926961811	10016.6	2.51917973391	9493.652	4.96052466909	10498.54	2.90745197979
5.728	0.446610701851	10048.83	1.98493261658	9486.328	2.7268489882	10541.02	3.23554474875
5.729	0.458936084247	9958.008	2.59136227912	9473.145	3.01135925645	10457.52	3.95944745683
5.73	0.454420018215	10031.25	3.78103015318	9527.344	3.03806005614	10513.18	3.17959030939
5.731	0.457680008452	9950.684	3.25564187931	9547.852	3.73014012554	10464.84	2.018558318
5.732	0.429422173217	10001.95	1.94689651517	9539.062	2.33930872996	10463.38	2.67103673826
5.733	0.43382408892	10006.35	2.05675563823	9515.625	3.59625908781	10475.1	3.25657422685
5.734	0.423450956933	10019.53	3.54469634197	9506.836	2.50028809201	10546.88	2.35776173971
5.735	0.459339788889	9963.867	2.17510337247	9515.625	2.27065650754	10520.51	3.78067671429
5.736	0.419405163744	9991.699	2.00989961363	9543.457	1.91637796576	10482.42	4.29851469202
5.737	0.447607105144	10023.93	2.86533146855	9543.457	2.41684843378	10532.23	2.33701582678
5.738	0.422325487123	10029.79	1.83343878845	9468.75	2.04858411269	10488.28	1.93477445158
5.739	0.401875377848	9999.023	5.52347024408	9515.625	2.92894492928	10488.28	2.63984853825
5.74	0.412260392365	10023.93	3.98186680686	9498.047	2.92993560483	10505.86	1.74767620026
5.741	0.422249813473	9965.332	2.68861818697	9479.004	2.12734663948	10539.55	5.10166288504
5.742	0.401962341195	9963.867	2.22499369713	9489.258	2.87136456868	10451.66	2.4751730993
5.743	0.420782923559	10013.67	2.49112282203	9512.695	2.84666727464	10488.28	2.8018044169
5.744	0.442233152087	9985.84	3.04689211153	9527.344	2.31450398382	10495.61	1.7278210338
5.745	0.435357769344	9991.699	1.80105080585	9537.598	1.9161583744	10508.79	2.69278907065
5.746	0.39138508848	10023.93	3.32870128613	9512.695	2.61434887201	10451.66	2.17692303299
5.747	0.420731243317	9984.375	3.35027079323	9531.738	3.93125618539	10450.2	2.2324285061
5.748	0.416385724454	9968.262	3.95488483084	9481.934	2.11155744487	10478.03	3.76962470625
5.749	0.403202859577	10019.53	2.44452249412	9534.668	1.64110831362	10549.8	2.02322227102
5.75	4.09285776732	9999.023	19.5204278105	9480.469	7.60634361883	10505.86	14.4712417079
5.751	0.433862335755	10009.28	3.78988183392	9549.316	2.12589969476	10530.76	1.9755413522
5.752	0.429037259272	10044.43	2.12758389311	9477.539	2.6278077271	10497.07	2.01318278104
5.753	0.448976746823	10013.67	3.71517119375	9457.031	3.45039961527	10510.25	2.42620452587
5.754	0.438675108418	10000.49	3.75163859788	9470.215	2.87741006253	10530.76	1.82780234972
5.755	0.466225218886	10010.74	3.54512517663	9490.723	1.98116451804	10500.0	2.93820832137
5.756	0.420933394974	9978.516	2.97479037045	9468.75	3.36703280989	10473.63	4.98911826921
5.757	0.433304033728	9959.473	2.76285536873	9503.906	1.84576470803	10543.95	3.53571888154
5.758	0.456274046198	9963.867	2.75695615067	9505.371	3.98492501294	10536.62	3.30478937119
5.759	0.461114704372	9955.078	2.25322558077	9498.047	3.92930391039	10494.14	2.40219311059
5.76	0.462240998678	9956.543	4.09400116039	9520.02	1.75064329782	10480.96	2.54682348303
5.761	0.46606491075	10044.43	2.58277751138	9512.695	3.44234415613	10530.76	2.69776135211
5.762	0.442629648068	9963.867	3.3991813639	9505.371	2.05811783385	10546.88	2.48308763052
5.763	0.459878822581	9972.656	3.46588804172	9486.328	2.63650959185	10516.11	2.91911397272
5.764	0.48889067367	10029.79	4.71770240775	9509.766	2.87258579262	10491.21	2.59898804678
5.765	0.465798596828	9999.023	3.23007886203	9492.188	3.06111261011	10523.44	2.08143455056
5.766	0.476683911689	10007.81	4.07627910045	9481.934	3.61188084583	10539.55	2.60254606976
5.767	0.492696825058	9960.938	3.20843113237	9530.273	3.08608709091	10508.79	2.1780335468
5.768	0.489095603028	10009.28	2.66116534407	9512.695	3.87911898264	10517.58	1.95321281563
5.769	0.524841967315	9987.305	5.0082931212	9498.047	3.71708046921	10466.31	2.21260166692
5.77	0.455495812871	9990.234	2.32248958065	9474.609	3.75835876456	10488.28	4.70188571683
5.771	0.511873313958	9971.191	4.5184668142	9465.82	2.43515074705	10469.24	2.65628495392
5.772	0.550268487641	10047.36	2.69023733183	9530.273	3.44593203098	10466.31	2.33230669251
5.773	0.538641794571	9990.234	2.73812915802	9490.723	2.78766154187	10456.05	4.98630657085
5.774	0.561605720814	10038.57	4.06188661612	9515.625	3.99561823364	10529.3	2.97832834083
5.775	0.561889745627	9987.305	2.88707530272	9521.484	4.78197482626	10457.52	3.33667217067
5.776	0.55202047854	10003.42	2.96932300385	9484.863	4.30444388382	10519.04	2.22441938126
5.777	0.589120472603	10047.36	2.54288516892	9528.809	3.59527112488	10538.09	2.83358257125
5.778	0.578350658016	10026.86	4.36175706535	9467.285	4.27161431657	10498.54	6.87796588787
5.779	0.615304911924	10009.28	3.61663981688	9487.793	4.60635083362	10450.2	3.70910939972
5.78	0.611953336823	9962.402	4.62467269004	9492.188	3.30233185201	10535.16	3.86852741641
5.781	0.624155844385	9955.078	3.44755759243	9486.328	3.46693035264	10533.69	3.68527128486
5.782	0.617591263692	9963.867	3.29607716078	9476.074	5.13801658204	10542.48	5.21832025074
5.783	0.661231431417	10010.74	2.78271396474	9546.387	6.50048968147	10541.02	4.06193499899
5.784	0.636433950906	9953.613	3.23482121885	9452.637	5.30333791078	10467.77	4.35729491633
5.785	0.644659814269	9966.797	2.33740700169	9496.582	4.37049627383	10501.46	7.66778713635
5.786	0.670173119424	9974.121	6.57097668331	9487.793	2.54683083608	10491.21	4.12455890029
5.787	0.664798653523	9956.543	2.98428604107	9468.75	5.12354409239	10485.35	5.06872450582
5.788	0.67790282006	9972.656	4.17862695964	9549.316	4.5263569158	10472.17	5.01238138948
5.789	0.693467992834	10004.88	2.85255167665	9540.527	4.71314783037	10456.05	4.44595248207
5.79	0.658053284915	10031.25	3.44651829238	9539.062	4.49259609674	10527.83	3.73800055502
5.791	0.709740730254	9993.164	7.32298706951	9468.75	2.88446943568	10470.7	4.60203468671
5.792	0.756424421356	9955.078	2.15769424049	9518.555	6.25361855355	10526.37	3.37400835868
5.793	0.722403863218	9960.938	5.28405587802	9514.16	2.54666961433	10548.34	4.3136461008
5.794	0.756297017315	9974.121	3.23141890317	9467.285	4.54559345722	10507.32	7.05500210755
5.795	0.78274691948	10001.95	3.85438566979	9499.512	4.41177367816	10527.83	3.89810901161
5.796	0.806467175746	9978.516	4.81453655098	9479.004	5.27876769486	10527.83	5.57533743062
5.797	0.764120376759	10018.07	6.30475088732	9470.215	4.57093698979	10541.02	3.37812922841
5.798	0.826731193703	9966.797	5.24803734778	9461.426	7.43805708706	10456.05	5.02511598085
5.799	0.885126866433	9963.867	3.4260375223	9534.668	5.01897264492	10511.72	6.35989401526
5.8	0.831558268249	9993.164	3.91163659757	9464.355	6.13392610192	10533.69	5.69067069715
5.801	0.865973546909	9965.332	5.31859981257	9457.031	4.42273995007	10479.49	4.45374991577
5.802	0.951154895595	9959.473	7.48751575787	9486.328	6.66145600985	10472.17	7.43952812945
5.803	0.88026933507	10010.74	5.89886765188	9484.863	4.50407698212	10470.7	4.43419523861
5.804	0.980917992733	9952.148	5.88208671439	9517.09	16.1170686008	10461.91	4.32709306263
5.805	0.918956289876	9972.656	6.04587420654	9492.188	6.20276770459	10527.83	4.50075435114
5.806	0.885090674696	10016.6	2.94365969329	9477.539	4.38641175974	10511.72	7.37310532039
5.807	0.951330327122	9962.402	6.40712002552	9502.441	5.92368666298	10463.38	6.30801741209
5.808	1.01713926582	9965.332	8.36910437825	9549.316	5.22199119346	10486.82	5.0667088243
5.809	0.965573372665	9978.516	5.89916386914	9525.879	6.73105804889	10492.68	7.01523824419
5.81	0.99302240497	9972.656	4.4833577493	9462.891	6.96367863376	10519.04	7.39077181015
5.811	1.11439438565	9962.402	6.31439743493	9527.344	9.03401682308	10489.75	7.26958608416
5.812	1.07484420332	9955.078	8.21751660403	9530.273	8.33184951228	10533.69	12.1663137672
5.813	1.1954867216	10029.79	10.2650261627	9462.891	5.19284547082	10520.51	6.42555963657
5.814	1.14390996322	9968.262	6.35138889796	9452.637	7.78587007153	10526.37	6.19957864628
5.815	1.17862650869	9985.84	5.42371476557	9540.527	8.45640558909	10457.52	6.34991238664
5.816	1.30355164121	10038.57	6.81641719392	9476.074	10.7265156008	10495.61	10.321260837
5.817	1.18903252315	10012.21	6.51236317135	9489.258	6.75330327362	10526.37	8.37610958874
5.818	1.33105258511	9969.727	12.8047223106	9465.82	6.87546014622	10536.62	5.53767643187
5.819	1.25810069237	9960.938	10.111160997	9468.75	12.0328933942	10504.39	11.6012189578
5.82	1.35147417793	10015.14	5.82762457829	9498.047	7.99774785638	10517.58	8.46450882586
5.821	1.25830561004	9969.727	7.2202408897	9512.695	8.17742665006	10549.8	7.32973742549
5.822	1.33053994518	9966.797	7.81056533348	9479.004	5.69391437131	10472.17	5.80795090067
5.823	1.44706653461	9975.586	7.46023558028	9486.328	7.45818755812	10513.18	9.2692550123
5.824	1.44258970392	9977.051	5.37459716453	9459.961	6.8255969775	10498.54	7.59719101122
5.825	1.4373916493	9988.77	8.17199678152	9471.68	10.9912403143	10542.48	8.96253339173
5.826	1.49671961236	9965.332	7.11021709349	9464.355	7.7483522155	10453.12	11.7144906466
5.827	1.36480636736	10025.39	4.75257921223	9505.371	7.39600440914	10510.25	13.7394763767
5.828	1.53533547282	10047.36	9.68474273644	9493.652	10.0456681337	10523.44	11.2474836782
5.829	1.56313972716	9971.191	8.93302653237	9471.68	10.1010236863	10530.76	6.8601099702
5.83	1.48053745272	10001.95	7.66705697186	9499.512	11.7275643345	10519.04	8.99467945568
5.831	1.59045453167	9974.121	13.5064997226	9527.344	15.6204942413	10508.79	11.0383272875
5.832	1.61138287109	9978.516	11.5049924661	9515.625	10.4418143097	10492.68	14.9674393823
5.833	1.7308135317	9994.629	7.86745865363	9512.695	13.0148354579	10523.44	12.0278386672
5.834	1.67759712558	9965.332	11.9564639392	9518.555	9.39982617009	10504.39	8.69051764324
5.835	1.70415226636	10041.5	9.31905416774	9525.879	7.85178246578	10497.07	7.41459021081
5.836	1.60012410436	10038.57	8.96376248107	9543.457	9.89185773933	10519.04	9.05549592071
5.837	1.60396611981	10037.11	10.7070820268	9498.047	12.4387426606	10486.82	11.374099533
5.838	1.67330431119	10028.32	10.2959065693	9543.457	13.7305873258	10514.65	6.96556352938
5.839	1.59434742106	10019.53	6.71087247255	9503.906	10.6794821193	10495.61	17.5624169719
5.84	1.65462300359	10009.28	10.7465553459	9540.527	14.9859302213	10469.24	12.5043288633
5.841	1.65805177051	10037.11	10.2551949174	9474.609	17.0730340168	10460.45	6.20527342996
5.842	1.70723137017	10013.67	6.94825667504	9451.172	9.32284499301	10494.14	12.1232686444
5.843	1.57470495057	9987.305	9.83274694124	9520.02	18.7362958185	10526.37	10.7152570646
5.844	1.64629400615	9966.797	12.5980009814	9458.496	13.5920605182	10502.93	18.4451030796
5.845	1.56628426106	10044.43	9.27319452196	9543.457	7.16167844452	10546.88	6.91107263057
5.846	1.60189892754	9971.191	10.9781341082	9492.188	5.08532696786	10513.18	14.2617356638
5.847	1.60611118586	9993.164	11.3898739072	9459.961	9.81726889466	10456.05	11.7715863827
5.848	1.57466249425	10026.86	5.51632302584	9512.695	8.45587314421	10535.16	13.6959486906
5.849	1.56276128646	10028.32	8.6921179361	9546.387	8.44684186227	10504.39	7.59458132412
5.85	2.10342112326	10035.64	16.4729136652	9492.188	39.6255424956	10492.68	87.8259313224
5.851	1.52984288473	9952.148	6.97828794754	9484.863	13.8017329005	10480.96	9.33996605622
5.852	1.46006735048	9959.473	4.90642427955	9502.441	3.71260149058	10542.48	9.37634572339
5.853	1.42723496805	9968.262	7.83330230003	9465.82	7.06067221682	10539.55	15.9064427914
5.854	1.41586789374	9988.77	9.05359471177	9543.457	6.6848602064	10466.31	7.80579097463
5.855	1.43049215328	10045.9	10.5543574815	9454.102	5.46617408548	10539.55	8.93384134123
5.856	1.35409892881	10007.81	11.5456896173	9464.355	10.2855000954	10497.07	9.47854241958
5.857	1.41682151135	9991.699	7.40990801202	9461.426	11.2672156064	10543.95	7.24109901018
5.858	1.3550026803	10023.93	7.92837422524	9495.117	10.7009503824	10464.84	6.74885795873
5.859	1.3423629482	9996.094	7.78043592273	9506.836	10.7452241288	10480.96	5.04550299462
5.86	1.30177567009	9991.699	7.95258030223	9468.75	9.46126406744	10514.65	8.67354175015
5.861	1.1346158217	9953.613	4.37779437193	9454.102	5.17933875547	10485.35	8.05087776712
5.862	1.1507295659	10016.6	6.84391594499	9464.355	5.61868722837	10530.76	6.0963384467
5.863	1.24111067349	9972.656	8.47018261688	9500.977	5.76757738056	10510.25	8.66062612075
5.864	1.1993999716	10015.14	7.77402402655	9539.062	5.16978032174	10457.52	10.4096191804
5.865	1.13501423648	10040.04	13.7303906306	9487.793	10.7717683857	10453.12	6.88032455261
5.866	1.20298123795	9955.078	16.3177951799	9541.992	6.97756339621	10472.17	7.27025716338
5.867	1.07066741991	9977.051	5.24142018022	9541.992	11.7760619079	10535.16	8.35742349381
5.868	1.09705490095	9997.559	10.5855349704	9534.668	6.19383532588	10491.21	9.12671907226
5.869	1.06238277993	10015.14	4.53546925595	9451.172	7.46793436916	10542.48	5.72716631087
5.87	1.11078090294	10038.57	7.79731488914	9515.625	5.73728070902	10546.88	12.0717228543
5.871	1.02348378629	10012.21	7.64990834249	9512.695	4.47596599784	10450.2	6.06496184862
5.872	1.0804897007	10029.79	4.04622111173	9543.457	6.42591311833	10467.77	9.6871256762
5.873	1.07768204021	10032.71	6.23654055243	9465.82	9.62187444136	10526.37	6.69247788168
5.874	1.05691456246	9982.91	5.48422960835	9521.484	5.99104476666	10507.32	8.01210855338
5.875	1.09427816697	9999.023	7.90443622333	9515.625	10.7255135189	10516.11	35.615654495
5.876	1.05040906061	9994.629	4.82274175787	9477.539	10.3221990226	10504.39	4.91436145775
5.877	0.954418585152	10025.39	8.78147046128	9539.062	6.41192589018	10458.98	5.18429557059
5.878	1.01825325746	10021.0	9.43157093062	9525.879	7.24296681813	10519.04	6.16271671786
5.879	1.00236878837	9974.121	5.16177732581	9492.188	4.14207902889	10476.56	6.04370073581
5.88	0.994802331763	9988.77	5.88224216982	9508.301	5.87718708836	10494.14	8.55674862264
5.881	0.921529835218	9997.559	6.39366061409	9541.992	7.63697432681	10482.42	5.21832464755
5.882	0.951556204996	10034.18	4.7934283185	9476.074	6.82135124266	10543.95	7.82181539914
5.883	0.938714508713	10012.21	5.30187353365	9473.145	7.21157527202	10508.79	6.25505732462
5.884	0.961861935425	10028.32	4.82828905498	9471.68	4.68972031545	10467.77	4.9355642868
5.885	0.952471408792	10028.32	7.10942182071	9487.793	5.95755380609	10480.96	6.83863210401
5.886	0.960861248826	9999.023	4.46460215131	9544.922	4.37316339296	10520.51	4.88680978391
5.887	0.905844384839	9994.629	4.10943556246	9498.047	5.23621493109	10529.3	5.89366923334
5.888	0.85721303169	9996.094	5.13064581276	9515.625	4.58603112089	10482.42	4.79006652873
5.889	0.931327728079	10018.07	4.13841536678	9522.949	7.7173098333	10530.76	9.08908019379
5.89	0.873581988777	9969.727	5.18539382718	9462.891	5.17158342663	10478.03	7.40839937336
5.891	0.859783768634	10015.14	5.5412141411	9477.539	5.73665729002	10469.24	7.54303892058
5.892	0.925923123959	10001.95	4.3381634525	9484.863	6.54500858345	10456.05	3.4371062475
5.893	0.861482115831	9950.684	6.03221484348	9537.598	8.19223936573	10532.23	3.86302704088
5.894	0.907838408499	10045.9	7.71584327295	9480.469	4.81700261943	10479.49	9.59593233172
5.895	0.908978571367	9982.91	4.1999928714	9508.301	6.02131552763	10492.68	5.56339645781
5.896	0.832712452272	10015.14	3.57923570208	9503.906	6.79672729229	10497.07	5.27423074149
5.897	0.889482051073	9959.473	3.37022474879	9479.004	3.31454324587	10549.8	3.29023673559
5.898	0.877459395309	10028.32	5.46455342515	9525.879	6.75916854834	10495.61	6.88313477802
5.899	0.868852051031	10023.93	4.25823972107	9464.355	3.96023125824	10535.16	4.30391678283
5.9	0.82178840721	9974.121	6.03345701201	9539.062	3.80189023107	10457.52	5.1564483318
5.901	0.79256694934	10025.39	4.43495773805	9537.598	4.84678447883	10454.59	5.01863573983
5.902	0.804024358991	9988.77	4.46251808682	9459.961	4.3284770722	10536.62	3.939134617
5.903	0.901205900643	9971.191	5.86163022774	9527.344	6.75782088372	10473.63	7.37246831405
5.904	0.821944699896	9997.559	5.27778066589	9471.68	8.74906527143	10470.7	6.22984270876
5.905	0.811414608551	9982.91	3.99602479713	9546.387	7.08654680162	10476.56	4.99439320519
5.906	0.800842557285	10048.83	3.58283609109	9493.652	4.29065146754	10466.31	4.81935686797
5.907	0.788205511759	10023.93	4.15228597219	9492.188	3.2811649316	10466.31	5.29719649571
5.908	0.790839450147	10007.81	4.40760031618	9468.75	3.98689109848	10466.31	5.79314587368
5.909	0.832629929813	9982.91	3.64332441984	9544.922	4.14997216134	10485.35	3.07622569475
5.91	0.778307633657	10018.07	5.2655626556	9461.426	3.11838904678	10486.82	4.32520175304
5.911	0.788439817556	9996.094	5.68252656918	9536.133	5.93967260469	10488.28	8.48114323036
