


# VBW avging enabled, 16 VBW
5.0	1.37951750483	9984.375	3.92908265655	9539.062	6.74765882522	10523.44	3.73726418983
5.001	1.68885289307	10031.25	4.63689669207	9492.188	1.66031795217	10500.0	5.50535824127
5.002	1.13992589765	10007.81	6.13258592955	9539.062	4.61940656603	10476.56	8.08180517728
5.003	2.02190563662	10007.81	2.83042452333	9515.625	1.19450293136	10453.12	6.57097131652
5.004	1.37654166119	10007.81	3.54826819442	9539.062	3.03351107046	10476.56	4.48347689483
5.005	1.63772013837	10007.81	4.71980054002	9539.062	2.76653402172	10453.12	3.18388923207
5.006	1.13388237423	10007.81	4.42935024221	9539.062	3.66248231349	10523.44	10.019432516
5.007	1.50772986007	9960.938	4.69027134876	9515.625	13.1581393238	10453.12	7.61297711563
5.008	1.42979966551	10007.81	9.06923165611	9539.062	2.63229992133	10500.0	8.33483148692
5.009	1.42918223544	9960.938	0.645228880361	9468.75	1.57417797301	10453.12	3.90806624255
5.01	0.842923445738	10007.81	9.08335620585	9539.062	2.7756856404	10546.88	3.09220936924
5.011	2.61211274732	9984.375	3.14278506834	9539.062	4.37307171937	10453.12	8.03088765602
5.012	1.69407030757	10031.25	2.54607703421	9539.062	2.18702491584	10523.44	5.21667196283
5.013	1.63765511442	9960.938	3.74684367772	9492.188	0.874412482501	10476.56	2.93581119868
5.014	1.92698580246	10007.81	6.83326380368	9539.062	3.21645302835	10476.56	9.23325213296
5.015	1.32812214495	10007.81	4.86345567223	9539.062	2.26620628132	10476.56	4.49142941464
5.016	1.49760070453	9984.375	5.36658429263	9539.062	1.72379524089	10453.12	7.56480672183
5.017	1.77826978697	10007.81	4.12928558333	9468.75	2.24287912707	10500.0	3.0076230216
5.018	1.58935907072	10031.25	2.62652505219	9468.75	5.10846188947	10546.88	1.49579113901
5.019	1.76202850117	10031.25	4.39521885232	9492.188	1.82580210634	10546.88	3.99856982003
5.02	1.9012902438	9984.375	2.0894266319	9515.625	11.3870564691	10523.44	11.2214843311
5.021	1.34741332175	10007.81	6.47934609865	9539.062	2.20276847286	10500.0	4.01240678899
5.022	1.61092585799	10031.25	4.4515355776	9492.188	4.79319535729	10546.88	2.08126812033
5.023	2.71343733041	10007.81	2.56949423201	9492.188	5.29694254749	10546.88	5.62728359606
5.024	2.2757446817	10031.25	2.22857824941	9539.062	1.83910526081	10523.44	7.74147989374
5.025	1.32675837957	10031.25	3.6449013589	9492.188	2.5715172886	10523.44	5.26054306143
5.026	1.71369064849	10007.81	4.11208964748	9492.188	2.04234708024	10453.12	5.24146339931
5.027	2.40560875015	10007.81	6.64312626442	9468.75	3.24123347937	10500.0	4.87093981223
5.028	1.31914106237	10031.25	3.44720846653	9515.625	5.43203201568	10453.12	5.63036855445
5.029	1.33129728706	9984.375	2.98262166503	9515.625	4.01388470932	10523.44	1.58861816276
5.03	2.27668131048	9984.375	6.77180184455	9468.75	9.26412261642	10476.56	7.79732469008
5.031	2.24354468484	9960.938	6.36109185157	9515.625	3.86514379861	10453.12	11.9594626315
5.032	1.49572934675	9984.375	5.13639649523	9492.188	5.69750305523	10476.56	4.90026068957
5.033	2.11296395146	10007.81	2.16200690037	9539.062	1.30225245521	10500.0	4.26263230484
5.034	1.37378464165	9984.375	1.93971657768	9492.188	2.86173630835	10500.0	10.3331495933
5.035	1.44448658708	10007.81	7.30746898991	9539.062	6.46016081324	10453.12	8.11649481554
5.036	1.96169763441	9984.375	8.79759052611	9539.062	4.66943820067	10500.0	2.28220524592
5.037	2.76279677438	9960.938	1.96987114159	9515.625	9.94413189062	10523.44	9.29003167803
5.038	2.44599039774	10007.81	8.46307522209	9492.188	5.4180585124	10500.0	7.22558112909
5.039	2.35784339295	9960.938	4.33503201478	9468.75	4.1412206986	10500.0	2.94503109787
5.04	1.65893687359	10007.81	7.83368538943	9539.062	1.78541201753	10523.44	3.13231784709
5.041	1.43134710121	9984.375	6.79942291992	9515.625	9.23252986154	10453.12	7.38074268026
5.042	1.51213100124	9984.375	7.15749602837	9468.75	7.76818877582	10453.12	10.1786114913
5.043	2.09964920896	10007.81	3.73705458508	9492.188	10.0180065189	10523.44	10.2393767533
5.044	1.2595397461	10007.81	6.83054985463	9539.062	5.19430698965	10476.56	8.67277554292
5.045	1.96138924377	9984.375	1.30525720551	9492.188	3.76217829631	10546.88	3.01094117927
5.046	2.41341739505	9984.375	6.69302412505	9539.062	4.27706752237	10500.0	2.64505000108
5.047	1.74415361033	9984.375	4.42921918189	9492.188	2.56466615758	10453.12	8.69247240852
5.048	1.85862887494	10007.81	5.93070783169	9515.625	3.1235311521	10476.56	7.71191544432
5.049	1.31324211976	9960.938	8.20468092691	9515.625	10.1303537834	10546.88	5.13166624031
5.05	1.0266285662	9984.375	5.75975636372	9515.625	10.4327407908	10523.44	11.4687921856
5.051	2.14230246958	10031.25	3.61620459021	9515.625	7.94084284264	10453.12	6.34189817071
5.052	3.31352566657	10031.25	8.26788532218	9468.75	5.83701305033	10523.44	10.3049096543
5.053	1.4026670558	9984.375	8.54001943059	9492.188	3.79342521978	10546.88	2.99234377742
5.054	1.35460876648	10007.81	7.85423102921	9539.062	1.32340561362	10453.12	6.61009258329
5.055	1.1984274297	9960.938	3.01899364478	9492.188	4.02313164815	10476.56	4.3846788051
5.056	2.19068448423	10031.25	3.14181307419	9492.188	2.50549663757	10546.88	4.76209760733
5.057	0.892918066383	10007.81	2.9584790252	9468.75	2.20543626326	10500.0	12.8319721914
5.058	1.46315454741	10007.81	13.7277153199	9468.75	5.0157788507	10523.44	9.75614557617
5.059	1.15434608029	10007.81	7.0503602633	9468.75	4.76357121786	10500.0	8.09108908762
5.06	152.450799749	10007.81	685.434245757	9539.062	284.204508622	10546.88	341.12593056
5.061	1.00950198671	10031.25	4.27432471908	9468.75	6.1051645935	10500.0	8.90667090701
5.062	1.4505674881	9984.375	6.12930084615	9492.188	3.99880453502	10500.0	16.4545206989
5.063	1.75244284095	10031.25	2.90339974861	9539.062	3.62216245787	10476.56	8.03343216778
5.064	2.19673403952	9984.375	4.08463616495	9515.625	8.43977550233	10546.88	2.06023551706
5.065	1.9249160361	9984.375	2.85969187168	9468.75	6.49709891326	10500.0	11.6664316418
5.066	1.58766287631	10007.81	10.2875823907	9539.062	2.21541129626	10546.88	4.19340319912
5.067	1.71416910447	10031.25	7.80419135812	9515.625	5.71423917135	10453.12	4.3126588989
5.068	1.45744814744	9960.938	3.02161049371	9492.188	1.79285914438	10500.0	3.69818582981
5.069	2.00020716116	9960.938	5.64342280961	9468.75	15.6847804163	10476.56	2.90183255071
5.07	2.39168676267	10007.81	4.88874932368	9539.062	3.99098064782	10453.12	9.54944299062
5.071	2.96059055294	10007.81	8.21514279158	9468.75	1.04262929496	10476.56	8.00098478372
5.072	2.53788242855	10007.81	7.89245295771	9515.625	5.96159808546	10500.0	8.08963807915
5.073	2.47602512938	9984.375	2.7976389287	9468.75	1.17624157395	10500.0	2.79884090048
5.074	1.83974529539	9960.938	9.10435598935	9515.625	4.34230546285	10476.56	6.32826873447
5.075	2.09296619014	9984.375	2.87236605547	9492.188	7.5147224139	10453.12	2.44738420621
5.076	2.81641757829	9984.375	5.7649659303	9468.75	5.46286127301	10453.12	7.38967383
5.077	1.64420613288	10007.81	10.0145058032	9468.75	11.5359154592	10453.12	11.0220315802
5.078	0.944870599628	10031.25	2.705473945	9515.625	15.4587581612	10546.88	4.76845642735
5.079	1.38359158913	10007.81	14.2379816732	9539.062	2.92981598852	10476.56	6.0871528825
5.08	1.56776385163	10007.81	11.0405452481	9515.625	10.029041687	10523.44	12.3674043081
5.081	2.13088941411	10031.25	7.70846575318	9515.625	1.75487128685	10500.0	6.77925497013
5.082	2.3833717359	9984.375	11.7861043731	9492.188	12.2544203975	10476.56	13.5880837526
5.083	1.63184791133	9960.938	8.27212805425	9539.062	3.4960475364	10546.88	3.66876092843
5.084	1.39656687203	10007.81	6.64680669714	9492.188	10.8458123343	10453.12	17.1480186586
5.085	3.4334076203	10031.25	7.10240875785	9468.75	8.34115243009	10500.0	8.79222776546
5.086	1.64033995744	10031.25	3.37670003384	9515.625	4.75368177263	10476.56	19.5928520545
5.087	2.43879370269	10031.25	0.737115713045	9468.75	4.81997357121	10476.56	8.59468418576
5.088	3.14107792636	10031.25	7.08053508684	9515.625	17.9842225697	10476.56	19.5484964542
5.089	3.39842443637	10031.25	12.3477600051	9492.188	14.7007018565	10523.44	11.9493001118
5.09	4.36680448678	9984.375	9.71963669797	9492.188	17.2749037227	10523.44	7.21775772145
5.091	4.50016118355	10007.81	14.4970793149	9539.062	6.65485359589	10476.56	22.2807232775
5.092	4.67485599435	9960.938	8.76528709796	9492.188	10.0479510459	10476.56	4.86873054827
5.093	3.32091851455	10007.81	11.9210814104	9492.188	26.2911338175	10546.88	13.2624396264
5.094	4.16997627574	10007.81	13.925792078	9539.062	11.2240612488	10500.0	15.3744285897
5.095	2.74157204838	10031.25	3.21178088909	9539.062	3.90704878795	10453.12	11.2382795622
5.096	4.93321357745	10007.81	23.9012813048	9492.188	8.36839079511	10500.0	19.6229863898
5.097	2.62274204028	10007.81	5.06398872303	9492.188	13.1189877096	10546.88	7.0545144092
5.098	3.16105959324	9960.938	6.38820685738	9468.75	5.92700725775	10476.56	17.9134746543
5.099	3.50682499412	10007.81	43.6481762604	9539.062	4.28339985237	10476.56	5.03369403822
5.1	2.78058824296	9984.375	20.3494129766	9492.188	8.09154196735	10500.0	14.5370376502
5.101	4.34704999504	10007.81	6.78296564122	9539.062	19.244969401	10546.88	17.8428128303
5.102	3.96075522445	10007.81	21.1519824996	9515.625	5.88893867903	10453.12	12.4330734022
5.103	4.43140710708	10031.25	9.57614979725	9515.625	6.28674553373	10476.56	9.08406045422
5.104	2.16041479095	9984.375	6.23554411524	9468.75	8.35806538844	10546.88	4.53341159047
5.105	3.22505912639	10007.81	20.8103172028	9515.625	6.81806936708	10500.0	16.2053591641
5.106	1.98836783208	10031.25	5.22296146635	9539.062	6.04942342799	10523.44	2.8324163897
5.107	2.80235877669	9960.938	6.30595412919	9492.188	1.08620258675	10476.56	17.6684188297
5.108	3.89133174137	10007.81	4.0061925851	9539.062	5.68936329379	10500.0	21.1314219878
5.109	2.26011192585	10031.25	4.90830459404	9515.625	20.8762650126	10500.0	17.4874686148
5.11	2.46235529834	9984.375	8.77863177774	9492.188	2.41586814479	10500.0	19.7537758597
5.111	3.79884245117	10007.81	5.0725436226	9515.625	4.58160825195	10476.56	14.1315526565
5.112	3.85952557419	9984.375	5.54132633658	9515.625	3.68917130775	10453.12	16.7705765049
5.113	2.8620774875	9960.938	15.7132637769	9492.188	21.6711715425	10453.12	15.948797121
5.114	80.2064255745	10031.25	179.064961037	9515.625	209.875396734	10476.56	135.23406699
5.115	3.82763048483	9984.375	9.26583396549	9515.625	9.47688018567	10546.88	6.71152653775
5.116	4.19408613163	10007.81	16.6735701458	9492.188	15.2337857774	10453.12	14.2819505379
5.117	1.89104149145	9960.938	5.58858416235	9492.188	8.65908956597	10453.12	10.2906089897
5.118	3.03368180147	10007.81	18.1420824001	9539.062	5.16484371863	10453.12	4.96753184733
5.119	2.2822667473	9984.375	29.6468690539	9539.062	4.27580542403	10500.0	11.7643637671
5.12	4.56272552942	9960.938	2.48255409551	9515.625	12.8587190795	10546.88	9.07689124324
5.121	470.184569304	10031.25	314.022604337	9515.625	807.102772715	10476.56	1996.38647308
5.122	3.48653606439	10007.81	35.3161662869	9492.188	10.0501338335	10546.88	10.386960639
5.123	5.34420720475	9960.938	7.38833465719	9492.188	4.60169566819	10453.12	14.3737009382
5.124	3.14620213686	9984.375	19.6385330134	9539.062	2.19192184447	10500.0	11.246760098
5.125	3.25134546681	9984.375	5.55427190085	9515.625	14.5865283163	10546.88	6.8642884277
5.126	2.82086846702	10007.81	4.24078901298	9539.062	7.07200531767	10476.56	9.07949870972
5.127	3.85477236982	10007.81	27.5245848579	9468.75	5.30165438571	10500.0	11.0212685251
5.128	2.53517784563	9960.938	7.09364205267	9539.062	2.92067998187	10523.44	16.684098215
5.129	3.59470490444	10007.81	22.4469945087	9515.625	12.9179546985	10523.44	26.2474690246
5.13	2.55927719669	10007.81	20.264626656	9539.062	4.26803141814	10523.44	9.61343866505
5.131	1.66520482368	9984.375	4.66068593295	9468.75	2.81176244635	10500.0	4.70704554256
5.132	3.05719695964	9984.375	24.9079495831	9515.625	9.85878020864	10476.56	6.04745729787
5.133	4.70764547367	10007.81	30.1510181901	9492.188	15.8604506446	10500.0	19.736740672
5.134	4.39845768335	9984.375	4.87705629133	9539.062	2.37985428182	10546.88	7.4147868769
5.135	2.66098237481	9984.375	12.9037963787	9539.062	4.99509416732	10523.44	12.0466468104
5.136	3.68688566069	10007.81	16.7131302604	9468.75	9.05609861581	10523.44	10.1681362784
5.137	2.74936977656	9984.375	12.6601829332	9468.75	13.5562474335	10546.88	14.0451278712
5.138	2.74962130124	10007.81	19.2158945115	9515.625	5.08021273855	10500.0	17.0307692566
5.139	3.89428225266	9984.375	15.1171938156	9468.75	5.41150667426	10523.44	19.878252569
5.14	5.2019788982	10031.25	11.0607443448	9539.062	16.0737244301	10476.56	14.6111015106
5.141	0.819441275387	10007.81	7.3083540104	9468.75	8.45009331263	10453.12	6.20756101581
5.142	1.24052388518	9960.938	1.03720240675	9515.625	2.98119395962	10500.0	5.15715797174
5.143	1.99392179481	10031.25	6.54227772174	9468.75	7.17035757081	10523.44	2.68010581266
5.144	2.51396071308	10007.81	11.6761555045	9539.062	3.16865158351	10500.0	4.1926269609
5.145	1.19184697455	10007.81	1.77870035618	9539.062	3.11605555517	10453.12	4.59292063407
5.146	1.37894229187	10007.81	5.30418059895	9515.625	3.15225853432	10476.56	2.9478360725
5.147	1.43165499715	9984.375	3.91302983831	9468.75	7.92228284769	10453.12	6.55117706173
5.148	1.02637985689	10007.81	3.0976278942	9539.062	3.35830780782	10476.56	3.94399292544
5.149	1.27033023601	9984.375	6.81615728273	9539.062	4.21280424376	10546.88	3.12445439603
5.15	1.1526207009	10007.81	2.22086371186	9539.062	3.0778501961	10453.12	5.20501151122
5.151	1.1848441912	10007.81	3.18966535251	9515.625	3.31767925937	10523.44	2.72880694399
5.152	1.67532670959	10007.81	8.43239812046	9515.625	4.63312735819	10476.56	4.90332991058
5.153	0.91835923584	10007.81	2.8839527301	9492.188	7.38577639339	10500.0	4.19477325853
5.154	1.44650648233	10007.81	1.51800249164	9515.625	3.13045459949	10476.56	2.4089220198
5.155	1.01276531399	9984.375	11.3784386487	9468.75	2.2279748869	10500.0	4.84660190506
5.156	0.875797365405	9960.938	1.59382018203	9468.75	1.8738028673	10546.88	1.9001004345
5.157	0.891254137112	9984.375	8.41919438075	9515.625	1.70092765965	10523.44	1.75659425226
5.158	0.847170717699	9984.375	5.61711283013	9468.75	1.00803243029	10546.88	2.09915121093
5.159	0.970661842397	10031.25	2.91831125717	9515.625	2.26123403298	10523.44	2.9951676512
5.16	1.119175765	10007.81	7.71320800157	9515.625	3.94213563271	10500.0	4.73307590238
5.161	1.01585730773	9984.375	3.14038667403	9539.062	1.04052838037	10500.0	0.752176969074
5.162	1.29084952867	9984.375	0.608225195438	9515.625	3.63867337845	10476.56	3.33314800444
5.163	1.14030278038	9984.375	6.18594684395	9539.062	2.74686139168	10476.56	2.89805505284
5.164	1.0761834216	10007.81	2.29007894743	9515.625	2.90276929903	10546.88	1.27298956357
5.165	1.04513378943	9984.375	5.03689443175	9468.75	0.574341072726	10523.44	2.61979198883
5.166	1.32822507468	10007.81	6.75430914045	9539.062	2.30279869787	10500.0	5.10002416778
5.167	1.16275870787	9960.938	1.4900859858	9468.75	6.88647259237	10500.0	3.0200906136
5.168	1.09032705478	10007.81	5.49255078954	9492.188	16.1562752684	10523.44	3.33618896675
5.169	0.753415255236	9984.375	4.64534433018	9492.188	2.51216516222	10546.88	1.11073252044
5.17	1.05493113165	9960.938	2.48991340865	9492.188	2.86876663858	10476.56	2.16639598573
5.171	1.64987313541	10007.81	4.06194408896	9492.188	2.22085776494	10500.0	5.44493522655
5.172	0.6766480032	10031.25	2.55479087234	9492.188	1.86761652361	10476.56	2.48630525387
5.173	1.10580847345	9984.375	2.91914176636	9539.062	2.96703984452	10546.88	2.36785662069
5.174	0.598347804423	9984.375	3.98756268408	9515.625	1.40661308287	10453.12	2.16376137262
5.175	10115.2402249	10007.81	10855.298079	9492.188	16094.1228403	10476.56	13905.6964772
5.176	0.932684815389	9960.938	3.06429118089	9515.625	5.5590995198	10453.12	5.50814706472
5.177	0.776628375071	9984.375	5.49298415361	9539.062	2.4805669555	10453.12	5.43025100222
5.178	0.876864213143	9960.938	3.2889883111	9492.188	0.775988112496	10546.88	3.63503646843
5.179	0.929469095178	10007.81	4.85590464082	9539.062	0.459125823245	10476.56	6.45986301738
5.18	0.596401070571	10007.81	5.95991865464	9515.625	1.89774572283	10500.0	3.21980818929
5.181	1.55596135308	9984.375	2.48966240953	9492.188	3.66844788491	10476.56	5.14082080107
5.182	0.958373468329	10007.81	1.36455198805	9492.188	3.76536146659	10546.88	2.99309188397
5.183	1.00451822106	10007.81	2.56100124228	9539.062	4.2731169952	10546.88	1.63314687959
5.184	0.976046152865	10007.81	2.69500375797	9492.188	1.49577536608	10476.56	5.64383245416
5.185	1.37481436114	9960.938	2.33205670463	9468.75	6.71147369608	10453.12	1.1714956032
5.186	0.753001079113	10007.81	1.15053787096	9515.625	4.72679140829	10546.88	1.24891872814
5.187	1.05637691517	9984.375	2.40537350927	9468.75	3.27219387553	10476.56	4.11469001547
5.188	1.16797126858	9984.375	4.19452742213	9492.188	6.09611667271	10453.12	3.37008297442
5.189	0.964213002702	10007.81	2.08895492377	9492.188	3.47047111377	10476.56	1.94198460313
5.19	0.973281256539	10007.81	4.19491998226	9539.062	1.41514263267	10523.44	2.60077442381
5.191	0.712695595077	10007.81	7.32849713994	9515.625	1.23557596944	10500.0	1.78518341381
5.192	0.666756340543	9960.938	2.25688127654	9539.062	4.04301666379	10500.0	3.37025237059
5.193	0.524206282768	10007.81	2.39666439343	9515.625	3.58804431184	10523.44	1.64130404722
5.194	1.03630318619	10007.81	2.91742156228	9515.625	5.99383533028	10546.88	1.52237792218
5.195	0.636593859739	10031.25	1.7123932658	9468.75	1.64864971776	10546.88	1.9435896487
5.196	1.02839447794	10007.81	7.42967511361	9492.188	2.17866379093	10523.44	4.50367671935
5.197	1.31483447336	10007.81	2.74513277363	9468.75	1.87277003102	10500.0	1.97832780143
5.198	0.415004047037	9984.375	1.66432505291	9468.75	2.34596471864	10523.44	3.69518127786
5.199	0.707010301028	9984.375	5.55583354133	9539.062	1.44373993752	10523.44	2.35925562642
5.2	0.637483340932	9984.375	1.49151304575	9515.625	0.959842472434	10476.56	2.50170700248
5.201	0.662566683542	10031.25	1.41162720186	9468.75	5.76448423951	10453.12	2.05278716698
5.202	0.362769332654	9960.938	2.3286336874	9492.188	4.1837600677	10476.56	2.17141963283
5.203	0.612184120974	9984.375	1.46307196171	9492.188	2.04254764015	10500.0	3.12843800005
5.204	0.697146402829	10007.81	4.53834141874	9539.062	0.817345242619	10500.0	2.70289932439
5.205	0.790398804535	10007.81	7.54432503492	9468.75	1.83323406889	10523.44	1.7138966322
5.206	0.714532362793	9960.938	2.92606524012	9468.75	2.24819029546	10546.88	0.88511589495
5.207	0.842348436473	9984.375	2.12849557923	9539.062	2.26239115779	10523.44	1.87776532454
5.208	0.672819409819	9984.375	4.40440979465	9515.625	1.78262056879	10476.56	1.47050376673
5.209	0.626030100525	10031.25	1.00213265927	9515.625	2.90236403985	10500.0	2.48943820507
5.21	0.446299338272	10007.81	4.65943796442	9515.625	0.883110168671	10523.44	4.16885491119
5.211	0.653622665182	10031.25	2.93171078796	9468.75	2.13384330509	10476.56	1.16577263366
5.212	0.860541115518	9984.375	5.37801580908	9468.75	1.48893722998	10476.56	1.90809288694
5.213	0.733080920211	10007.81	4.08361985031	9468.75	2.00220285738	10546.88	0.267566873878
5.214	0.448994808593	10007.81	1.92298839369	9492.188	1.92861193655	10500.0	1.98542332913
5.215	0.745512439139	10007.81	2.55051075978	9492.188	1.75570430311	10476.56	3.43079575309
5.216	0.834224191288	10007.81	3.06970886855	9539.062	1.27983751999	10500.0	2.12340418065
5.217	0.553384521744	9984.375	1.4566440743	9515.625	1.71838192274	10476.56	1.47496483627
5.218	0.625504856881	10007.81	6.41120461812	9492.188	3.267266233	10476.56	0.611376950249
5.219	0.593068814734	9984.375	1.89112703443	9492.188	0.883084363203	10500.0	2.33085610575
5.22	0.541548303273	10031.25	0.782964443192	9492.188	2.51711706593	10453.12	1.21200128289
5.221	0.44922273343	10007.81	5.93899165053	9492.188	1.65940696981	10546.88	1.21720752612
5.222	0.691649881288	10007.81	6.67573009458	9468.75	1.21617135367	10500.0	0.584933841626
5.223	0.710720437227	10007.81	1.49620593885	9468.75	1.14836783807	10476.56	2.8342025072
5.224	0.339377967455	10007.81	6.6445984266	9492.188	3.82529269263	10476.56	2.55392354985
5.225	0.560784027122	10007.81	0.874202189384	9515.625	0.657031992046	10500.0	0.675023105553
5.226	0.68657801781	9984.375	2.3925363866	9539.062	1.44892225052	10476.56	0.412724592577
5.227	0.594305432588	10007.81	5.23646563655	9468.75	2.54330097168	10476.56	2.80198154609
5.228	0.804876940472	10007.81	1.78452541426	9515.625	0.790801856866	10500.0	1.99045672161
5.229	0.931445271099	10007.81	1.81666119563	9515.625	3.71215641773	10523.44	2.01867531056
5.23	0.655114760889	9984.375	1.72404181798	9492.188	0.785820194615	10476.56	1.05746411873
5.231	0.401211769727	10007.81	0.864392073682	9539.062	1.14952614672	10476.56	2.74375637808
5.232	0.481447206299	9984.375	5.04250297801	9468.75	1.44249770266	10476.56	2.74685260095
5.233	0.612956949916	9984.375	3.31348580305	9515.625	2.80084101897	10523.44	1.03584419411
5.234	1.0135749411	10031.25	1.30531668799	9468.75	1.97899972097	10500.0	1.4064453863
5.235	0.403903808709	10007.81	3.43118833364	9492.188	2.03695170894	10453.12	3.58773346796
5.236	0.437637701094	10007.81	2.66870726708	9539.062	0.523210861832	10476.56	1.63543593458
5.237	0.641301175939	10007.81	2.3222625785	9515.625	1.03301890285	10523.44	3.0647366446
5.238	0.366536705935	9984.375	3.08486266895	9539.062	0.347106202873	10453.12	2.85522597807
5.239	0.541085911712	10007.81	3.39088318413	9492.188	0.79390195546	10476.56	2.52347187073
5.24	0.888732350042	10007.81	2.26172537508	9515.625	1.16408101885	10523.44	2.05826311641
5.241	0.602266657745	10007.81	3.12850674824	9539.062	0.516369803194	10523.44	3.1816354902
5.242	0.518438634121	9960.938	2.76244034015	9539.062	0.790086482155	10523.44	3.0289776061
5.243	0.803209529356	10007.81	6.16214208084	9468.75	1.80003654561	10500.0	3.74677401493
5.244	0.562634966643	9984.375	4.95076200604	9492.188	1.07698887904	10546.88	0.39351211105
5.245	0.555562828037	10031.25	1.03942495297	9539.062	2.6003682334	10523.44	1.37436640673
5.246	0.73670993843	9984.375	3.43175739713	9539.062	0.980568788839	10453.12	1.80778540305
5.247	0.807823065006	10007.81	2.97496677767	9515.625	1.00730259234	10523.44	2.25585457512
5.248	0.528181745123	10007.81	0.652168856727	9468.75	2.46398618196	10523.44	3.43821840309
5.249	0.712900172735	10007.81	4.62931931002	9468.75	0.841074383288	10523.44	2.40194643585
5.25	0.790834568963	10031.25	3.55713450161	9539.062	2.3484606144	10500.0	1.27071234388
5.251	0.429804188472	9984.375	3.74563173711	9468.75	2.01269208182	10546.88	0.303387762603
5.252	0.658514442459	10007.81	9.25101270502	9468.75	2.25442916483	10453.12	2.56640958579
5.253	0.680376431881	9984.375	1.49850141447	9539.062	1.52521221698	10500.0	1.10790743916
5.254	0.816974097453	10007.81	4.70474951227	9468.75	4.80616604268	10476.56	1.86795158895
5.255	0.378822349035	9984.375	7.1851060035	9468.75	0.872020509764	10500.0	0.994273514034
5.256	0.532092655188	10007.81	3.45677352449	9492.188	2.25691370224	10500.0	1.06847000919
5.257	0.450355662398	10007.81	4.13566382924	9492.188	2.7048497435	10476.56	2.58890039544
5.258	0.589639304341	10007.81	5.70435490733	9468.75	3.21786611196	10523.44	0.950042438598
5.259	0.452353044121	10031.25	1.94963980005	9539.062	0.585743118192	10500.0	1.16506047226
5.26	0.789902614218	10007.81	9.87563183693	9515.625	1.88903014638	10546.88	3.03335140477
5.261	0.845315390482	10007.81	2.59699801755	9468.75	0.78965512908	10500.0	2.07233701395
5.262	0.490767804518	9984.375	1.67257580427	9539.062	0.740200751917	10546.88	1.68062926126
5.263	0.720095726847	9984.375	4.67954546472	9539.062	0.911505330503	10523.44	1.26127961211
5.264	0.341885445618	9984.375	1.60246592093	9539.062	1.93967878094	10476.56	2.23079035068
5.265	0.315742305018	10007.81	5.21212276754	9492.188	1.34074476123	10476.56	1.48583891591
5.266	0.528413397902	10031.25	4.16190141236	9468.75	3.65291406274	10476.56	2.36234438627
5.267	0.850344981183	10007.81	1.93424966308	9515.625	0.550487572771	10453.12	1.38355601124
5.268	0.46477571943	9984.375	3.77995589553	9515.625	0.922096677023	10500.0	1.26405535841
5.269	0.469654241548	10007.81	5.0902584293	9492.188	2.34633494034	10500.0	2.79191343532
5.27	0.827061640156	9960.938	1.41965472613	9539.062	2.12002277	10500.0	3.27773291662
5.271	0.398040711913	10007.81	6.01923391684	9468.75	1.88921307363	10523.44	0.992107337847
5.272	0.396923646933	10007.81	3.76011999857	9492.188	2.23793623585	10453.12	2.28294064083
5.273	0.342555303809	9960.938	2.6391495693	9468.75	1.00057347413	10453.12	2.21541807159
5.274	0.386743696753	10007.81	4.64432805056	9539.062	0.371888405381	10500.0	3.40857765081
5.275	0.531501459293	9984.375	3.17408655459	9539.062	0.962655974126	10546.88	1.38881793027
5.276	0.987251851266	10007.81	1.83603059508	9515.625	0.630664544325	10453.12	0.668030307437
5.277	0.739755187115	10007.81	5.01007283468	9515.625	1.82126942483	10500.0	2.14576661365
5.278	0.687752214475	9984.375	0.949669004134	9539.062	0.873927290679	10523.44	0.94509301685
5.279	0.619883684481	10007.81	5.08547105197	9515.625	1.79164782326	10546.88	1.75374988365
5.28	0.672128990565	9984.375	3.35896947407	9468.75	2.86770488894	10476.56	3.30562859648
5.281	1.05563410838	9960.938	1.22554498594	9539.062	1.77013583221	10546.88	0.913306931901
5.282	0.431023358337	9984.375	4.80136021766	9515.625	1.06612617116	10500.0	1.0186665446
5.283	0.567250966501	10007.81	5.5620935441	9468.75	6.26512079223	10523.44	1.71269912803
5.284	0.484973568455	9984.375	0.474846585033	9492.188	2.62331993855	10523.44	2.02063082326
5.285	0.621385568744	9984.375	3.78534417404	9515.625	3.35641465659	10523.44	0.458133903224
5.286	0.604070976026	9984.375	1.33120065668	9492.188	0.982984657774	10523.44	1.71570616858
5.287	0.656984165338	9960.938	1.14160826404	9468.75	2.23651889421	10500.0	2.49472588905
5.288	0.319475936645	9984.375	9.08593294792	9539.062	1.91746973842	10453.12	2.47688270748
5.289	0.552278036352	9984.375	1.3566465221	9468.75	0.91949701241	10523.44	1.37733551106
5.29	17.4647734603	9984.375	106.799163899	9539.062	26.3594301612	10476.56	58.2003425512
5.291	0.722265219271	10007.81	7.18014739985	9515.625	0.737808606857	10546.88	1.08034091486
5.292	0.417369795092	10031.25	1.06159762069	9515.625	1.32727237575	10523.44	1.53474920415
5.293	0.395930593861	9984.375	3.6797312658	9492.188	0.777527282942	10500.0	2.42091944208
5.294	0.544177933495	9984.375	5.41009228534	9468.75	2.41307273149	10523.44	2.15889616585
5.295	0.432715796253	10007.81	0.515652911348	9492.188	2.10982343316	10500.0	4.43505880002
5.296	0.813167601905	10007.81	5.42360498867	9492.188	1.74026149496	10500.0	1.72216836148
5.297	0.780434009648	10007.81	4.8017894748	9539.062	0.893603689343	10476.56	1.2368207296
5.298	0.35902791756	10031.25	0.682316522578	9468.75	2.0003485355	10453.12	0.75725889601
5.299	0.764377482069	9984.375	9.73862530072	9539.062	1.19546345323	10500.0	1.69457287207
5.3	0.583256474935	10007.81	0.600962483865	9539.062	1.53086663722	10523.44	0.892494906304
5.301	0.479273182319	9960.938	0.661644830908	9492.188	2.78028540411	10500.0	1.39746641859
5.302	0.477655617146	10007.81	5.79438641977	9468.75	2.74307769546	10453.12	2.91711471819
5.303	0.423397585198	10007.81	0.746969213881	9468.75	2.22004470812	10523.44	3.99710309285
5.304	0.471697432577	10007.81	5.90599360993	9492.188	1.06219152259	10500.0	1.6203605342
5.305	0.423551570214	10007.81	9.05744284708	9468.75	1.23093419755	10476.56	0.703001050546
5.306	0.693861269962	10031.25	1.51303570123	9539.062	0.375790869318	10523.44	1.27100529007
5.307	0.549225499835	9984.375	2.2549949689	9539.062	0.929625528148	10453.12	2.25390522383
5.308	0.717143524822	10007.81	3.52496257692	9492.188	3.06072500513	10523.44	1.38400359586
5.309	0.590111432867	10007.81	0.50502278534	9515.625	0.690410133814	10453.12	1.65547291086
5.31	0.519814504373	10007.81	5.33727180591	9515.625	2.5424650365	10453.12	2.06071052438
5.311	0.676251472118	10007.81	2.48109050618	9539.062	0.494003520969	10546.88	0.669084457079
5.312	0.504571687413	10031.25	0.952268128453	9515.625	0.563756430581	10523.44	3.02837566048
5.313	0.321795319139	9984.375	1.91506228949	9492.188	1.4248308117	10500.0	2.59955808309
5.314	0.491404362091	10031.25	1.19603050643	9492.188	0.889508924172	10546.88	1.0627995908
5.315	0.728630969732	10007.81	5.59236898881	9515.625	0.626557263559	10523.44	3.15288998951
5.316	0.510869559625	10007.81	5.4352548923	9492.188	1.20031821858	10453.12	1.92160870965
5.317	0.60522086174	10031.25	2.13338364763	9468.75	2.7385934867	10453.12	1.27519881382
5.318	0.522891112601	10007.81	3.01912030006	9539.062	0.985602770903	10453.12	1.49407172303
5.319	0.465081430604	10007.81	3.86456115143	9515.625	1.59996277328	10453.12	5.28102206425
5.32	0.863049370382	9960.938	1.18796087111	9515.625	3.07091883139	10523.44	1.78535761399
5.321	0.662739698434	9984.375	3.46185094173	9468.75	2.73231282619	10476.56	1.29566781078
5.322	0.348130511363	10007.81	2.39828275505	9492.188	0.965885020659	10500.0	0.771678134503
5.323	0.490735276889	10007.81	2.03266569078	9539.062	1.177309829	10546.88	1.01472117991
5.324	0.368943039641	9984.375	3.1558216906	9539.062	0.417340652388	10523.44	0.740952482973
5.325	0.444487054888	10007.81	2.72460793902	9468.75	1.1036621663	10453.12	3.33844762622
5.326	0.482800284932	9960.938	1.08786608961	9468.75	1.17720327067	10453.12	2.4471943382
5.327	0.60855666921	10007.81	6.61738949828	9492.188	2.36575670782	10453.12	2.9070744626
5.328	0.331787243961	9984.375	2.0614505705	9515.625	0.813544746809	10546.88	1.54711832232
5.329	0.641046881867	9984.375	3.1485702642	9492.188	1.27613650731	10500.0	1.37101869563
5.33	0.244657303097	10007.81	4.87676868063	9539.062	2.0108643629	10500.0	1.41256403074
5.331	0.950688332902	10007.81	2.14285575868	9492.188	1.7642175849	10453.12	0.882140431703
5.332	0.551297209515	10007.81	2.96479236299	9492.188	1.22552969216	10546.88	0.809993200348
5.333	0.509419851125	10007.81	4.50700284855	9492.188	3.42515576253	10476.56	4.92011324377
5.334	0.328859815974	10007.81	2.83966829958	9492.188	2.91050558247	10500.0	2.89096322355
5.335	0.479158781363	9984.375	3.8914630479	9492.188	3.30547784979	10500.0	3.28634381019
5.336	0.520543783931	10007.81	1.82685431699	9515.625	0.602037386618	10523.44	1.91980703341
5.337	0.613890333502	10007.81	0.655960796425	9492.188	1.99718338216	10523.44	1.76201731381
5.338	0.707530899707	10007.81	2.4491300017	9492.188	3.32109840635	10476.56	2.49918413687
5.339	0.454704824968	10031.25	1.03362384005	9492.188	3.34469497143	10546.88	0.699861138909
5.34	0.662610038275	10007.81	1.53014504873	9492.188	0.987167457602	10476.56	1.93299133152
5.341	0.398821960282	9984.375	3.34928424693	9515.625	1.61422503719	10500.0	2.54495068267
5.342	0.585863725419	9960.938	2.31062170866	9492.188	0.968755666429	10523.44	3.84915470123
5.343	0.404255829264	10007.81	6.03212868413	9539.062	0.470939535003	10476.56	3.20174842813
5.344	0.489487302384	9984.375	7.98454730206	9515.625	0.52933875305	10453.12	0.876208879852
5.345	0.511951196662	10007.81	1.88958963523	9539.062	0.566872629077	10546.88	1.04385318698
5.346	0.46305697278	10007.81	1.75829526356	9468.75	0.788680428944	10453.12	1.4253144444
5.347	0.407881016407	9984.375	2.35749652113	9468.75	1.99079016468	10523.44	2.55370223065
5.348	0.452357106817	9984.375	1.94411571816	9539.062	0.900803856976	10476.56	1.92974321318
5.349	0.608588266505	10007.81	1.8140116343	9539.062	0.467634172529	10523.44	1.79443430206
5.35	0.609702984778	9984.375	4.16435071047	9515.625	3.3192850334	10500.0	0.811041867161
5.351	0.614450229741	10007.81	1.2105796756	9515.625	2.10779186762	10546.88	0.728715839024
5.352	0.374322097261	10007.81	6.52907085763	9468.75	2.66708162275	10500.0	1.42473965479
5.353	0.560170813066	9984.375	1.33049205172	9515.625	0.563721161597	10500.0	0.978474330976
5.354	0.486978093722	10031.25	2.79991983559	9492.188	0.464151428617	10476.56	2.14940571167
5.355	0.499365708686	9984.375	5.26267078963	9492.188	1.17880870236	10476.56	1.84779574784
5.356	0.36880028979	9960.938	0.562503842778	9492.188	4.60873491125	10523.44	1.9700099497
5.357	0.488355188429	9984.375	8.08675008325	9468.75	1.44576723468	10476.56	2.35672411976
5.358	1.08457088442	10007.81	1.97826228426	9515.625	1.62312200217	10453.12	1.74907416803
5.359	0.40542950773	10007.81	0.52439749767	9515.625	0.23129493816	10523.44	1.08097518701
5.36	0.455324224602	9984.375	2.30962068478	9468.75	3.12894505435	10500.0	2.54999119495
5.361	0.712426296633	9960.938	1.73609869755	9515.625	0.573605351412	10523.44	2.75407892359
5.362	0.686769669422	10007.81	0.629624719443	9492.188	0.916823097614	10546.88	0.884196491217
5.363	0.59119151083	9984.375	6.09046190056	9492.188	1.40362013028	10523.44	3.22182924391
5.364	0.343526936348	10007.81	1.63323820043	9515.625	1.05202754344	10500.0	3.1196845808
5.365	0.34835608118	10007.81	5.26242429846	9515.625	2.97178419681	10476.56	1.15364990236
5.366	0.612102557185	9984.375	2.75488756745	9515.625	1.28988887073	10523.44	1.41889399618
5.367	0.693384412546	10031.25	1.21023687956	9515.625	1.02756174198	10476.56	2.44274982259
5.368	0.397088621501	9960.938	1.30485917867	9515.625	2.16383684251	10453.12	1.79054542511
5.369	0.526585037408	9984.375	2.86258397085	9515.625	1.12228460393	10523.44	1.5142277241
5.37	0.372119629424	10031.25	0.298900494424	9515.625	2.91967796775	10523.44	3.5652989637
5.371	0.472098769327	10007.81	2.95726539823	9515.625	0.984469338225	10546.88	0.789550950282
5.372	0.577141083947	10007.81	4.43127591251	9539.062	1.12626736343	10523.44	1.86373232188
5.373	0.48779263163	9984.375	1.54369791957	9468.75	1.28217669945	10546.88	1.75551716624
5.374	0.38137918528	9984.375	3.9117381114	9515.625	2.34432204259	10453.12	2.88988851523
5.375	0.378412791556	10031.25	0.638610466204	9539.062	0.386966405865	10546.88	1.79893967261
5.376	0.486432852313	10007.81	3.3265791633	9492.188	0.390474662546	10500.0	5.79614720932
5.377	0.533943790547	9984.375	3.42733367642	9468.75	1.27352211233	10453.12	4.28390943574
5.378	0.329330272615	10007.81	0.760457393947	9468.75	0.927362567306	10453.12	2.07797959393
5.379	0.379435853128	10007.81	2.26768175196	9468.75	1.77413527036	10500.0	3.30458945082
5.38	0.630306536307	10007.81	2.96674982759	9492.188	2.05895804242	10500.0	1.25472915417
5.381	0.509401612402	9960.938	2.66819514264	9468.75	0.844597580379	10523.44	1.82444927795
5.382	0.829724354271	9984.375	2.82294785282	9468.75	1.84039182246	10476.56	1.31611750861
5.383	0.498929824649	10007.81	4.60045469005	9468.75	0.655070658745	10523.44	1.47307066012
5.384	0.384935092756	9984.375	0.810104661315	9539.062	0.671959263782	10476.56	0.46690899322
5.385	0.719612122515	10007.81	2.9880650248	9539.062	0.753409355815	10546.88	1.10565601456
5.386	0.508401210703	9984.375	2.04309433845	9539.062	0.372354909937	10500.0	2.22944326218
5.387	0.449664071761	9984.375	1.8143515473	9515.625	2.01604979215	10476.56	2.63315518843
5.388	0.339092404597	9984.375	3.49782225163	9539.062	1.09088659968	10453.12	2.06586533947
5.389	0.296794500878	10007.81	0.979505986495	9468.75	4.67906057007	10453.12	0.6518864281
5.39	0.596337879244	10007.81	5.09449791003	9492.188	1.62236345989	10476.56	1.41752571624
5.391	0.347126777996	10007.81	8.79815014664	9539.062	0.941328323836	10476.56	5.123050604
5.392	0.527465412821	10031.25	0.572968704616	9492.188	0.525963691826	10453.12	2.3315322396
5.393	0.453084083177	10031.25	2.48258384178	9515.625	3.23004875581	10453.12	1.5034373004
5.394	0.446993726854	9984.375	3.16769029776	9492.188	2.01022434468	10523.44	2.36443452113
5.395	0.520138396552	10007.81	1.51478499862	9515.625	2.34480835629	10546.88	1.26978160694
5.396	0.532600071615	10007.81	4.96608085258	9539.062	0.667889910514	10523.44	0.64576928562
5.397	0.240370180499	10007.81	5.29339072774	9539.062	1.23592511785	10523.44	4.17836044006
5.398	0.568470600058	10007.81	0.77905562331	9515.625	2.06999452403	10500.0	1.51822141821
5.399	0.729016470368	9984.375	3.0883867656	9539.062	1.25185716848	10523.44	1.7234254006
5.4	0.434838487357	9984.375	3.00391083594	9539.062	0.790324143997	10500.0	1.08822457876
5.401	0.9419413712	10031.25	1.02565438249	9492.188	2.69993969688	10476.56	2.5901385951
5.402	0.667975366924	10007.81	6.41931586913	9539.062	1.78945821932	10453.12	1.32996916657
5.403	0.398725289984	9984.375	1.16254176408	9515.625	2.14357949048	10453.12	1.4838518028
5.404	0.515623062116	10007.81	3.05515652922	9492.188	1.08357022086	10476.56	2.07678503805
5.405	3.38243537648	9984.375	14.0512471923	9515.625	11.3930793923	10546.88	4.6706766998
5.406	0.469119679176	9960.938	0.536262884103	9468.75	1.64624936597	10523.44	2.46024511576
5.407	0.680785681636	10007.81	4.48291339909	9492.188	0.874084830428	10476.56	2.14793354275
5.408	0.32065216554	10007.81	8.70309890234	9468.75	1.94359608735	10523.44	1.28490640987
5.409	0.543332496993	10007.81	3.31827696457	9468.75	1.83228446072	10523.44	1.09909203009
5.41	0.750314806293	10007.81	8.76428929779	9492.188	0.497268871943	10476.56	1.06513608616
5.411	0.8197785354	9984.375	6.71712770628	9468.75	1.26854988514	10546.88	1.58148321883
5.412	0.666749045182	9960.938	0.807522814954	9539.062	1.09833413679	10476.56	3.40276252164
5.413	0.527041035576	9984.375	12.6387414504	9468.75	1.41838057255	10453.12	3.21745616235
5.414	0.506441048342	9984.375	2.24697056395	9539.062	1.07823875118	10546.88	1.81848230721
5.415	0.621186148394	10007.81	5.7714588919	9468.75	4.48809769582	10546.88	1.44655638289
5.416	0.464071117759	10007.81	6.80055073253	9468.75	3.31297654481	10523.44	2.56138541961
5.417	0.678639068134	10007.81	1.48458285713	9539.062	1.29021411198	10546.88	1.26443762928
5.418	0.641140030469	10007.81	5.35435361843	9539.062	0.972805018569	10453.12	1.26276369379
5.419	0.941234699158	9984.375	7.5098866433	9492.188	0.655647704017	10453.12	1.62044786488
5.42	0.419971744704	9960.938	1.26110723112	9539.062	1.44040507883	10500.0	2.46043201109
5.421	0.804821809771	10007.81	11.5141527542	9515.625	0.952456450321	10453.12	2.59185493472
5.422	0.573277339086	9984.375	3.60529072673	9492.188	1.62683429908	10546.88	1.12879280661
5.423	0.653297378754	10031.25	1.18409129885	9468.75	0.943735134415	10500.0	2.10931543149
5.424	0.675029317683	9984.375	7.39450155034	9539.062	0.526644789837	10476.56	2.72404211295
5.425	0.742397533319	10007.81	2.53687300942	9492.188	2.58040922852	10546.88	2.82651949824
5.426	0.859540273291	10007.81	2.17456536474	9468.75	0.966452429379	10476.56	3.38534514743
5.427	0.540847563076	10007.81	13.6090233556	9539.062	1.11252418065	10546.88	1.01098529823
5.428	0.907931558766	10031.25	0.754443944913	9492.188	2.3717740595	10500.0	2.9575664917
5.429	0.690445293851	10007.81	3.59906734122	9492.188	3.1288998343	10453.12	4.09977836433
5.43	0.572199823736	10007.81	4.90539134748	9515.625	3.47365521559	10500.0	1.38565949674
5.431	0.689085121522	10031.25	1.68527285515	9468.75	1.95129475743	10453.12	1.89597109989
5.432	1.00975105974	10007.81	10.5860710772	9468.75	1.21790799745	10546.88	1.809233941
5.433	0.747254783646	10007.81	9.08334091769	9492.188	1.32281162173	10453.12	4.92745964112
5.434	0.796226239822	10007.81	1.7139991223	9539.062	0.431746149434	10523.44	2.17716213916
5.435	0.54025482249	10007.81	11.4640688801	9492.188	1.15361446809	10500.0	1.09167102089
5.436	0.598043235508	9984.375	1.58479606518	9492.188	4.9389825009	10546.88	3.96790157378
5.437	0.377643215157	10007.81	3.46267530173	9468.75	0.62175706902	10453.12	0.768239321676
5.438	0.748287673646	9984.375	7.33509740255	9492.188	4.81312911913	10476.56	2.87375637082
5.439	0.678998431942	9984.375	1.94420598456	9539.062	0.656938369473	10476.56	2.69807358703
5.44	0.618199476744	10007.81	2.86110630474	9468.75	0.818448297774	10453.12	2.87595595184
5.441	0.642386569956	10007.81	3.90359347829	9515.625	2.82132089743	10546.88	0.893767452763
5.442	1.03172036764	9984.375	0.513750722675	9539.062	1.60992945698	10500.0	1.54901093123
5.443	0.656432056312	9984.375	4.96910433329	9492.188	0.705816777436	10453.12	1.00403533267
5.444	0.511333934164	10031.25	3.53280753888	9492.188	0.716288841569	10546.88	2.4797407474
5.445	0.704457584046	9960.938	2.23523179774	9515.625	2.28942615733	10500.0	1.05936029643
5.446	0.670693742619	10007.81	14.4257371717	9492.188	3.46452019608	10546.88	1.64227931998
5.447	0.70767472665	10007.81	2.05410002858	9515.625	2.66504833915	10500.0	3.13890678582
5.448	0.458724658614	9960.938	0.481669999329	9492.188	2.04770205361	10453.12	2.72352615895
5.449	0.716954979766	10007.81	3.75894541196	9468.75	2.78343039419	10546.88	1.18382283424
5.45	0.432426124879	10007.81	3.5046313522	9539.062	1.3071955057	10546.88	1.25411485829
5.451	1.0700721083	9984.375	1.07186926249	9468.75	2.42710639907	10453.12	1.56801982916
5.452	1.46082855738	10007.81	5.38475466888	9539.062	1.22923527713	10453.12	3.71258345568
5.453	1.18033315936	10007.81	0.72818162652	9492.188	1.25770150347	10523.44	2.24913240261
5.454	0.861206351719	9984.375	3.43654213072	9468.75	1.30212045717	10453.12	2.62293452624
5.455	1.04716985576	9984.375	8.56068672317	9515.625	1.2902838169	10500.0	1.42535705538
5.456	0.808299976021	9984.375	0.488078411823	9492.188	1.74705917727	10453.12	1.09554020216
5.457	0.552672690477	9984.375	8.12888985399	9515.625	2.99588898881	10453.12	2.88081989279
5.458	0.478917782726	10007.81	6.06437646589	9539.062	1.649636467	10500.0	4.04639937263
5.459	0.79310061432	10007.81	2.64487936934	9468.75	1.19015832991	10523.44	4.67359381044
5.46	0.852697057461	10007.81	12.9669343469	9468.75	1.90429324166	10523.44	2.63218066946
5.461	0.807507189256	10007.81	6.90107275059	9515.625	1.90807346808	10500.0	1.4963743816
5.462	0.543444645172	10007.81	3.09318226913	9539.062	2.3536330327	10453.12	3.77976558386
5.463	1.056335689	9984.375	5.61961758418	9468.75	3.22074666454	10453.12	1.30302049663
5.464	0.639492593489	9984.375	2.24377214501	9515.625	1.86354575948	10476.56	2.18352243559
5.465	0.63576396298	10007.81	5.23516328623	9539.062	0.449885609925	10500.0	2.15890468794
5.466	0.577523400062	10007.81	7.11832334459	9539.062	2.44373022685	10546.88	0.719841462579
5.467	0.53749588539	9984.375	2.9206675231	9515.625	2.29081523108	10546.88	1.65516463416
5.468	0.801810412897	9984.375	3.1661698157	9468.75	1.08301121294	10453.12	3.03238577258
5.469	0.359413786887	9984.375	6.92776064851	9492.188	2.14824774055	10453.12	4.42637771284
5.47	0.673577983008	9960.938	2.35130475402	9492.188	2.27796618914	10546.88	2.01785494475
5.471	0.592215968843	10007.81	11.2396113106	9468.75	1.48103200426	10546.88	1.52073348962
5.472	1.02563281616	10007.81	3.19460792597	9492.188	2.80771371681	10546.88	1.04404787931
5.473	0.588883805725	9984.375	3.23805851138	9539.062	1.57696220018	10476.56	2.72047294765
5.474	1.13702427848	10007.81	12.4272515302	9468.75	1.13902126795	10453.12	4.98263895157
5.475	0.440902594649	10007.81	4.11614639639	9468.75	3.34752510392	10523.44	3.31215575583
5.476	0.880376670962	10031.25	2.27612102131	9468.75	1.50124967616	10546.88	1.18832930691
5.477	0.529347676281	10007.81	17.3022850125	9515.625	0.676118288125	10453.12	4.07838907222
5.478	0.742854628549	9984.375	0.906864166844	9468.75	1.50591115017	10546.88	0.692582667302
5.479	0.680146216289	10007.81	2.78770386357	9492.188	0.975066313894	10453.12	1.15017242546
5.48	0.485424351162	10007.81	13.8125414816	9492.188	3.23555680789	10546.88	1.21342869911
5.481	0.441789684354	9984.375	1.08895540957	9468.75	1.25986098104	10476.56	1.42848355404
5.482	1.04713938045	9960.938	5.90720606548	9539.062	1.10552544736	10453.12	2.49710203037
5.483	0.898069869083	10031.25	5.72935513705	9539.062	1.3038887719	10500.0	2.19619124946
5.484	0.850487702092	10031.25	1.42708230742	9468.75	1.18690211333	10546.88	0.754785225681
5.485	0.655532613196	10007.81	6.63885197178	9515.625	1.49015530783	10546.88	2.29809259186
5.486	0.475082763745	10007.81	5.54384448762	9492.188	1.67391785858	10523.44	2.15141528892
5.487	0.670082486444	10031.25	3.79951121703	9492.188	2.4470584367	10476.56	1.35529076826
5.488	0.734097529216	9984.375	4.29766297668	9515.625	1.74562446208	10453.12	2.08759349832
5.489	0.7095644624	10007.81	2.70364146629	9539.062	1.18039248323	10523.44	1.64076349477
5.49	0.490485436314	10007.81	4.46588568673	9539.062	1.52563327009	10523.44	4.20543760598
5.491	0.79583580923	10007.81	7.77300424784	9468.75	0.839171207616	10500.0	2.71249851657
5.492	0.538737104943	10007.81	4.64700159156	9515.625	1.33454185569	10523.44	1.26705004784
5.493	0.881003809713	10007.81	7.57821293122	9515.625	2.33082498551	10476.56	3.01246546854
5.494	0.459425076593	10007.81	2.68307518595	9539.062	1.50040150131	10546.88	1.69122452034
5.495	0.523656991058	9960.938	1.70301488946	9468.75	2.07026853046	10546.88	0.525837358412
5.496	0.462623719178	10007.81	10.429366017	9492.188	1.01887308802	10453.12	1.13384036653
5.497	0.699561448278	9960.938	2.44884299885	9515.625	0.584594824078	10523.44	3.03472204431
5.498	0.398477551293	9984.375	3.78463072393	9515.625	0.971927778546	10476.56	1.47372945508
5.499	0.650873772304	9984.375	6.53825358522	9492.188	2.14538276753	10453.12	2.26643953932
5.5	0.580159504233	9984.375	5.10111258373	9539.062	1.46846673638	10546.88	2.67865452278
5.501	0.485823466033	9984.375	2.06757413288	9468.75	1.62457527162	10546.88	0.60617710272
5.502	0.32507692669	10007.81	7.82916823732	9539.062	1.48681876826	10476.56	1.20757924153
5.503	0.759778238904	10007.81	0.836647685021	9492.188	0.682803019015	10546.88	1.34193583775
5.504	0.436079425506	10007.81	3.49664683219	9492.188	1.26531819655	10476.56	2.28340723871
5.505	0.407621065068	10007.81	4.71170315348	9492.188	2.61219854323	10546.88	1.9210688867
5.506	0.67507353327	10031.25	0.913033089152	9515.625	0.906272349737	10500.0	2.15525064919
5.507	0.403671449562	9984.375	5.36852672758	9515.625	2.25080080962	10500.0	2.34511036261
5.508	0.943909803698	10007.81	4.73715399053	9492.188	1.99338989228	10523.44	3.50126707893
5.509	0.464077964995	10031.25	2.27578568778	9515.625	2.08053396717	10476.56	3.06636940926
5.51	0.549154064036	10007.81	7.85955926026	9539.062	1.42652385111	10453.12	1.78554127001
5.511	0.407639619806	10007.81	8.61598583992	9468.75	3.10269239164	10500.0	1.5755285703
5.512	0.449975006621	10031.25	0.871788824127	9539.062	3.39586844359	10500.0	1.64421335455
5.513	1.02678389443	10007.81	6.29217249754	9515.625	2.08425268704	10476.56	2.45207382129
5.514	0.771373737897	9984.375	5.65436458295	9468.75	5.96428729956	10523.44	2.25008217192
5.515	1.25649683222	10007.81	7.72253725451	9515.625	7.12681140138	10546.88	1.36897985501
5.516	1.27318901855	10007.81	10.0987202662	9468.75	3.48066213797	10546.88	2.26407414344
5.517	1.00176237687	9984.375	2.20873097494	9515.625	1.27315873515	10500.0	4.58633121576
5.518	1.22581939724	10007.81	5.67418370239	9468.75	5.50655285136	10476.56	3.4031375321
5.519	1.28717023127	9984.375	6.92651941045	9492.188	7.03107765717	10523.44	3.36174237455
5.52	25.9589672505	9984.375	29.1902195149	9468.75	19.050255753	10500.0	97.5083387657
5.521	0.770421808651	10007.81	4.89923535276	9515.625	2.62125909825	10546.88	3.64183517265
5.522	0.930011648722	10007.81	3.0507483329	9468.75	2.63711061338	10500.0	1.82812540344
5.523	0.800093419307	10031.25	4.90990476909	9492.188	3.08924927673	10523.44	7.67767368761
5.524	0.913719906875	10007.81	4.80842888243	9492.188	3.50159221294	10500.0	5.39278814696
5.525	1.1204425484	10031.25	4.25977551455	9515.625	10.4056134957	10500.0	0.93274913508
5.526	1.03417311282	9984.375	1.68016631924	9468.75	3.73783612452	10523.44	5.10851831322
5.527	0.957143133723	9984.375	10.2713749865	9515.625	3.62156427864	10523.44	2.48961254657
5.528	0.824531857389	10007.81	4.08524533507	9539.062	3.34793705674	10546.88	2.33568164303
5.529	1.15123007682	10007.81	9.33724594301	9492.188	3.03401703378	10546.88	2.51964548357
5.53	1.13820845283	9984.375	8.13294679738	9515.625	3.01623107048	10453.12	3.34337275885
5.531	1.24193940816	9984.375	3.27749626648	9539.062	1.61104195689	10476.56	5.04362843364
5.532	1.11425180705	10007.81	5.76045960485	9539.062	5.61267858973	10500.0	6.44158581658
5.533	1.23830853938	9984.375	5.28607831198	9468.75	11.2438713538	10546.88	2.81800664377
5.534	1.45236032012	9984.375	1.69721102497	9515.625	5.1005137166	10476.56	3.43100415067
5.535	0.932663552711	10007.81	5.78999895212	9492.188	3.66975673437	10476.56	2.6332857709
5.536	1.05901072784	9960.938	4.99683163917	9468.75	1.33531231301	10500.0	4.03522375426
5.537	0.81072762574	9960.938	2.11799822364	9539.062	1.81877749412	10523.44	4.71430385912
5.538	1.46716909001	9984.375	8.02069541573	9492.188	4.22586230465	10546.88	2.2355665072
5.539	1.02170163329	9960.938	3.27447906605	9515.625	3.84264849979	10453.12	4.43025970053
5.54	1.26006515528	10007.81	4.05842279642	9468.75	3.86554491206	10453.12	10.3112682448
5.541	1.34249989599	9984.375	6.32408190766	9515.625	2.80095392906	10500.0	5.27140240478
5.542	1.0952074074	9960.938	4.04832738068	9492.188	1.0637488735	10523.44	2.4599809982
5.543	0.900684029448	9984.375	9.35861715766	9539.062	0.731429958866	10453.12	3.15044957035
5.544	1.55804688697	9984.375	9.20562987471	9515.625	5.68139586294	10523.44	3.19696720764
5.545	1.66705327656	10007.81	2.32233402746	9468.75	4.94223346792	10523.44	6.98304006901
5.546	1.86077929354	10007.81	15.9537541208	9515.625	4.3109154709	10546.88	2.61979095234
5.547	1.18634456804	10007.81	3.68570571032	9539.062	1.74272503831	10476.56	3.33577981331
5.548	1.89465644932	9984.375	1.30818891625	9492.188	4.35552922292	10500.0	5.21259405863
5.549	0.882018030739	9984.375	6.10313453406	9539.062	1.71888695882	10523.44	10.6926634054
5.55	1.0390345592	9960.938	5.2489751749	9492.188	3.52654811844	10453.12	1.580271737
5.551	1.82721638863	9984.375	3.09577147166	9468.75	3.73256560006	10546.88	2.76280332717
5.552	1.46821642967	10007.81	9.05876673178	9492.188	2.92407703458	10500.0	4.06358165819
5.553	1.03709039897	10007.81	7.93052434398	9468.75	6.14603921529	10523.44	3.69446269636
5.554	2.09692053867	9984.375	7.72424237339	9492.188	1.17722382722	10500.0	4.04825759797
5.555	2.36496035753	9984.375	12.3493511532	9539.062	6.46987365672	10523.44	5.56123128897
5.556	1.14548215958	10007.81	1.11826917831	9515.625	7.57787428993	10546.88	5.55483190984
5.557	0.852316262651	9984.375	5.93118520364	9539.062	1.55125397586	10546.88	6.95478257038
5.558	2.11927226568	10007.81	13.2287604968	9492.188	2.1716161177	10546.88	3.40463867728
5.559	1.99311554074	10031.25	1.49854777571	9468.75	5.9570817973	10523.44	8.95057759688
5.56	0.88841728661	10007.81	17.7517127082	9539.062	2.36017874343	10476.56	5.17430138856
5.561	1.32787986996	10007.81	2.6634212915	9468.75	12.2316728185	10453.12	3.9244930664
5.562	0.806347124718	10007.81	2.62149125271	9539.062	1.53124224964	10476.56	3.63683273838
5.563	1.65766406181	10007.81	18.5321879533	9468.75	4.64935699179	10476.56	4.30545071245
5.564	2.03002034724	10007.81	7.1317181434	9539.062	1.94381336951	10523.44	6.25373064056
5.565	1.48314581812	10007.81	2.77795290423	9539.062	8.02800049397	10453.12	6.2562187082
5.566	0.805274097923	10007.81	7.80962367763	9515.625	7.30733897486	10500.0	10.0429029754
5.567	0.511175934053	10007.81	2.45588209313	9492.188	7.80199067573	10546.88	1.2001864399
5.568	1.77000090149	10007.81	3.54868022914	9492.188	2.17147162796	10546.88	1.15570195037
5.569	1.57572446267	9984.375	4.43139084113	9468.75	7.03115150056	10523.44	2.77003136134
5.57	0.878674275691	10007.81	1.65822859399	9468.75	3.23379557232	10546.88	4.58654633905
5.571	1.93954633259	10007.81	18.5868794978	9539.062	9.50251300516	10523.44	11.6581370191
5.572	3.3048562644	10007.81	7.47545848583	9492.188	4.77899096162	10500.0	9.31952159617
5.573	1.75256918783	10007.81	4.43244328481	9539.062	2.44199523177	10523.44	11.3142583469
5.574	1.29118970492	10007.81	3.33714728856	9515.625	3.05643966946	10500.0	7.306221321
5.575	1.72892579969	10007.81	10.5844090011	9492.188	5.60603687411	10453.12	17.125431386
5.576	1.88062403495	9960.938	5.38105455693	9539.062	4.62832152776	10476.56	8.05367341685
5.577	1.77774731351	10031.25	11.0067162087	9468.75	8.99587118239	10523.44	2.87112526761
5.578	2.14245064435	9960.938	3.73853938212	9492.188	4.85197333706	10546.88	4.22445150472
5.579	1.30271820725	10031.25	8.57861688168	9492.188	6.50500370055	10523.44	8.42092731338
5.58	2.38930180256	9984.375	9.40626173388	9492.188	5.27583359387	10546.88	2.70340205901
5.581	1.1309813382	9984.375	2.11241593706	9515.625	12.3883071593	10546.88	3.90462739886
5.582	2.27018193699	9984.375	18.0234593268	9515.625	6.67436546074	10453.12	5.3958861931
5.583	2.04251049809	10031.25	6.58775822703	9539.062	0.971408559264	10546.88	4.4895029825
5.584	2.61041098523	9984.375	8.42821912129	9468.75	17.8182783689	10453.12	15.2182254084
5.585	7.34115667875	10031.25	6.44994644077	9468.75	35.9889069031	10500.0	32.851551106
5.586	3.60004097409	9960.938	16.6384029098	9539.062	7.04911207776	10476.56	22.7573786307
5.587	2.54987416494	9960.938	10.8430645983	9492.188	4.48669075981	10500.0	10.9743124831
5.588	1.28806155718	9984.375	17.4013694843	9539.062	1.71137442204	10546.88	11.0621624868
5.589	143.101296023	9960.938	274.969136492	9468.75	908.395640941	10523.44	1459.30688385
5.59	1.9099815378	10007.81	11.9689254122	9468.75	3.51462659372	10523.44	3.25970167986
5.591	1.30101634897	9984.375	16.5261030188	9468.75	3.8680150594	10453.12	6.02822918097
5.592	1.20106946477	10031.25	0.966911008262	9468.75	6.31082629678	10453.12	3.19925923064
5.593	2.10067702164	9984.375	7.7761984189	9515.625	3.93371909177	10523.44	6.58949397875
5.594	1.75944779386	9984.375	14.8942112939	9492.188	9.74422128636	10523.44	15.6263646016
5.595	4.196229643	9960.938	13.3927142803	9492.188	9.50439938332	10453.12	28.851846137
5.596	3.11293736809	10007.81	35.53307939	9492.188	3.60016569433	10500.0	5.92660337645
5.597	1.90982966376	10007.81	26.1539509928	9492.188	4.19832591169	10500.0	5.12044354341
5.598	1.98950641406	10007.81	5.10803425212	9539.062	6.74356759807	10546.88	2.76009082519
5.599	5.3329078611	10007.81	12.3420733182	9539.062	6.27868766623	10500.0	15.9262521278
5.6	2.33568188224	9984.375	2.46906947531	9468.75	4.28573733764	10500.0	2.72281241951
5.601	2.75503617785	10007.81	14.8085289074	9468.75	1.97775808457	10453.12	5.47020351327
5.602	1.55955828529	10007.81	12.3345495927	9492.188	6.76865071216	10500.0	7.53689829545
5.603	1.42542267064	10007.81	2.55670487779	9539.062	3.69259097783	10546.88	3.75910456304
5.604	2.06522708835	10007.81	5.58106638294	9492.188	7.16785485291	10546.88	4.18428440817
5.605	5.98199831857	9984.375	29.319017864	9468.75	73.9135503012	10500.0	28.7601706245
5.606	1.88902951272	10007.81	2.60586010485	9539.062	2.31078556982	10453.12	7.57808836899
5.607	3.74370224627	9984.375	15.8654200634	9515.625	2.84829116679	10546.88	6.43381910895
5.608	2.04999038042	9960.938	21.2146689646	9492.188	5.25023263393	10546.88	10.0941196839
5.609	4.05247054135	9984.375	9.09313785886	9539.062	8.14774985817	10453.12	19.7804873642
5.61	4.04456522338	10007.81	14.7485109974	9468.75	7.96064566692	10523.44	5.97682135827
5.611	1.37496080134	10007.81	6.06572500627	9539.062	0.687029566627	10476.56	3.88603550383
5.612	1.83120734146	9984.375	4.10010049313	9492.188	7.88912234932	10546.88	4.31894173078
5.613	1.87256966679	10007.81	15.6182512459	9539.062	3.08972562057	10546.88	3.69442270717
5.614	1.33976219445	9984.375	2.44761882302	9539.062	2.52976080925	10546.88	3.75136370531
5.615	1.22160030198	10007.81	15.2704633886	9515.625	11.7321215345	10500.0	5.07894097969
5.616	1.74520168455	10007.81	21.6804022944	9515.625	4.64131514997	10500.0	10.9831636821
5.617	2.55950697984	10007.81	1.85677096205	9515.625	4.67415490433	10453.12	1.71571186818
5.618	2.3666172935	10031.25	5.08655289918	9468.75	6.12289961901	10523.44	10.7230686787
5.619	1.75073273398	9984.375	17.7490956136	9539.062	5.44826522496	10546.88	2.8117462012
5.62	1.8995747948	9960.938	3.71729445973	9515.625	7.88609560713	10453.12	8.57367288843
5.621	1.92301408584	9984.375	24.8204988524	9468.75	8.83692561156	10546.88	3.08570342063
5.622	2.26549043151	10007.81	7.64343110342	9515.625	5.83894204471	10453.12	5.51961509735
5.623	2.13041120186	9960.938	3.31166684753	9468.75	5.76424860194	10476.56	3.14917621686
5.624	1.64857446047	9984.375	3.43321886831	9492.188	4.150171105	10500.0	7.31943199834
5.625	1.64194964198	9984.375	5.92463331675	9539.062	3.28262011534	10453.12	12.4827193318
5.626	1.42718179187	10007.81	7.86190155539	9515.625	3.25883766734	10453.12	6.21480612857
5.627	1.7672069428	10007.81	29.2495935063	9539.062	6.97613537074	10523.44	6.15717169197
5.628	1.49739048049	10031.25	4.62822585783	9492.188	2.67878509869	10500.0	9.07422986696
5.629	2.12514439082	10007.81	4.19860540041	9515.625	6.321366737	10523.44	6.84705299862
5.63	3.855557898	9984.375	7.57582755718	9539.062	15.2757627201	10523.44	13.4315571469
5.631	2.93941105152	10031.25	2.08797237974	9492.188	4.49809432439	10500.0	5.5056904126
5.632	1.93755093438	9984.375	13.8819179578	9468.75	5.83903215374	10523.44	4.87834847297
5.633	0.57493571994	10007.81	11.7116153626	9492.188	5.52353992926	10453.12	3.11935750416
5.634	2.06080253242	9984.375	1.99652989843	9515.625	5.95952278311	10546.88	6.05861807638
5.635	2.21870610985	9984.375	5.06508251791	9492.188	6.07112297807	10500.0	6.19334835852
5.636	1.49848379775	9984.375	5.29158056869	9539.062	2.44795519359	10476.56	11.6834365422
5.637	1.30013323236	10031.25	2.17553964355	9539.062	4.25660184863	10476.56	3.67102846792
5.638	1.5803132632	9984.375	16.3708868451	9468.75	3.98328477798	10476.56	6.64657054721
5.639	1.48641350276	9984.375	4.08233299138	9515.625	6.69409256118	10500.0	4.55434193671
5.64	1.98755155892	10007.81	4.8241710368	9468.75	5.23486256075	10546.88	3.85160110594
5.641	1.83873058369	10007.81	6.17662773081	9492.188	1.44375584718	10546.88	2.06626065238
5.642	1.30715507563	10007.81	7.42312371048	9468.75	13.290285221	10453.12	3.95822751147
5.643	1.94461242821	10007.81	1.91293512642	9468.75	9.01300640031	10546.88	2.26021375586
5.644	1.84896697571	9984.375	9.33749602132	9515.625	9.46208246545	10523.44	8.19467009864
5.645	1.2107861654	9960.938	1.32270244724	9515.625	1.92090316465	10546.88	1.55976819909
5.646	0.960910630501	10007.81	1.60843533567	9468.75	6.00013641583	10476.56	3.92463291726
5.647	0.935114445066	10007.81	2.75301942516	9468.75	7.10798261311	10476.56	1.22762844598
5.648	0.78328206131	10007.81	3.33603924161	9468.75	5.26633869583	10523.44	2.23087628464
5.649	1.19483994443	10007.81	6.60347784997	9515.625	1.15228704918	10546.88	3.43048671733
5.65	1.43883898568	9984.375	3.16812541508	9468.75	3.1584770015	10523.44	5.07255305137
5.651	1.04354138876	10007.81	3.68075261572	9515.625	3.43952873212	10453.12	4.0607634756
5.652	0.996269527603	10007.81	4.31563350757	9515.625	3.83852510104	10500.0	6.81110737445
5.653	1.07596512871	9984.375	1.69794526464	9492.188	1.00930164807	10523.44	2.67608915698
5.654	0.963330041273	10007.81	3.09325305235	9492.188	1.43806264808	10500.0	3.04784443704
5.655	0.946874182155	9960.938	4.28739409774	9468.75	2.74498076139	10453.12	5.90241747828
5.656	0.88107455035	9960.938	1.12177052625	9539.062	5.74351594847	10523.44	4.06774103702
5.657	0.837180783508	10007.81	7.60377411334	9468.75	1.8568838324	10453.12	2.37643071232
5.658	0.938121080435	10007.81	11.7999347931	9468.75	1.58760367817	10453.12	7.70230355914
5.659	0.587463824659	10007.81	1.45431407964	9515.625	3.52632999769	10546.88	2.08596978009
5.66	1.09372584067	9984.375	9.14591388184	9492.188	1.45918029792	10523.44	2.050243694
5.661	0.880077635957	9984.375	2.80779659598	9539.062	0.7021134319	10476.56	1.0964542279
5.662	0.744978868768	9960.938	3.92851595266	9492.188	4.65674798513	10476.56	3.23297264485
5.663	0.537191226666	9984.375	5.40829800618	9515.625	2.26719600773	10500.0	2.79107225994
5.664	0.827826698273	9984.375	3.59142937648	9539.062	2.59421045557	10453.12	7.0270689262
5.665	0.407148952699	10007.81	7.0885611915	9492.188	3.9561423584	10546.88	3.77074163931
5.666	0.535823677817	10007.81	5.01257154484	9539.062	2.45088186338	10476.56	0.890684047501
5.667	0.892432072797	10031.25	0.553558321193	9492.188	0.672663770386	10523.44	2.62029292171
5.668	0.632227214672	10007.81	5.84652935252	9539.062	0.591426572882	10523.44	6.46654961603
5.669	0.860461752402	9984.375	4.29118425977	9468.75	2.45411787275	10523.44	1.40227044926
5.67	1.10828178086	10007.81	0.883701278081	9468.75	5.78278636742	10453.12	4.95131349382
5.671	1.00957055879	10007.81	12.0884250144	9492.188	4.17036809357	10546.88	4.8928083733
5.672	3.14355489253	9960.938	9.8449103932	9539.062	2.81748520598	10453.12	6.58514123316
5.673	5.72549928	10007.81	3.24624450115	9492.188	20.6965885977	10476.56	40.6454460281
5.674	0.901340548845	10007.81	5.27981693207	9492.188	2.09778877343	10453.12	5.33634677519
5.675	1.15431345587	10007.81	6.28107635617	9539.062	6.45701094904	10523.44	2.68860882107
5.676	1.35921389252	10007.81	3.74507816267	9539.062	2.24884576917	10546.88	1.3788554827
5.677	1.24518680427	10007.81	9.22188335955	9492.188	3.82873949772	10500.0	3.64475076458
5.678	0.91227991183	9984.375	2.49834614967	9515.625	7.42025394366	10546.88	0.920481521631
5.679	1.75404641944	9984.375	2.82123950029	9539.062	2.5071223973	10546.88	2.94697585566
5.68	1.4304684714	9984.375	7.10776869135	9492.188	3.01586284787	10500.0	5.63620760768
5.681	0.924325601122	10007.81	2.34280902149	9515.625	6.66041501823	10523.44	1.40527696327
5.682	1.06768335948	9984.375	3.52865770902	9468.75	2.47189041321	10546.88	3.85614605991
5.683	0.866900895908	9984.375	10.6372225025	9539.062	5.87474736932	10546.88	1.4976819962
5.684	1.67342548728	10007.81	3.50704796799	9468.75	5.40600443274	10546.88	11.190327737
5.685	0.807592623572	10007.81	4.58967878626	9468.75	8.10006760608	10476.56	4.37267140425
5.686	0.940824407821	10031.25	3.42951704898	9515.625	3.44690512041	10453.12	1.29485997185
5.687	0.809494310151	9984.375	5.05404103025	9468.75	4.53509963253	10523.44	8.42311366439
5.688	0.929526439193	9984.375	13.1377853834	9515.625	1.73027374074	10546.88	2.79744506348
5.689	0.861837847834	9984.375	10.8018626278	9539.062	3.11706055946	10476.56	5.44132285019
5.69	1.22151346601	9984.375	8.28044486897	9539.062	2.7873291846	10523.44	4.36562210394
5.691	1.97257005753	10007.81	7.04318740029	9539.062	3.58113093352	10500.0	2.37729899165
5.692	1.64353764329	10007.81	2.22933525667	9515.625	3.85047248883	10523.44	4.64098811056
5.693	1.21854178361	10007.81	5.84182510973	9515.625	3.61332345716	10523.44	4.35160834864
5.694	0.801499145181	9984.375	4.48242796824	9515.625	3.78418569888	10476.56	10.7472960824
5.695	0.682345175656	10007.81	0.970312972732	9515.625	5.01749609316	10546.88	1.39837237603
5.696	0.887133499608	10007.81	11.1698017093	9492.188	3.71724941551	10453.12	4.20680056736
5.697	1.11459175244	10007.81	7.70608137566	9468.75	1.7660913729	10523.44	3.2353455513
5.698	1.09460801084	10031.25	1.95263709145	9515.625	1.84260517387	10500.0	2.82662668857
5.699	1.63757470322	10031.25	6.30226889786	9515.625	3.17504645121	10453.12	5.64832476868
