


# Normal measurement, IF shifted down 1MHz, new method of peak calculation
5.0	197.953825796	9996.094	2320.22491215	9534.668	1309.73676287	10488.28	1579.73759055
5.001	212.237594733	9994.629	2523.97889534	9484.863	1317.99941488	10464.84	1264.87196693
5.002	182.410243936	10006.35	1349.8975695	9530.273	939.437138954	10526.37	2306.80653357
5.003	200.842847319	9999.023	1345.23285345	9544.922	857.243163209	10504.39	1390.53115186
5.004	176.017553411	10007.81	1046.59794686	9492.188	1877.84416956	10456.05	1156.66765757
5.005	193.299530176	9960.938	812.486266794	9457.031	872.721501223	10497.07	855.152372265
5.006	179.70438363	9996.094	1876.33368192	9493.652	825.921255083	10545.41	1795.27649937
5.007	196.577192015	9994.629	2347.47616987	9492.188	917.3294888	10482.42	1538.82156494
5.008	148.714146607	10000.49	1784.95664945	9480.469	1384.47476775	10513.18	1232.34301222
5.009	175.861593362	9999.023	1602.03544851	9543.457	1010.58467722	10467.77	1350.59964221
5.01	182.956558428	9994.629	1234.21718151	9452.637	1034.49480134	10527.83	1202.01128775
5.011	157.239121394	9962.402	1292.26599699	9474.609	973.388510814	10538.09	975.770758621
5.012	187.026776487	9996.094	1039.13306657	9454.102	1278.24532129	10472.17	921.023739976
5.013	163.987037183	9950.684	798.650966113	9540.527	1107.72900536	10473.63	1800.93714466
5.014	166.135266629	9994.629	4472.7401552	9525.879	787.393225677	10519.04	1543.75256244
5.015	160.966928479	10022.46	1273.38852237	9514.16	1248.23104328	10466.31	1249.5677486
5.016	171.965057578	10042.97	1016.57871737	9489.258	1358.37460715	10539.55	1518.25825468
5.017	166.349415814	9997.559	4902.92387537	9543.457	563.461618893	10491.21	859.301850592
5.018	167.163166622	9996.094	1317.25714358	9505.371	1122.74696803	10517.58	1236.51496484
5.019	166.011767753	9996.094	2197.98024558	9489.258	1011.77247053	10464.84	1031.97911003
5.02	167.374843243	9994.629	2031.68547015	9470.215	949.158736429	10501.46	866.135753357
5.021	166.515872292	10000.49	2414.21563055	9512.695	1069.1335983	10454.59	1075.80593684
5.022	166.988405737	9999.023	2762.58867729	9536.133	1363.38317994	10473.63	1236.38625897
5.023	153.034745606	9997.559	2461.3003771	9462.891	1175.60920219	10542.48	811.147959066
5.024	207.383174581	9996.094	1663.81996592	9522.949	1031.96797757	10545.41	981.641218337
5.025	157.655257315	9996.094	3396.28838683	9539.062	1210.75869957	10467.77	850.184943032
5.026	160.59159552	9994.629	2584.82786678	9490.723	952.513282756	10513.18	1435.94877695
5.027	182.797661901	9999.023	1877.27288847	9508.301	1300.5851351	10530.76	1507.86928771
5.028	166.092792351	9999.023	2953.71570957	9468.75	1635.83201412	10469.24	966.519619881
5.029	149.353108829	9997.559	2100.63893289	9483.398	643.557372509	10470.7	1600.10307782
5.03	171.380069274	9997.559	1432.08933596	9464.355	1819.72761377	10504.39	1711.8550625
5.031	149.044437855	9996.094	1842.45357316	9547.852	1817.90008106	10469.24	1060.07086216
5.032	162.251427869	9994.629	1900.44771011	9487.793	1114.60933778	10519.04	760.604063809
5.033	149.706583517	10000.49	2736.11843805	9544.922	819.544669174	10502.93	809.210519199
5.034	174.635825349	9999.023	1819.86432508	9464.355	1296.3202242	10517.58	1077.06479973
5.035	193.609854932	9997.559	1453.42767238	9471.68	1069.08902557	10514.65	900.542382358
5.036	188.298337035	9997.559	1956.95329641	9530.273	1248.70070124	10483.89	1831.55672978
5.037	179.478494637	9996.094	3414.14447924	9480.469	1147.71332563	10523.44	902.745932907
5.038	166.545998825	9994.629	1767.13323118	9474.609	737.611001378	10479.49	1466.24279053
5.039	169.288446138	9994.629	2209.10126804	9505.371	1042.35540441	10463.38	1086.77087605
5.04	183.041148625	9999.023	3096.66288608	9480.469	1505.4522051	10508.79	1458.55899694
5.041	177.407463205	9999.023	2893.49172195	9541.992	900.663859217	10451.66	636.656554179
5.042	176.248907057	9997.559	2345.4498615	9477.539	785.669090583	10473.63	1082.91089852
5.043	159.168041044	9996.094	2065.17540109	9464.355	1623.71796318	10532.23	772.455279919
5.044	160.95467956	9996.094	2468.39698797	9511.23	1711.29583505	10539.55	1531.92270546
5.045	175.763903285	9994.629	4820.70221799	9530.273	1730.82142126	10541.02	1559.48966898
5.046	175.490165661	9999.023	1875.17008815	9486.328	1057.95530502	10523.44	1519.78841191
5.047	162.611938282	9999.023	3374.24813695	9464.355	1995.84515809	10466.31	1115.65277667
5.048	151.599965238	9997.559	3417.51800309	9530.273	811.527482461	10545.41	1448.94084679
5.049	187.122820249	9988.77	843.142199241	9481.934	1374.08121251	10516.11	1300.75705879
5.05	174.030139868	9996.094	3585.13337698	9541.992	914.564559754	10460.45	1326.82521762
5.051	173.991014149	9994.629	2916.8729438	9528.809	764.390315137	10486.82	1668.89106115
5.052	176.849675931	10000.49	2529.41041398	9498.047	734.497688608	10491.21	996.935319813
5.053	180.222611679	9999.023	4031.69405619	9503.906	1387.86505367	10453.12	1617.55445692
5.054	181.808524775	9997.559	2797.96683747	9524.414	2546.6421068	10510.25	1207.25721944
5.055	153.214909411	9997.559	1199.80154197	9524.414	1019.04217206	10464.84	898.762608498
5.056	199.619629407	9996.094	1777.61221075	9461.426	1085.94370337	10461.91	1383.79114413
5.057	193.013451733	9994.629	1240.13615455	9544.922	699.648512786	10514.65	1495.00416004
5.058	195.683277577	10000.49	1698.86214115	9521.484	1480.19324451	10479.49	1343.49392157
5.059	200.282058961	9999.023	1990.34816889	9514.16	809.53626015	10536.62	1336.33991326
5.06	201.052630534	9997.559	1449.33792217	9454.102	871.85342537	10495.61	1174.31370532
5.061	196.131717266	9997.559	996.866691346	9464.355	1109.97601892	10523.44	1093.487122
5.062	176.332188011	9996.094	1525.53157468	9547.852	1265.21683967	10517.58	1420.11260314
5.063	166.09874504	9994.629	1705.15673806	9537.598	1455.68455979	10469.24	1178.88936669
5.064	193.074290076	9994.629	2258.01647583	9490.723	960.530493165	10507.32	818.22110687
5.065	190.305283759	10037.11	460.588843853	9471.68	900.870262186	10492.68	1109.67985659
5.066	210.307752088	10006.35	1057.99413465	9493.652	1210.12313336	10498.54	1694.88623937
5.067	193.502152301	9997.559	1162.68587287	9481.934	1060.63209029	10524.9	969.043692012
5.068	195.936908768	9996.094	1820.90080052	9492.188	1290.83167341	10494.14	1198.72522149
5.069	196.01618064	9996.094	1418.15057719	9481.934	1445.90509615	10508.79	1284.9509568
5.07	210.615485474	9994.629	3048.16839743	9467.285	1299.84108721	10454.59	1212.02359717
5.071	221.633632796	9999.023	1435.28226653	9461.426	1521.99219986	10502.93	1014.95923621
5.072	212.788060021	9999.023	3785.81667088	9511.23	1290.60663724	10495.61	1633.69886659
5.073	218.752571866	9997.559	5335.84028107	9549.316	752.279769338	10536.62	691.489211051
5.074	256.241805498	9991.699	1462.84402155	9541.992	1391.75467432	10464.84	1710.19138685
5.075	253.530133533	10013.67	1904.46955369	9462.891	1914.23534964	10461.91	2080.26148669
5.076	231.09976899	9994.629	4100.45101023	9508.301	1123.23729812	10488.28	1053.06633248
5.077	245.127039968	10000.49	1728.50069044	9452.637	1498.27993392	10494.14	1262.50608446
5.078	270.647875193	9999.023	3848.06688452	9520.02	1578.69198463	10526.37	2207.24938825
5.079	276.764447512	9997.559	3728.22928842	9522.949	1273.4795948	10485.35	1775.52606386
5.08	283.111774768	9997.559	3596.63562222	9539.062	1305.27686037	10497.07	1404.68418858
5.081	302.607575276	9996.094	6243.51501875	9479.004	1867.24466147	10497.07	3356.71713755
5.082	320.866018098	9996.094	1922.44892236	9489.258	1690.75827945	10491.21	1637.55359231
5.083	256.463724954	10000.49	5918.16193773	9506.836	1651.56942283	10524.9	2547.24243906
5.084	327.303781936	9999.023	6009.53223041	9525.879	2412.51490103	10538.09	2075.09774378
5.085	297.753520262	9999.023	3297.43922493	9546.387	2222.45563645	10466.31	2051.05866066
5.086	321.348091358	9997.559	5920.95906537	9506.836	3196.75068277	10488.28	2494.61101886
5.087	272.477443591	9996.094	5913.66781602	9467.285	1344.39208204	10457.52	2065.59712703
5.088	345.237790527	9994.629	4299.96384903	9452.637	1567.72951705	10519.04	2583.12015573
5.089	344.567638371	9994.629	3532.5292153	9527.344	1842.13968936	10521.97	2234.08042198
5.09	323.682231141	9999.023	3698.66467372	9544.922	1966.17123565	10508.79	1464.58218513
5.091	304.194457024	9997.559	5276.63400196	9541.992	2206.98281692	10538.09	2193.95955115
5.092	292.958044174	9997.559	5161.83691196	9506.836	1404.25516217	10466.31	1690.04192344
5.093	322.80351006	9996.094	3619.95999603	9539.062	1352.81154869	10469.24	1480.93836391
5.094	323.853544717	9996.094	2764.47101565	9515.625	2375.86581196	10489.75	1984.60621281
5.095	272.843482518	9994.629	5781.2962045	9492.188	1439.19249654	10532.23	1611.32070462
5.096	315.334230013	9999.023	5261.79839585	9455.566	1889.44329181	10517.58	1895.74917981
5.097	329.076762403	9999.023	9178.71874208	9517.09	1220.06778742	10463.38	3171.59517229
5.098	301.186699466	9997.559	6068.28327873	9486.328	2252.21047123	10479.49	3055.05623863
5.099	357.051155999	9997.559	6156.89065127	9471.68	1414.51196036	10478.03	1333.35043813
5.1	339.784958806	9996.094	6861.79375951	9489.258	2422.26410665	10507.32	1477.68421301
5.101	297.706110975	9994.629	7081.63690303	9489.258	2058.66315777	10543.95	1719.99268224
5.102	278.434934074	10000.49	4979.56563289	9457.031	1469.42317228	10536.62	1675.21547551
5.103	353.671697576	9999.023	9521.94265377	9543.457	2961.54182366	10521.97	2453.4830789
5.104	285.306450549	9997.559	9246.08890626	9476.074	2036.48571324	10495.61	2495.05248466
5.105	337.026721125	9997.559	4473.03156759	9514.16	1819.50479694	10486.82	2178.3478412
5.106	298.281597043	9996.094	8244.30892437	9471.68	1681.54814389	10479.49	2268.79262801
5.107	340.151944545	9994.629	7114.50000422	9487.793	2617.96129721	10538.09	1899.17484942
5.108	341.742731262	10000.49	8176.32771075	9520.02	2659.71087869	10475.1	2350.09355403
5.109	298.782219873	9999.023	7473.45031051	9498.047	1487.54168937	10472.17	1982.5131785
5.11	355.582808435	9997.559	2731.77978389	9470.215	1883.82432198	10521.97	2386.1615562
5.111	280.311094855	9997.559	8021.01714507	9454.102	1756.06977777	10526.37	1883.52195074
5.112	303.718447799	9996.094	8700.7852293	9524.414	2630.15928447	10517.58	1611.57687683
5.113	243.079509406	9994.629	3461.74872902	9544.922	1988.87488153	10488.28	1260.92432127
5.114	262.208214136	9994.629	6147.15305043	9505.371	1856.15744033	10476.56	1448.47224025
5.115	272.925082099	9999.023	6330.45977728	9540.527	2594.71986004	10508.79	2346.35388042
5.116	255.567628408	9999.023	3445.49788414	9544.922	1888.78828287	10541.02	1387.29976617
5.117	268.734070414	9997.559	6838.23131085	9505.371	2088.37727068	10511.72	1729.62666567
5.118	228.601804647	9996.094	4129.51103199	9462.891	2117.62626831	10541.02	1389.48881909
5.119	227.445271262	9996.094	5797.56801529	9489.258	2105.89236237	10505.86	2175.39391556
5.12	283.23348561	9994.629	11414.3732543	9489.258	1493.9003088	10526.37	1340.78548589
5.121	240.721574213	10000.49	4035.93493487	9546.387	2306.29965294	10497.07	1317.98865182
5.122	226.653711176	9999.023	9071.10460336	9539.062	1823.71569416	10533.69	1584.08459181
5.123	232.254168292	9997.559	10382.8077587	9479.004	1765.89385034	10476.56	1015.89844193
5.124	206.589981774	9996.094	6417.35941786	9531.738	1581.15894674	10467.77	1238.26655244
5.125	218.159340835	9996.094	7271.0415475	9518.555	1010.74194687	10456.05	1741.19466271
5.126	197.577085189	9994.629	8148.94525078	9476.074	1791.27321282	10536.62	1188.99697799
5.127	213.169098906	10000.49	7491.35058864	9480.469	1277.84821993	10514.65	1333.11104924
5.128	201.543779761	9999.023	9294.95878698	9496.582	1427.89032258	10460.45	1296.93778953
5.129	191.270677581	9997.559	6830.90356239	9537.598	1851.42878961	10530.76	1938.55685173
5.13	194.53381084	9997.559	5934.32687654	9495.117	1233.42920474	10505.86	695.153086168
5.131	172.491451155	9996.094	7748.92527549	9479.004	1000.80054761	10530.76	1461.12617686
5.132	169.901277235	9994.629	5429.88849792	9512.695	1465.24248578	10516.11	1253.01248279
5.133	194.749627265	10000.49	5538.0237823	9489.258	1441.64013486	10457.52	1186.24114609
5.134	211.754474031	9999.023	11159.4777516	9517.09	1555.5894385	10520.51	1178.79225898
5.135	195.386508621	9997.559	9501.41940154	9484.863	1258.39634359	10454.59	1063.49341425
5.136	193.800101629	9997.559	6874.85768506	9495.117	1515.38898515	10497.07	2338.11426084
5.137	188.18232617	9996.094	7449.81767521	9451.172	1608.31612686	10457.52	937.128118581
5.138	196.57254371	9994.629	2498.09740694	9547.852	1323.43436716	10527.83	1611.48731351
5.139	217.25725214	9994.629	3872.98769269	9496.582	1424.47270784	10458.98	2079.60673002
5.14	251.079215421	9999.023	3674.9949303	9474.609	1282.28464011	10456.05	1383.02781328
5.141	94.8574414721	9999.023	2370.21778406	9527.344	776.98896502	10538.09	634.782387988
5.142	84.9227407771	9997.559	5152.66752515	9452.637	637.164194855	10533.69	563.73561579
5.143	98.8556626426	9996.094	4100.1691701	9534.668	625.223487925	10480.96	422.825535979
5.144	91.3394308543	9996.094	4064.77241585	9499.512	333.447360419	10466.31	489.761671679
5.145	89.1336161502	9994.629	5215.63921661	9500.977	588.576306623	10467.77	606.9527884
5.146	88.7517947231	9999.023	2988.91499136	9492.188	531.916947628	10475.1	453.733465253
5.147	94.2445498674	9999.023	2398.8850725	9539.062	529.518053079	10482.42	595.272838119
5.148	82.9967461695	9997.559	3666.26008387	9481.934	560.045276558	10507.32	508.961215034
5.149	82.0887104504	9997.559	1871.23464068	9511.23	243.81659586	10521.97	474.62824803
5.15	82.8512644546	9996.094	5217.82800269	9465.82	489.540385631	10466.31	634.964613454
5.151	86.4568359489	9994.629	3543.45203803	9468.75	292.442004569	10508.79	584.330656303
5.152	98.9428459366	10000.49	1749.46753785	9455.566	600.322137073	10479.49	556.126187671
5.153	86.5529567634	9999.023	3574.09144211	9451.172	474.233604985	10492.68	494.274599069
5.154	83.087524881	9997.559	3285.64650512	9487.793	734.181918033	10500.0	486.952637986
5.155	89.6286534455	9997.559	2202.55408839	9451.172	554.713865683	10542.48	593.555194767
5.156	83.1079243144	9996.094	5079.82668409	9495.117	801.61698652	10491.21	622.197618559
5.157	86.0387208507	9994.629	3461.58257147	9515.625	484.237765393	10483.89	700.174183342
5.158	82.9676754972	10000.49	3198.15493146	9477.539	705.879419536	10469.24	421.457437746
5.159	85.1355127787	9999.023	2816.53024437	9502.441	519.933814947	10457.52	642.933275247
5.16	80.7572818308	9997.559	2053.18562134	9454.102	522.342800506	10517.58	298.354457212
5.161	94.7950230874	9997.559	2172.8117593	9518.555	542.367519539	10519.04	541.2113983
5.162	76.2712045794	9996.094	2912.2176373	9536.133	690.64228868	10467.77	409.256786452
5.163	87.3903687822	9994.629	1644.83418363	9455.566	610.038471237	10488.28	472.369348081
5.164	78.4434621316	9994.629	1251.81629292	9479.004	413.907986649	10497.07	503.85997422
5.165	81.1258472614	9999.023	908.263567446	9489.258	328.887677733	10450.2	668.94964697
5.166	82.3115922071	9999.023	937.053592401	9470.215	273.403531931	10508.79	452.633730242
5.167	77.8429703467	9997.559	1072.35211171	9474.609	545.726135053	10472.17	538.242924659
5.168	67.5124648682	9996.094	1082.5728061	9518.555	323.425445996	10533.69	655.917257443
5.169	80.7097733232	9996.094	1759.63403021	9515.625	530.540174854	10527.83	571.52246679
5.17	66.7838129152	9994.629	1527.71801796	9533.203	453.169841368	10538.09	402.042333927
5.171	81.2445250602	9999.023	1729.31477282	9534.668	671.102760364	10483.89	312.276274186
5.172	64.2513048301	9999.023	1660.84456417	9474.609	404.941938482	10461.91	430.467496303
5.173	70.2093235459	9997.559	2445.82853681	9474.609	417.023695801	10539.55	557.827323505
5.174	67.9459233561	9997.559	734.257155972	9477.539	397.376342795	10495.61	330.00845915
5.175	64.4880015098	9996.094	2601.50206587	9496.582	410.348501415	10545.41	596.738124908
5.176	62.2913408985	9994.629	1371.53746447	9489.258	348.874448438	10517.58	445.762218358
5.177	62.0589908003	10000.49	457.693569763	9480.469	500.307168168	10467.77	491.93440847
5.178	61.4806867151	9999.023	2316.74772698	9502.441	467.919381645	10543.95	556.461103431
5.179	57.5664693014	9997.559	2072.55575013	9493.652	266.669507425	10536.62	312.253643581
5.18	62.0316483543	9997.559	634.624192839	9484.863	410.859234962	10500.0	366.687823723
5.181	49.0936726176	9996.094	1294.501595	9530.273	249.573223766	10510.25	335.974772312
5.182	51.4875635063	9994.629	1288.76395039	9476.074	419.100312625	10497.07	224.448382609
5.183	55.3516734033	10000.49	727.218468207	9543.457	500.442332876	10456.05	294.41716181
5.184	51.8726623208	9999.023	2068.13338731	9484.863	268.385916066	10464.84	356.039799085
5.185	53.5500075778	9997.559	979.488683554	9458.496	349.192124869	10549.8	300.057377711
5.186	43.9347849682	9997.559	1235.56916063	9543.457	317.499139216	10543.95	244.715318901
5.187	48.8976408816	9996.094	1978.59178573	9467.285	316.612144238	10456.05	289.042427706
5.188	45.6052030485	9994.629	781.976643322	9514.16	308.080072341	10478.03	303.475975437
5.189	43.9373015676	9994.629	1809.36155238	9525.879	314.793521735	10521.97	339.895044186
5.19	52.7866929069	9999.023	1774.96863765	9476.074	372.580430542	10545.41	265.193366945
5.191	39.9456959001	9999.023	943.975799447	9457.031	253.548967158	10460.45	318.53256041
5.192	42.9909719623	9997.559	1881.3229075	9525.879	309.567392274	10463.38	475.028345211
5.193	40.2718339151	9996.094	2072.68498927	9452.637	272.081634003	10541.02	285.809898008
5.194	40.0100612084	9996.094	1406.12236176	9499.512	174.178476052	10491.21	415.637668462
5.195	43.5217389704	9994.629	1427.46845658	9476.074	301.239659051	10542.48	290.017540256
5.196	37.5698677199	9999.023	2027.53726452	9474.609	267.540111813	10494.14	247.258188556
5.197	34.2764343025	9999.023	1776.43189438	9509.766	156.832453563	10545.41	171.387749959
5.198	42.2610100296	9997.559	1467.37202739	9508.301	340.233637169	10543.95	238.94505012
5.199	37.4443187545	9996.094	678.465453882	9465.82	209.214011132	10495.61	115.710529249
5.2	37.5941019312	9996.094	1765.24897553	9470.215	228.803889975	10501.46	250.67047314
5.201	34.600451455	9994.629	2419.12907198	9489.258	169.357723212	10520.51	237.954091877
5.202	33.1062669104	10000.49	1283.53811302	9481.934	179.760582248	10479.49	194.572232144
5.203	32.0681591122	9999.023	2389.22101824	9471.68	207.916521436	10523.44	161.176540324
5.204	35.8993182087	9997.559	1724.26589995	9465.82	290.781030613	10478.03	290.552185664
5.205	29.3687597786	9997.559	1924.68354025	9537.598	302.838088067	10529.3	246.676916007
5.206	35.8711766226	9996.094	1989.75771158	9492.188	195.810757276	10466.31	175.723258735
5.207	29.0061886848	9994.629	1546.71134645	9480.469	204.207237487	10476.56	237.713736769
5.208	31.9245309861	10000.49	1413.50637445	9459.961	327.212713001	10495.61	237.906049091
5.209	35.1766548324	9999.023	2015.5538436	9454.102	173.003823483	10482.42	164.373260017
5.21	32.1950637383	9997.559	1260.48534029	9509.766	132.998507426	10546.88	158.184509745
5.211	26.6749658591	9997.559	2010.13024827	9470.215	147.906831915	10483.89	133.542227675
5.212	29.8594342763	9996.094	1497.25292922	9544.922	235.337108599	10461.91	169.637345034
5.213	27.6776920322	9994.629	1649.89368012	9528.809	157.98246389	10466.31	144.060500807
5.214	30.212978024	9994.629	1644.48502488	9467.285	246.552685311	10524.9	394.932340732
5.215	33.2105164134	9999.023	2031.86145499	9527.344	184.088771517	10476.56	354.220102576
5.216	29.7823913392	9997.559	1877.14214923	9541.992	176.161139287	10545.41	163.893504163
5.217	29.8526766852	9997.559	2266.56826644	9524.414	199.407695611	10458.98	132.794510814
5.218	27.8436638155	9996.094	1849.7360803	9514.16	155.87297393	10521.97	214.770655132
5.219	30.0160687092	9996.094	1654.83342013	9470.215	233.619389615	10504.39	175.191593467
5.22	28.9558926835	9994.629	2003.71906277	9541.992	238.625429982	10486.82	421.532657492
5.221	28.8121002798	9999.023	2143.91798296	9539.062	446.066237384	10513.18	132.622573081
5.222	28.8286952103	9999.023	1908.44478835	9470.215	209.950721894	10527.83	124.843535548
5.223	24.5679653833	9997.559	2134.48058106	9474.609	262.244740264	10460.45	192.896465423
5.224	27.5980602312	9996.094	1970.3942336	9454.102	278.36790087	10508.79	212.276349715
5.225	25.01462542	9996.094	1718.36277467	9476.074	171.830486332	10475.1	265.221154507
5.226	27.2003493871	9994.629	2332.66394056	9471.68	162.174081282	10526.37	211.016317482
5.227	31.17950818	9999.023	1955.88812952	9467.285	137.997076922	10466.31	197.61614388
5.228	29.3020236656	9999.023	2163.78593658	9508.301	180.048578966	10526.37	143.066667482
5.229	27.8739844353	9997.559	1787.92004577	9486.328	141.968757625	10517.58	219.775264212
5.23	26.6662413919	9997.559	1725.92299408	9511.23	167.709691373	10488.28	183.429440547
5.231	27.7370634716	9996.094	1989.85088172	9480.469	210.597559367	10464.84	169.013193934
5.232	29.4569844444	9994.629	1625.57015467	9470.215	191.568797301	10454.59	304.227409803
5.233	28.2207628575	10000.49	1511.20692187	9505.371	203.998655851	10517.58	171.885296191
5.234	31.2655088616	9999.023	1926.18029436	9525.879	131.244322974	10520.51	126.703820638
5.235	29.328548249	9997.559	1523.88382467	9454.102	185.830809245	10519.04	158.73378193
5.236	30.3461970775	9997.559	2155.96518901	9486.328	130.827249049	10523.44	250.411138519
5.237	30.5048206107	9996.094	1336.49352762	9541.992	175.642682402	10527.83	247.111451047
5.238	30.0676244066	9994.629	580.343843509	9515.625	158.709135954	10510.25	194.273114292
5.239	26.8459214261	9994.629	1522.17535773	9452.637	173.612137654	10480.96	180.466525394
5.24	29.551371241	9999.023	2290.81119847	9470.215	156.957997837	10523.44	185.719333725
5.241	27.0169455341	9999.023	1648.63029737	9451.172	179.098057548	10458.98	243.231970432
5.242	33.0406064439	9997.559	2338.38230994	9481.934	208.596898577	10538.09	153.739816392
5.243	33.466255744	9996.094	2076.58589135	9537.598	171.150541477	10533.69	294.38086314
5.244	35.4451009078	9996.094	1815.05853036	9454.102	148.152064168	10524.9	231.101218105
5.245	35.2021886746	9994.629	2102.11264329	9452.637	260.517966947	10549.8	154.676267481
5.246	35.1370807204	9999.023	1829.68358083	9483.398	228.671118092	10523.44	155.402813568
5.247	33.896743887	9999.023	1955.47262631	9537.598	275.860962832	10494.14	125.485275335
5.248	32.8791825708	9997.559	2535.07917437	9536.133	183.252985778	10469.24	328.838824738
5.249	26.4837497953	9996.094	2963.58665258	9521.484	175.288810032	10523.44	350.803720492
5.25	30.8468910835	9996.094	2886.32495522	9511.23	218.432219382	10475.1	134.232353794
5.251	31.3717674215	9994.629	3059.9479929	9493.652	198.965134015	10529.3	126.597928724
5.252	30.9006293355	10000.49	1254.25411654	9544.922	302.663947877	10480.96	224.763204664
5.253	32.1193634464	9999.023	2154.02569467	9506.836	184.768458705	10517.58	217.706440389
5.254	33.4325366134	9997.559	2967.65566463	9493.652	212.076857695	10467.77	163.68227688
5.255	34.5703373868	9997.559	2509.17241999	9509.766	218.415764582	10461.91	238.676576675
5.256	32.799549504	9996.094	3574.15678787	9522.949	254.685571473	10454.59	211.453659307
5.257	36.2985370966	9994.629	2799.69409599	9511.23	173.445461338	10514.65	191.8684972
5.258	30.5716990069	10000.49	3436.79237538	9506.836	190.093886431	10498.54	286.154472045
5.259	34.3662409996	9999.023	3710.60634626	9455.566	190.14959709	10469.24	263.413017476
5.26	31.0668637343	9997.559	2382.8060635	9484.863	198.283833634	10460.45	289.520980531
5.261	36.8349927309	9997.559	2667.80807854	9528.809	256.121339488	10450.2	206.729095288
5.262	37.1501267856	9996.094	2881.02358575	9505.371	251.375100757	10472.17	249.050570658
5.263	37.749875223	9994.629	2656.01743802	9539.062	251.73620109	10507.32	304.020813458
5.264	36.446926764	9994.629	2826.63082909	9496.582	185.902188973	10514.65	233.085659001
5.265	33.7823487271	9999.023	1714.99818975	9462.891	262.38387897	10536.62	160.538703916
5.266	36.1833818716	9999.023	1815.98614681	9544.922	148.836123373	10476.56	335.586053929
5.267	32.6827982967	9997.559	2598.57755589	9527.344	273.202588427	10476.56	200.754884422
5.268	33.8749324435	9996.094	2206.5535851	9539.062	138.049074064	10500.0	134.621554865
5.269	32.5311110111	9996.094	2137.0797372	9541.992	269.910154806	10460.45	186.265651825
5.27	36.0075400449	9994.629	2089.64111436	9490.723	197.359993138	10497.07	194.439311889
5.271	36.6405781924	9999.023	1690.94976448	9477.539	158.553224804	10497.07	138.176428974
5.272	37.3058965535	9999.023	2704.26206655	9543.457	373.982574305	10454.59	390.40656983
5.273	34.6315785117	9997.559	2667.31657217	9502.441	284.269115863	10529.3	277.887009423
5.274	40.8233284273	9997.559	1267.37258097	9522.949	212.733999164	10539.55	216.198891883
5.275	37.6641202845	9996.094	2066.26016358	9499.512	246.397499022	10453.12	278.996608335
5.276	35.2396231571	9994.629	2238.79715005	9525.879	270.490947736	10513.18	232.516675355
5.277	40.2609102026	10000.49	2038.9653486	9536.133	181.944352937	10541.02	181.807623811
5.278	40.9630490769	9999.023	2952.9513216	9536.133	176.631742964	10467.77	305.833002227
5.279	36.0915777655	9997.559	2717.89065262	9498.047	215.253829394	10523.44	294.447658562
5.28	38.2047967095	9997.559	1414.53900085	9495.117	261.612506093	10476.56	188.145868419
5.281	34.4818816846	9996.094	2949.58209831	9511.23	220.956665766	10504.39	220.251709063
5.282	36.1884331591	9994.629	3257.38987402	9540.527	197.909559083	10453.12	335.074545194
5.283	42.8650089329	10000.49	2032.4374831	9525.879	278.800619694	10545.41	329.417039575
5.284	39.2772234864	9999.023	2845.31410057	9549.316	158.698869003	10451.66	600.351315205
5.285	38.5248130832	9999.023	1297.01611916	9496.582	179.243435791	10488.28	264.347822237
5.286	48.0466412718	9997.559	2924.33734762	9543.457	213.289923698	10524.9	395.340272128
5.287	45.3105039585	9996.094	2730.29274675	9452.637	229.563998378	10511.72	184.666509424
5.288	39.3520903549	9994.629	2177.04773584	9518.555	253.308519301	10488.28	329.834495143
5.289	43.3608101636	9994.629	2823.95552088	9486.328	327.883852068	10535.16	311.89813873
5.29	50.4734690385	9999.023	2395.03513666	9499.512	446.52249813	10485.35	395.256352498
5.291	41.3863687849	9999.023	1213.92097746	9541.992	224.893067376	10510.25	321.37943284
5.292	49.538627855	9997.559	2348.21478474	9461.426	240.286792801	10521.97	332.50619703
5.293	46.241402656	9996.094	2115.94171052	9474.609	255.77366163	10545.41	350.661291158
5.294	52.1923336107	9996.094	2078.98509881	9471.68	281.345105352	10527.83	329.44450258
5.295	43.291312943	9994.629	2926.55042612	9492.188	278.723384058	10524.9	348.114396491
5.296	46.5105286952	9999.023	1281.56159981	9489.258	286.640476313	10472.17	487.359719952
5.297	48.8453898998	9999.023	2507.24170005	9547.852	284.126317861	10549.8	237.239430971
5.298	53.7525587804	9997.559	2611.51805332	9477.539	297.331391259	10508.79	314.725463519
5.299	52.5644282305	9996.094	1726.55327591	9486.328	276.267575031	10521.97	575.35418898
5.3	60.1006009444	9996.094	1700.67131061	9461.426	342.589732359	10485.35	236.292910157
5.301	50.8322592191	9994.629	2301.96414487	9536.133	254.306275878	10504.39	278.843192904
5.302	51.2015031754	10000.49	1605.96981343	9522.949	459.880043905	10494.14	252.276531139
5.303	59.1044396767	9999.023	1967.40113479	9533.203	205.458900464	10511.72	597.692667905
5.304	61.0459775355	9997.559	1749.88294265	9462.891	301.982920559	10523.44	427.071369315
5.305	72.8617870092	9997.559	2273.49910699	9452.637	280.80896172	10476.56	291.90626754
5.306	52.0305625136	9996.094	2476.25750278	9454.102	444.217060161	10495.61	315.105254088
5.307	62.1922350188	9994.629	1819.09778629	9540.527	299.114499133	10456.05	366.742082999
5.308	58.0777772983	10000.49	2002.15748852	9468.75	373.634003159	10463.38	483.24056926
5.309	65.2185672998	9999.023	2754.77696557	9464.355	447.103899339	10548.34	254.768070832
5.31	59.8676501349	9997.559	1321.51654884	9473.145	414.179318922	10545.41	668.561488115
5.311	59.4378111057	9997.559	2006.47762954	9547.852	730.918927115	10521.97	413.394003452
5.312	68.311221276	9996.094	2394.09941216	9492.188	234.062931654	10507.32	512.422905511
5.313	63.2142969929	9996.094	919.666432197	9490.723	515.680818862	10469.24	430.217789177
5.314	68.3585525692	9994.629	3280.07542326	9546.387	740.170487051	10501.46	509.821397277
5.315	72.040882595	9999.023	2091.75282329	9471.68	389.77726016	10527.83	359.762765329
5.316	73.255909322	9997.559	1094.71779314	9496.582	547.235798659	10478.03	367.113336392
5.317	74.8990427214	9997.559	1052.65397002	9477.539	581.906223717	10538.09	684.032032632
5.318	72.4290776812	9996.094	1099.43920314	9496.582	432.594199113	10466.31	758.634104642
5.319	77.4340090206	9996.094	1200.16063027	9521.484	614.224466176	10469.24	650.648417959
5.32	82.1351218732	9994.629	1204.99661903	9471.68	381.218141801	10457.52	490.759563497
5.321	73.0977407629	9999.023	1005.63259173	9483.398	535.670191776	10548.34	466.352952259
5.322	83.4037952059	9999.023	1298.84511329	9476.074	403.202767967	10523.44	584.988984995
5.323	93.3906443871	9997.559	2223.22477697	9468.75	654.682375879	10504.39	504.560324168
5.324	81.7976275477	9997.559	708.137248222	9476.074	519.97047124	10513.18	628.565994513
5.325	72.0379092855	9996.094	1392.75508137	9480.469	502.211709846	10526.37	552.401787062
5.326	97.9781047303	9994.629	1935.92120323	9457.031	443.801901801	10454.59	675.501828626
5.327	86.8205530471	10000.49	2033.31027643	9473.145	401.715516721	10480.96	686.384793586
5.328	82.6146270702	9999.023	3192.0492653	9530.273	561.820938795	10545.41	634.660819981
5.329	81.7548025264	9997.559	3313.12914497	9470.215	544.430222639	10545.41	1022.06641099
5.33	81.9304052415	9997.559	2213.30913901	9524.414	820.889824975	10538.09	644.049315815
5.331	82.7703224108	9996.094	2955.59259525	9471.68	705.2665965	10457.52	514.036726164
5.332	81.8010767633	9994.629	2340.26247983	9511.23	528.812916679	10451.66	635.26672712
5.333	74.1576833747	10000.49	2294.93548647	9522.949	555.455575928	10470.7	690.558957262
5.334	73.5349604023	9999.023	3198.12415319	9473.145	476.622711203	10524.9	534.061297349
5.335	78.3148483887	9999.023	1936.02573731	9468.75	752.388771099	10470.7	603.048138906
5.336	74.9718070207	9997.559	3047.2845937	9544.922	470.229474933	10529.3	714.302921773
5.337	81.8260686607	9996.094	2578.44093362	9500.977	362.571025322	10478.03	427.283906285
5.338	84.3794227912	9994.629	1300.95723613	9461.426	686.192311396	10466.31	477.27951488
5.339	77.8937984617	9994.629	2482.82788842	9465.82	425.721926461	10535.16	577.457364404
5.34	89.5356942468	9999.023	2352.42586387	9496.582	578.420049769	10524.9	406.952687214
5.341	82.6710760377	9999.023	1344.19056857	9539.062	473.692644731	10514.65	536.664643085
5.342	81.9773504902	9997.559	2731.55397326	9454.102	564.948040615	10453.12	611.831525384
5.343	66.4645669532	9996.094	2867.06622088	9508.301	422.126407175	10532.23	407.657614412
5.344	71.7549150937	9996.094	1323.63631862	9512.695	711.288038547	10482.42	429.258545161
5.345	63.9647502529	9994.629	1639.08637725	9528.809	510.755780581	10526.37	376.015625263
5.346	67.5227197777	9999.023	1329.82342148	9481.934	349.077639364	10494.14	408.242572146
5.347	70.0251013511	9999.023	2593.82436252	9479.004	493.280743097	10498.54	521.196018865
5.348	58.5356402438	9997.559	2963.29431455	9461.426	388.778800407	10479.49	345.25446614
5.349	62.2687815584	9996.094	1442.07577519	9499.512	366.951292869	10538.09	373.961083528
5.35	62.5377994725	9996.094	2561.36382891	9517.09	259.154528861	10517.58	432.870467085
5.351	63.5287556297	9994.629	1915.94616159	9483.398	366.152545179	10480.96	324.048982193
5.352	60.0126848748	10000.49	852.918487504	9461.426	377.09922047	10543.95	442.09135224
5.353	50.5778245809	9999.023	2359.76433068	9465.82	508.03899365	10510.25	404.270691062
5.354	51.0723181896	9997.559	2965.03936235	9547.852	237.295762782	10451.66	483.425243795
5.355	56.1611259679	9997.559	1289.85995828	9502.441	417.74989139	10476.56	326.911911107
5.356	48.0182324312	9996.094	2551.01132922	9530.273	554.907998572	10533.69	403.288044519
5.357	50.6315715364	9994.629	2013.2869898	9465.82	447.157657457	10458.98	473.36530092
5.358	53.9309817297	10000.49	1556.65217847	9539.062	403.317342797	10511.72	256.886054712
5.359	45.4578186501	9999.023	2613.26694959	9499.512	211.972346394	10523.44	328.489732999
5.36	46.5314262505	9997.559	1030.17562817	9486.328	367.745724104	10483.89	347.990974118
5.361	41.9982616153	9997.559	1595.69869515	9503.906	296.293843981	10479.49	530.915155397
5.362	185.913333811	9996.094	1771.85945965	9533.203	1257.65212295	10479.49	1083.34896183
5.363	39.4706010217	9994.629	1070.62663858	9533.203	328.427808859	10542.48	431.71339285
5.364	41.4787399675	9994.629	1805.79882447	9496.582	432.697833643	10473.63	375.362245695
5.365	40.0569584478	9999.023	1791.40417017	9465.82	194.298654277	10467.77	271.382015866
5.366	35.9163084525	9999.023	1263.85561845	9458.496	259.777255667	10467.77	196.132106444
5.367	40.6783170818	9997.559	1753.8217327	9467.285	368.804187066	10501.46	183.648010166
5.368	37.6896139769	9996.094	960.946818735	9527.344	340.834992939	10505.86	203.131888025
5.369	37.9737638699	9996.094	1168.61731931	9483.398	280.446969001	10514.65	215.751571491
5.37	36.3698317661	9994.629	2714.53624177	9467.285	240.087038389	10507.32	148.457486344
5.371	35.2443804255	9999.023	2913.94218172	9527.344	189.856653748	10527.83	268.742165724
5.372	37.5177594641	9999.023	1626.70036438	9500.977	204.427519132	10543.95	298.614853272
5.373	28.2472623153	9997.559	2265.97034675	9462.891	188.333870745	10463.38	139.109276743
5.374	31.5245713252	9996.094	1457.10568204	9527.344	209.377755939	10511.72	221.368686285
5.375	29.9217046563	9996.094	2176.47103848	9517.09	273.566310329	10521.97	194.636201396
5.376	32.6886392111	9994.629	2036.06747546	9467.285	212.787596105	10548.34	247.185521935
5.377	32.8691477146	10000.49	1201.79182386	9531.738	241.655625993	10472.17	168.183510362
5.378	28.131585948	9999.023	2385.14635145	9471.68	285.447409045	10479.49	214.31055481
5.379	28.9269648022	9997.559	1848.09151445	9512.695	259.463143666	10450.2	161.687716778



# Same as before, updated the peak function a bit
5.0	175.821782368	9996.094	2228.90915663	9499.512	1814.73001199	10548.34	1215.64090127
5.001	208.338103227	10026.86	1469.58784377	9474.609	1000.04253645	10491.21	1876.72008912
5.002	176.625785978	9987.305	1430.7481795	9515.625	1339.94087767	10533.69	791.96307214
5.003	182.712022914	9956.543	993.562630209	9520.02	1026.63151727	10478.03	974.998009312
5.004	170.696434517	9997.559	1880.9493857	9492.188	1478.50783187	10542.48	2109.72038023
5.005	188.570297725	9997.559	2008.83231005	9503.906	1039.32143945	10514.65	992.963117838
5.006	183.641168677	9996.094	2369.9654233	9505.371	1171.08644427	10538.09	1386.16602279
5.007	150.156853317	9994.629	1566.90084509	9470.215	1510.37553668	10460.45	1045.78873991
5.008	143.758260245	9955.078	1105.30445307	9455.566	953.135846435	10538.09	988.996436967
5.009	151.994058473	9999.023	2791.6632997	9474.609	1362.57250789	10514.65	993.962902394
5.01	147.633700349	9997.559	2310.99518784	9455.566	828.038466262	10454.59	1308.03540921
5.011	152.665666028	9996.094	787.425623543	9481.934	1228.3740749	10489.75	995.390081828
5.012	166.580432638	9996.094	2155.38621671	9467.285	709.959754728	10502.93	1331.69988414
5.013	150.009288978	9996.094	1963.98124472	9455.566	1266.62818153	10535.16	1259.70208634
5.014	128.916531447	9994.629	1676.21266263	9470.215	1076.5425637	10467.77	1337.19585153
5.015	166.356656686	9999.023	2682.867942	9536.133	1612.65203403	10542.48	1024.41845086
5.016	178.917926489	9999.023	1242.04667959	9476.074	571.487553265	10521.97	1346.06481137
5.017	156.942984183	9997.559	2247.19731252	9486.328	654.324694082	10486.82	808.615219183
5.018	158.38737618	9996.094	2060.13948523	9473.145	1250.50693887	10542.48	743.707275912
5.019	150.106097289	9996.094	3167.52878658	9480.469	1334.44712585	10488.28	1029.02761995
5.02	158.134272193	9994.629	2632.95278316	9459.961	1671.97486502	10549.8	749.545825702
5.021	149.743897594	9999.023	3975.54672864	9544.922	845.9400217	10461.91	1024.97845162
5.022	149.109837885	9999.023	2648.2553576	9503.906	1030.88575905	10548.34	986.63449236
5.023	134.054351582	9997.559	2329.8041259	9480.469	865.601802152	10482.42	882.18172084
5.024	144.212868731	9996.094	1731.37356843	9479.004	1110.50803453	10492.68	713.585366383
5.025	147.761504724	9996.094	2256.13082252	9528.809	1028.03567593	10485.35	1296.70474521
5.026	169.238011008	9994.629	2833.86356133	9495.117	1291.95414832	10485.35	517.063670523
5.027	154.750960616	10000.49	2416.56716377	9514.16	1549.53464525	10504.39	733.052826805
5.028	142.340993242	9999.023	2668.09260958	9462.891	921.401113806	10527.83	1697.01535939
5.029	188.48117595	9997.559	1656.35064794	9498.047	951.805226999	10549.8	637.509821967
5.03	159.652812415	9996.094	1627.92651538	9476.074	954.142167069	10473.63	978.454502441
5.031	166.368189183	9996.094	3030.88148781	9546.387	856.477504615	10539.55	1456.70210447
5.032	155.180028502	9994.629	3263.89993826	9531.738	1017.28244113	10511.72	1668.78316824
5.033	144.926573426	10000.49	2653.29056755	9547.852	689.104060658	10450.2	1227.39166158
5.034	158.284231904	9999.023	5036.23115367	9487.793	824.628199939	10475.1	1118.33058084
5.035	153.794155385	9997.559	1276.31582864	9512.695	821.850049211	10507.32	1130.08479646
5.036	177.182807476	9997.559	2354.8482218	9477.539	1270.85590483	10456.05	824.765642131
5.037	154.077606553	9996.094	2044.50756071	9498.047	861.538358241	10460.45	1370.39391093
5.038	142.066125667	9996.094	1099.6867993	9522.949	1062.35153218	10457.52	1665.08062361
5.039	150.91006558	9994.629	2507.20686815	9490.723	545.269154315	10543.95	682.809508997
5.04	142.89727468	9999.023	4038.35167075	9452.637	1003.4428815	10514.65	1196.68628781
5.041	155.679221488	9999.023	3323.1617722	9465.82	1623.830044	10508.79	915.591528426
5.042	187.048453747	9997.559	5197.77751597	9498.047	968.922278929	10549.8	801.211110607
5.043	167.122683592	9996.094	3397.18106339	9467.285	853.002733954	10467.77	1065.47871251
5.044	170.685232721	9996.094	1480.97373988	9511.23	1203.59171603	10460.45	647.53081519
5.045	160.003153357	9994.629	4160.37723745	9509.766	614.871129889	10548.34	1048.86990569
5.046	173.163453408	9999.023	2222.14308005	9515.625	1127.0097356	10456.05	742.195160727
5.047	151.599321484	9999.023	1158.72490252	9473.145	658.307836045	10483.89	1200.53986903
5.048	167.584254679	9997.559	3317.22557466	9534.668	948.360207964	10491.21	1401.58086182
5.049	144.200374419	9997.559	2764.55462624	9467.285	968.387686777	10486.82	1227.06763373
5.05	167.257819618	9996.094	2300.97999049	9481.934	1384.34309031	10549.8	715.241526883
5.051	182.869941479	9994.629	4014.51502599	9525.879	1176.7736879	10461.91	1122.78444098
5.052	180.125203141	10000.49	1866.79991397	9534.668	1578.99815987	10491.21	1402.2370884
5.053	171.390902142	9999.023	3682.25897312	9473.145	1131.79751599	10543.95	1152.60268056
5.054	151.514700967	9997.559	3232.2138916	9541.992	1199.22170385	10513.18	1446.23965683
5.055	187.449270885	9997.559	3302.66196333	9546.387	1202.95426103	10536.62	777.296697316
5.056	162.872208816	9996.094	2354.84074432	9514.16	1226.16333924	10524.9	1051.8846835
5.057	171.390549238	9994.629	2489.99762164	9458.496	1149.49677426	10498.54	1115.66290445
5.058	182.441542698	10000.49	1918.56927595	9465.82	1235.76748194	10494.14	1005.31889304
5.059	136.713172914	9999.023	1488.85956951	9530.273	1341.71637135	10479.49	1157.74219988
5.06	169.331435889	9999.023	1331.6478513	9514.16	1195.95203734	10504.39	1134.61231099
5.061	165.1563042	9997.559	1321.56625275	9474.609	1279.27859553	10463.38	1502.24273591
5.062	177.487016612	9996.094	1196.93394503	9498.047	1721.37414648	10475.1	857.886822214
5.063	174.110278727	10004.88	995.330034497	9505.371	919.593124324	10450.2	826.728338386
5.064	170.723443244	9994.629	1203.54042014	9498.047	1012.87227843	10485.35	1480.0097987
5.065	160.901222631	9999.023	1781.65022226	9461.426	1110.30134091	10457.52	1545.68352702
5.066	182.202726705	10007.81	830.289128871	9500.977	703.568991881	10505.86	960.182305075
5.067	179.691877677	9997.559	3083.81667693	9520.02	1358.48999841	10520.51	1146.85270001
5.068	186.351022184	9996.094	1352.41023651	9502.441	1380.6738616	10475.1	1018.56087391
5.069	186.251048087	9996.094	1252.63838485	9481.934	1322.41882769	10529.3	1669.79070545
5.07	205.228249517	9994.629	2478.77332674	9464.355	1091.31990129	10533.69	1980.46187692
5.071	188.507917207	9999.023	1107.36987428	9467.285	1264.74590947	10549.8	1236.43092812
5.072	186.958604403	9999.023	2340.78329991	9465.82	1469.50251668	10469.24	1067.37019939
5.073	209.988983958	9997.559	2382.97100166	9512.695	1672.9132665	10467.77	1521.14159238
5.074	207.138590262	10040.04	814.410265923	9477.539	1447.10356227	10488.28	2160.70219977
5.075	195.644769881	9996.094	2472.49645533	9520.02	1286.58847459	10451.66	1386.55373334
5.076	242.493234719	9994.629	2710.16553513	9473.145	1858.35278305	10514.65	2024.01267886
5.077	220.955382511	10000.49	1897.04855122	9503.906	2502.46039939	10538.09	2348.53380534
5.078	234.238731497	9999.023	3077.9792054	9533.203	1552.2697167	10523.44	1245.49617881
5.079	245.737307809	9997.559	3224.45951974	9492.188	1363.13134578	10546.88	1970.40702131
5.08	246.51188789	9997.559	2085.70401785	9511.23	1871.80115296	10476.56	1038.19984045
5.081	278.57985631	9996.094	3100.71594209	9470.215	1792.67676864	10497.07	1972.6639776
5.082	272.818566074	9994.629	2644.85471535	9520.02	1188.0823922	10504.39	1951.05815851
5.083	277.670510968	10000.49	3401.16435932	9480.469	1883.98673817	10470.7	1625.92653462
5.084	305.056395606	9999.023	5744.2274645	9474.609	3234.28384689	10461.91	2348.85527755
5.085	268.251972522	9997.559	2956.86060417	9525.879	2731.84925152	10527.83	3893.9426142
5.086	306.471103446	9997.559	2185.05483242	9549.316	1204.72601157	10467.77	1756.81689556
5.087	305.357247085	9996.094	6351.88613521	9530.273	1159.08885665	10508.79	2193.40646691
5.088	307.095422534	9996.094	1639.05467508	9527.344	2445.74837554	10460.45	2602.76239375
5.089	290.67755366	9994.629	4745.13106942	9487.793	1960.59338861	10501.46	2273.6986323
5.09	288.85843063	9999.023	4811.36268597	9503.906	1710.99855959	10529.3	2340.18179409
5.091	298.391313606	9999.023	4539.889341	9537.598	2465.06030272	10546.88	3058.27970368
5.092	310.384202503	9997.559	4786.11969633	9457.031	1845.61437303	10533.69	1442.61106337
5.093	301.026956808	9996.094	4707.40768952	9508.301	1851.60219667	10456.05	2096.51112328
5.094	330.537403625	9996.094	4331.35897868	9470.215	1739.89387492	10456.05	1460.51716447
5.095	283.810964686	9994.629	6219.48151665	9458.496	1424.67243174	10533.69	1889.35147377
5.096	292.325063866	9999.023	2788.74735257	9544.922	1984.35968657	10500.0	1445.63790483
5.097	314.130193148	9999.023	5280.86756061	9515.625	1243.87634402	10508.79	1285.60900853
5.098	296.424795045	9997.559	9228.71461399	9521.484	2693.27701354	10483.89	2263.94624248
5.099	266.101020496	9996.094	2725.11989182	9490.723	1732.90161722	10473.63	2087.7547332
5.1	359.241770316	9996.094	7846.55037218	9502.441	2248.17890785	10495.61	1274.41328086
5.101	308.909610854	9994.629	10190.4941874	9503.906	1328.02390179	10473.63	920.504729756
5.102	330.407766395	10000.49	5394.44432486	9506.836	2873.14713767	10470.7	1537.56021881
5.103	336.04874562	9999.023	6437.64681082	9518.555	2179.81340802	10473.63	1724.83230469
5.104	300.469740544	9997.559	6795.95821975	9492.188	1961.61618003	10492.68	1176.78479595
5.105	301.448885342	9997.559	5140.24792911	9521.484	1477.49847329	10463.38	3261.91853577
5.106	306.921464715	9996.094	7199.20573961	9543.457	2408.58474672	10520.51	1810.18299926
5.107	338.814531346	9994.629	8365.1553141	9536.133	1733.22484461	10479.49	1676.24425586
5.108	316.326769558	10000.49	7051.15917026	9492.188	2657.67388572	10469.24	2350.50068708
5.109	309.185627689	9999.023	9172.86329154	9508.301	2083.57664405	10511.72	2211.10403897
5.11	317.447577261	9997.559	1797.60512409	9498.047	944.052850496	10516.11	1862.68259758
5.111	324.550600807	9997.559	4102.30405187	9492.188	3792.06949703	10454.59	1965.97960573
5.112	305.221610523	9996.094	6434.96013757	9484.863	1762.41923876	10482.42	1825.92367267
5.113	261.798382993	9994.629	4305.27192893	9481.934	1928.20257911	10524.9	1594.02104726
5.114	225.915855328	9994.629	7974.09662043	9502.441	793.348161725	10498.54	1741.76484326
5.115	243.458148606	9999.023	5072.86014072	9528.809	1665.69123623	10464.84	1828.94858927
5.116	241.502437981	9999.023	5302.28785718	9496.582	1442.92291759	10505.86	1260.61863402
5.117	279.887914562	9997.559	8162.16754509	9537.598	1400.61284712	10541.02	1040.0897138
5.118	272.267816026	9996.094	11052.1473372	9454.102	1458.88887981	10491.21	2066.53549919
5.119	258.420530751	9996.094	6227.47741963	9468.75	1542.07297962	10469.24	1295.57558087
5.12	300.570134142	9994.629	5988.01464405	9454.102	1709.51350691	10464.84	1635.9384913
5.121	246.250213636	9999.023	7599.06679854	9454.102	1495.34481452	10461.91	1821.81636641
5.122	236.962298758	9996.094	2364.7948799	9487.793	902.427647479	10514.65	1160.9299298
5.123	227.16770932	9997.559	10225.8246946	9541.992	1582.65338076	10541.02	1217.16427748
5.124	217.561057174	9997.559	2173.39279673	9524.414	1282.50156151	10505.86	1478.94121359
5.125	241.983497965	9996.094	9669.55805959	9492.188	981.004236927	10497.07	1043.99459363
5.126	223.475142011	9994.629	6570.25033065	9517.09	2070.85448421	10523.44	1608.67417914
5.127	211.454924661	10000.49	4205.35552486	9474.609	1504.78250392	10454.59	1418.84455371
5.128	219.511792959	9999.023	5835.63961274	9549.316	1540.83161125	10532.23	1022.9385338
5.129	213.030800337	9997.559	7497.45246408	9483.398	1278.48971265	10450.2	1705.30369072
5.13	204.653355475	9997.559	5236.37309042	9531.738	1321.54080071	10451.66	1629.48159907
5.131	197.95371582	9996.094	6079.16330381	9549.316	1484.734677	10483.89	1180.77781779
5.132	181.300116593	9994.629	4714.71877453	9546.387	1579.13199732	10456.05	1196.63873543
5.133	185.516744337	10000.49	6285.67843129	9530.273	952.93237068	10454.59	1382.4640616
5.134	197.576136472	9999.023	6557.82525481	9495.117	1323.02841933	10486.82	1247.88304976
5.135	195.618637963	9997.559	3018.37789529	9470.215	985.781647701	10520.51	1512.97653252
5.136	180.798027315	9997.559	4632.04691138	9473.145	810.414098603	10505.86	1733.77404746
5.137	162.21883293	9996.094	7150.01371952	9457.031	1229.66448225	10469.24	1578.29438126
5.138	169.451948484	9994.629	3678.66317972	9517.09	872.179372307	10516.11	990.22918859
5.139	206.558694008	9994.629	4137.60451774	9533.203	948.632191658	10485.35	1433.60940868
5.14	312.362277335	9999.023	3920.5863683	9477.539	2607.11746816	10498.54	2820.03828074
5.141	123.470859049	9999.023	3523.48846871	9506.836	1015.9296136	10513.18	807.292530755
5.142	97.7333737906	9997.559	5729.60255403	9486.328	413.504341757	10507.32	294.872117536
5.143	97.2307911013	9996.094	3832.2730726	9544.922	345.472826886	10521.97	410.763643997
5.144	85.8639454555	9996.094	2502.11280969	9474.609	465.993636214	10535.16	481.868160026
5.145	80.9556921409	9994.629	5910.13432835	9458.496	491.120613247	10549.8	236.460369764
5.146	74.7462030163	9999.023	4298.43985955	9514.16	521.762869434	10504.39	542.206461544
5.147	88.7447016664	9999.023	4309.33805172	9530.273	698.828480495	10475.1	472.255550174
5.148	91.6681613751	9997.559	4750.43669342	9461.426	532.780717804	10532.23	410.691253983
5.149	84.6822579249	9996.094	2748.33463556	9549.316	336.044507472	10469.24	358.835189706
5.15	91.9036169861	9996.094	2406.94574053	9467.285	588.051976847	10513.18	419.782017464
5.151	92.6040553351	9994.629	3263.86298473	9534.668	397.350757645	10453.12	526.380369063
5.152	90.3604835371	10000.49	1969.82380794	9547.852	810.253682349	10523.44	770.641453718
5.153	89.6131033562	9999.023	4051.40910769	9451.172	563.249695067	10491.21	419.957697705
5.154	74.3504346576	9997.559	3616.57884274	9511.23	456.122243743	10538.09	558.093742021
5.155	83.5361921522	9997.559	1820.30887728	9495.117	632.864334082	10479.49	474.788066954
5.156	81.4674129016	9996.094	3439.42148	9521.484	989.708736317	10513.18	403.898146819
5.157	73.5641480119	9994.629	2639.1595229	9495.117	597.288873681	10482.42	731.249563686
5.158	84.4831973343	10000.49	2870.80667853	9520.02	505.410501448	10492.68	688.542570562
5.159	83.0531902978	9999.023	4624.43033543	9537.598	448.483776151	10521.97	594.656462689
5.16	87.5898578268	9997.559	2340.69035471	9459.961	547.128992949	10511.72	855.705874967
5.161	72.2004362738	9997.559	2464.37424197	9511.23	381.267217129	10536.62	558.9568117
5.162	83.2176022317	9996.094	2947.60994396	9546.387	998.225456617	10530.76	620.913453605
5.163	87.612248327	9994.629	2053.44767985	9518.555	448.084764333	10510.25	460.282078684
5.164	74.2581686032	9994.629	2758.47049184	9505.371	607.844341335	10467.77	401.454858283
5.165	72.1336404461	9999.023	2036.11554	9492.188	502.364582044	10460.45	658.34560599
5.166	84.7514826562	9999.023	1888.45107004	9541.992	467.040474108	10461.91	558.210383081
5.167	76.4046098529	9997.559	1297.06571545	9493.652	1014.87557402	10536.62	361.750445973
5.168	75.8603347741	9996.094	1699.29398784	9531.738	440.67421112	10476.56	697.894091175
5.169	72.6220743196	9996.094	1329.55181608	9506.836	433.147538877	10451.66	752.425708707
5.17	73.9742510218	9994.629	2702.56257786	9479.004	419.656039231	10450.2	407.301669277
5.171	68.433125799	9999.023	1257.75006673	9502.441	442.480343589	10538.09	387.072254571
5.172	70.2843522599	9999.023	1907.34063723	9486.328	461.617846224	10545.41	498.096605275
5.173	70.933969549	9997.559	1530.71276139	9521.484	545.592352062	10535.16	671.337046877
5.174	72.4076843094	9996.094	1410.20247395	9539.062	353.075116509	10530.76	609.776179388
5.175	69.6957061568	9996.094	1573.93172329	9531.738	314.796773089	10491.21	461.90915233
5.176	55.6120119598	9994.629	2005.3654048	9465.82	326.291177445	10520.51	378.696104594
5.177	61.2694062649	10000.49	1392.45536261	9489.258	706.541923794	10467.77	366.426650903
5.178	53.0485327179	9999.023	2502.06908362	9474.609	372.221116428	10535.16	421.49196893
5.179	56.5103984654	9997.559	2175.89348805	9540.527	432.395075041	10543.95	397.813380075
5.18	54.5777892182	9997.559	2002.22922184	9515.625	216.158270458	10541.02	258.530807538
5.181	53.2732832727	9996.094	1439.08161014	9540.527	238.730562444	10470.7	356.358548748
5.182	53.3595501443	9994.629	1858.52039119	9521.484	366.784838084	10542.48	409.636419678
5.183	48.6500167216	10000.49	1061.42070781	9474.609	459.260160296	10457.52	289.07474452
5.184	45.9495411522	9999.023	1993.81048917	9493.652	359.623562938	10530.76	352.559237294
5.185	46.3113082823	9997.559	611.341023291	9471.68	302.598166924	10470.7	308.193151658
5.186	49.8742859469	9997.559	1710.25067874	9505.371	326.248628679	10543.95	278.377252866
5.187	45.2063349031	9996.094	1650.61875091	9539.062	190.25390932	10524.9	346.964436664
5.188	49.0699328132	9994.629	1138.9486665	9527.344	225.775905383	10478.03	357.910758409
5.189	40.616929029	9994.629	778.127212189	9515.625	254.434213861	10511.72	216.152568731
5.19	44.8174661817	9999.023	2189.78473359	9467.285	267.483933168	10508.79	267.926789546
5.191	39.6166998555	9999.023	946.408175996	9487.793	209.865383229	10532.23	418.422142292
5.192	38.0385066774	9997.559	2314.08243641	9530.273	229.855868655	10489.75	267.6910474
5.193	37.2360563763	9996.094	1894.19151824	9451.172	118.164696435	10494.14	353.103322753
5.194	36.9569885452	9996.094	1250.5931564	9533.203	186.224253789	10530.76	264.325706296
5.195	36.1266264857	9994.629	2357.56253373	9500.977	231.08746375	10485.35	317.283138328
5.196	41.9770089738	9999.023	1254.20183463	9467.285	227.281953666	10491.21	179.370127943
5.197	36.886852925	9999.023	1492.40069185	9509.766	173.124732881	10510.25	308.714613805
5.198	37.9536669596	9997.559	2402.89066483	9495.117	166.258959368	10458.98	328.761810223
5.199	31.3764138932	9996.094	2178.447395	9527.344	244.515706717	10470.7	180.553562933
5.2	34.8036176248	9996.094	1641.57621179	9536.133	240.313368519	10475.1	349.25043591
5.201	33.5019557637	9994.629	2138.61268403	9543.457	191.989058452	10478.03	255.190498346
5.202	40.0066607547	10000.49	1841.30270568	9451.172	245.401749864	10543.95	226.883887679
5.203	38.1826866781	9999.023	1990.81151288	9464.355	234.040934617	10470.7	171.696939114
5.204	35.855272972	9997.559	1578.59314611	9481.934	185.56725218	10504.39	175.79200864
5.205	30.6584043365	9997.559	1381.07541812	9511.23	170.987279974	10529.3	304.282265966
5.206	33.2526610261	9996.094	2400.24364387	9518.555	379.02915999	10469.24	195.834545224
5.207	32.2150421205	9994.629	1518.7008561	9462.891	195.686018117	10453.12	224.700563054
5.208	34.2543424187	10000.49	1458.13643943	9461.426	176.482516142	10511.72	245.186880374
5.209	27.4616496242	9999.023	2392.9281826	9502.441	197.578933695	10463.38	216.671090036
5.21	29.80390307	9997.559	796.396138559	9454.102	187.312278556	10464.84	167.154872073
5.211	30.5603257052	9997.559	1413.33748375	9505.371	140.649096628	10535.16	160.647207965
5.212	31.5590688534	9996.094	1278.94874324	9547.852	146.801317158	10470.7	168.478429895
5.213	30.1149479368	9994.629	1056.37169487	9546.387	339.85093583	10464.84	249.850446596
5.214	24.5048180926	9994.629	1331.70802472	9476.074	150.617037037	10501.46	137.054018582
5.215	26.2905468204	9999.023	1179.03277436	9481.934	150.806052294	10489.75	133.513874938
5.216	26.8792359807	9999.023	1064.40914586	9520.02	127.829067256	10526.37	202.596283988
5.217	23.9540550878	9997.559	2028.05083532	9496.582	122.399180047	10529.3	175.563696352
5.218	24.5226744066	9996.094	1421.26887195	9483.398	187.216411171	10483.89	205.970046022
5.219	28.7977123349	9996.094	1687.70823489	9464.355	201.655560951	10520.51	181.725084703
5.22	26.0433933347	9994.629	1529.79022348	9541.992	149.152468993	10548.34	149.474187538
5.221	29.0585216361	9999.023	1289.83669699	9479.004	94.7709741295	10491.21	165.962810834
5.222	28.3506356122	9999.023	1252.49599544	9455.566	129.808899406	10530.76	103.068251526
5.223	26.1894758114	9997.559	1981.80847927	9480.469	188.499930782	10488.28	112.943992065
5.224	27.2443525915	9997.559	1663.24639593	9498.047	146.244028395	10549.8	123.904981243
5.225	26.9719340137	9996.094	1364.66586561	9540.527	126.452881681	10469.24	206.097136529
5.226	26.1023644783	9994.629	2498.22842606	9536.133	236.429996561	10489.75	146.495298089
5.227	29.3215030171	10000.49	2150.7521063	9454.102	163.085284768	10526.37	168.825100088
5.228	26.4211967578	9999.023	2755.05401129	9493.652	116.621711382	10500.0	249.369643852
5.229	30.0783282957	9997.559	1421.88812085	9520.02	247.045112566	10472.17	138.367556098
5.23	29.0917114355	9997.559	2447.23441701	9461.426	132.99277466	10458.98	250.759546183
5.231	26.2619292753	9996.094	2961.41344086	9452.637	213.929129112	10519.04	186.588363779
5.232	26.8921493016	9994.629	1950.07023533	9549.316	174.388305778	10502.93	184.511679903
5.233	28.6601531624	10000.49	1047.5564457	9462.891	196.675353556	10494.14	127.492235589
5.234	28.2953360453	9999.023	2058.34580313	9467.285	216.034777492	10491.21	157.23633146
5.235	28.8652620967	9997.559	1295.7917083	9468.75	145.402428217	10480.96	188.025654525
5.236	30.0079620239	9997.559	2033.08464584	9490.723	239.927732793	10543.95	199.046340458
5.237	30.3781690595	9996.094	1729.8513184	9458.496	126.736792302	10519.04	230.85106461
5.238	26.6424464682	9996.094	1404.92239194	9486.328	255.085073103	10470.7	220.659748916
5.239	33.3841128509	9994.629	1719.36758988	9487.793	247.186658808	10519.04	213.037617973
5.24	26.798397501	9999.023	1886.72798201	9465.82	99.9179857725	10456.05	202.192278453
5.241	25.3758345043	9999.023	1062.14952034	9489.258	155.946990472	10458.98	148.455683048
5.242	28.8439946944	9997.559	1345.7514556	9509.766	186.67077752	10457.52	228.152489546
5.243	31.736272642	9996.094	1738.76548534	9462.891	266.642821926	10546.88	225.368290871
5.244	31.122938334	9996.094	1736.09710444	9484.863	241.337654718	10451.66	142.999069224
5.245	28.547654144	9994.629	1924.30170272	9480.469	152.546299902	10529.3	168.751926609
5.246	27.1599613662	9999.023	2079.90421911	9534.668	174.215774779	10470.7	169.84680362
5.247	30.5753310161	9999.023	1963.18261341	9500.977	206.93146089	10497.07	126.50240414
5.248	29.7619739666	9997.559	2765.33966012	9455.566	139.235264036	10475.1	174.976920483
5.249	26.5996723313	9996.094	2317.86335708	9459.961	263.839003188	10517.58	137.8525127
5.25	30.6695035967	9996.094	2622.16626035	9543.457	195.35509989	10467.77	199.799575874
5.251	27.6699905185	9994.629	2309.05469071	9547.852	319.769185542	10510.25	225.970357925
5.252	30.7221164217	10000.49	2443.21592299	9499.512	152.57769989	10491.21	186.861469258
5.253	33.3539239576	9999.023	2745.89118698	9451.172	284.751010452	10472.17	197.108743869
5.254	30.8059324077	9997.559	2242.72746449	9496.582	224.33192752	10545.41	180.288977862
5.255	31.5476534836	9997.559	2758.93315718	9540.527	193.090315566	10504.39	177.238765725
5.256	29.5573593963	9996.094	3364.46772816	9479.004	125.215617983	10473.63	188.88306978
5.257	30.3290200739	9994.629	2507.70423242	9493.652	301.059526995	10464.84	239.690731282
5.258	31.4546788208	10000.49	2987.83604812	9480.469	285.666938375	10527.83	158.428886541
5.259	34.0532503385	9999.023	4072.23782164	9544.922	189.246846919	10505.86	162.223554538
5.26	28.9319131408	9997.559	1306.37732516	9541.992	343.18911854	10450.2	199.589848328
5.261	31.4975733056	9997.559	2520.71590574	9503.906	171.576649005	10539.55	156.74224694
5.262	31.1094272828	9996.094	3163.54354639	9480.469	172.701126736	10485.35	159.241039983
5.263	29.9876818038	9994.629	2312.93135761	9540.527	197.031336047	10463.38	260.614317233
5.264	35.2026162001	9994.629	2814.18002166	9549.316	165.399223387	10492.68	198.75370572
5.265	28.5455548623	9999.023	1963.10956386	9549.316	295.682921464	10464.84	150.431187824
5.266	35.1540302015	9999.023	3082.38936432	9474.609	305.600967136	10469.24	248.554850739
5.267	34.2029575322	9997.559	2770.32937561	9487.793	149.544271625	10489.75	321.009996044
5.268	36.6367535799	9996.094	2621.7050917	9528.809	191.972825361	10548.34	239.194626727
5.269	33.0197682727	9996.094	1916.06319697	9483.398	186.141599398	10483.89	183.624495715
5.27	33.8130613568	9994.629	3171.64504903	9492.188	197.634757284	10497.07	256.619857714
5.271	35.864756508	9999.023	2652.37345186	9476.074	194.9979687	10545.41	247.717572336
5.272	37.0891541907	9999.023	2168.95625944	9549.316	166.463485354	10520.51	156.23247354
5.273	32.9049204654	9997.559	2580.34451908	9476.074	348.953644582	10451.66	240.437676119
5.274	32.8724352648	9997.559	2856.06028341	9471.68	328.388214803	10533.69	211.893056317
5.275	35.191416072	9996.094	2600.35831068	9533.203	344.625705454	10492.68	267.795077355
5.276	39.0823874637	9994.629	3390.24077697	9461.426	243.78627156	10500.0	240.605688218
5.277	35.0426134332	10000.49	3168.35451828	9486.328	220.634709283	10535.16	284.358923353
5.278	39.3341924167	9999.023	3465.85603679	9525.879	260.666963823	10491.21	300.844681758
5.279	35.8613271725	9997.559	2758.45384827	9502.441	207.687031057	10520.51	226.580194137
5.28	36.9816818548	9997.559	1943.19714995	9487.793	223.179472943	10478.03	213.478337941
5.281	37.6431961846	9996.094	3734.88064081	9531.738	186.863639318	10539.55	182.511388634
5.282	36.0345622968	9994.629	2594.23683072	9476.074	198.751266412	10500.0	248.087418606
5.283	36.6612575248	10000.49	2375.63005166	9470.215	233.166374371	10469.24	244.332781552
5.284	43.0533986985	9999.023	2954.05386614	9458.496	221.708616283	10461.91	181.325891574
5.285	41.0244168426	9997.559	2648.65496497	9522.949	310.630605377	10524.9	213.283749333
5.286	46.5977545657	9997.559	2106.50809138	9500.977	235.481546071	10549.8	197.322619947
5.287	42.8170453046	9996.094	1958.3096513	9521.484	313.836085498	10498.54	256.548543699
5.288	44.9463365655	9994.629	1317.73397384	9486.328	217.8248578	10498.54	247.403529775
5.289	40.8940884129	9994.629	3481.29746553	9533.203	295.652637841	10542.48	221.23682099
5.29	48.1528276762	9999.023	2665.42346842	9549.316	324.701124865	10541.02	258.756286464
5.291	44.6332591341	9999.023	1331.75131177	9525.879	420.994620246	10456.05	363.151737169
5.292	40.4317915959	9997.559	1952.06375426	9486.328	318.309105811	10532.23	202.239232268
5.293	45.9834102582	9996.094	2439.71575696	9536.133	350.040100299	10538.09	299.974752912
5.294	49.1334592135	9996.094	931.218958662	9533.203	312.984306748	10507.32	321.532618831
5.295	50.0213801218	9994.629	2487.28481806	9530.273	363.50707958	10517.58	354.531041907
5.296	46.3913389096	9999.023	1406.29788899	9459.961	339.443510336	10475.1	294.610528252
5.297	53.4703256956	9999.023	1207.13059581	9473.145	292.309435478	10546.88	588.483316761
5.298	49.1183957924	9997.559	2801.3536237	9533.203	279.621020348	10521.97	298.695974038
5.299	44.377007971	9996.094	3071.15278751	9528.809	338.289845335	10527.83	362.941286704
5.3	50.087727548	9996.094	2138.53910089	9481.934	358.785593979	10542.48	235.215202416
5.301	53.0044218595	9994.629	2397.38623016	9493.652	265.541603043	10469.24	447.920838317
5.302	53.5080402482	10000.49	1552.48793073	9465.82	350.48109384	10475.1	414.759295266
5.303	59.8361652655	9999.023	2983.37001324	9546.387	338.83306552	10486.82	291.857739702
5.304	61.7760437424	9997.559	2902.57273389	9525.879	252.359518249	10500.0	315.730524491
5.305	55.6803068634	9997.559	1407.30253211	9455.566	409.789728745	10505.86	403.791631851
5.306	59.2491239835	9996.094	1708.00619704	9489.258	249.062959138	10524.9	278.275832132
5.307	58.9249420885	9994.629	2146.45663826	9505.371	383.904417671	10532.23	457.388271754
5.308	59.1657923132	10000.49	2011.20962746	9512.695	512.879476266	10549.8	481.187536077
5.309	63.1717449204	9999.023	2758.97933934	9537.598	333.140373986	10501.46	293.163183441
5.31	58.1189918255	9997.559	2756.247859	9546.387	569.696998881	10458.98	400.856157654
5.311	63.5843806286	9997.559	2225.35994126	9467.285	418.316407223	10519.04	432.158167072
5.312	61.5540661664	9996.094	1752.70538434	9479.004	493.898623375	10508.79	452.212302147
5.313	64.1390363408	9994.629	1437.88256714	9481.934	380.440338616	10457.52	397.552296921
5.314	68.7939151712	9994.629	2082.34319301	9547.852	403.863585868	10475.1	516.207537282
5.315	82.1307080719	9999.023	2869.89683324	9479.004	559.458879772	10516.11	305.93640618
5.316	68.366396396	9999.023	1664.53600641	9534.668	333.564981485	10548.34	558.643562638
5.317	78.8690086877	9997.559	1934.93179732	9489.258	642.975357256	10519.04	671.838484899
5.318	74.4226126335	9996.094	2818.11858278	9455.566	631.067141248	10526.37	435.510581045
5.319	72.6940161507	9996.094	1121.67643152	9528.809	318.693030494	10519.04	453.055504038
5.32	73.432526263	9994.629	2101.60215469	9454.102	516.02461715	10467.77	490.952018768
5.321	70.6769154562	9999.023	1403.54238646	9531.738	644.049668334	10469.24	425.452600404
5.322	67.6661899233	9999.023	1865.31431458	9528.809	606.401463375	10514.65	358.886115894
5.323	73.2941536318	9997.559	3707.44149006	9546.387	480.13662005	10467.77	575.954047562
5.324	70.1674686493	9997.559	1208.78702626	9533.203	398.888759958	10521.97	444.478204714
5.325	68.1717627806	9996.094	1751.96457605	9489.258	445.451367183	10453.12	485.066115548
5.326	80.5513921247	9994.629	3122.94087688	9543.457	483.11071783	10485.35	509.302614102
5.327	78.0982214216	10000.49	1926.20730085	9533.203	527.411584513	10451.66	493.800228524
5.328	80.9367045649	9999.023	3337.31100708	9505.371	943.874949219	10497.07	563.613308027
5.329	82.6333614709	9997.559	1667.88288775	9495.117	578.562336799	10464.84	860.981586886
5.33	83.066802227	9997.559	1605.00817177	9511.23	723.764021411	10511.72	508.77224171
5.331	85.4371441791	9996.094	2830.59586385	9495.117	593.196522693	10513.18	437.4718333
5.332	83.2993578076	9994.629	1895.64296841	9533.203	390.175847054	10535.16	693.306560691
5.333	95.7281398322	10000.49	3239.58475036	9462.891	419.092849165	10497.07	831.264343209
5.334	85.684632049	9999.023	1625.70546967	9533.203	768.385448018	10529.3	846.653704211
5.335	80.4587110292	9999.023	1198.00606762	9525.879	922.336188638	10460.45	1001.13003207
5.336	85.7165400453	9997.559	1446.48122719	9540.527	785.042077582	10521.97	309.462338667
5.337	76.2753597585	9996.094	2214.67322692	9515.625	647.205330226	10541.02	409.521521018
5.338	66.6353849805	9994.629	1256.46003882	9508.301	493.572530284	10475.1	453.052151607
5.339	86.2972919474	9994.629	3492.13293624	9459.961	486.003915141	10460.45	341.101003657
5.34	73.2993492401	9999.023	3492.34019593	9515.625	369.115767335	10476.56	735.072406233
5.341	73.1705414576	9999.023	2647.83884661	9524.414	362.424235726	10483.89	360.352048405
5.342	70.7837491644	9997.559	3034.83399356	9512.695	289.736851243	10476.56	460.158927631
5.343	76.3243418419	9996.094	2380.42692507	9486.328	348.383360431	10511.72	435.804837659
5.344	67.898588818	9996.094	2341.46381182	9522.949	315.285348792	10529.3	609.491998633
5.345	58.022046118	9994.629	2116.27715093	9476.074	403.048862581	10473.63	280.461222399
5.346	60.5429250796	9999.023	1167.73613828	9520.02	524.891705349	10517.58	345.286632438
5.347	58.4050894666	9999.023	1534.78032065	9464.355	517.143983344	10545.41	265.017533157
5.348	57.2822006326	9997.559	1899.51349636	9512.695	254.672029669	10466.31	258.216645752
5.349	54.7559055944	9997.559	3564.33008706	9496.582	323.312906531	10494.14	536.414390046
5.35	58.6362706216	9996.094	2045.35843993	9549.316	184.999415863	10535.16	492.997674846
5.351	55.3755176701	9994.629	2279.9048917	9481.934	336.243255256	10511.72	364.120429774
5.352	53.053193708	10000.49	2371.25320402	9473.145	231.747497255	10498.54	258.387001297
5.353	50.284732947	9999.023	2672.8565026	9489.258	360.586535436	10483.89	397.030679285
5.354	49.56159898	9997.559	2344.71319338	9483.398	384.870158524	10502.93	323.048353224
5.355	46.824962628	9997.559	1543.47470161	9517.09	251.252546723	10539.55	301.333199306
5.356	40.2302702686	9996.094	1607.21274463	9528.809	203.063570239	10542.48	160.486049174
5.357	51.4737997621	9994.629	2282.73496242	9506.836	314.872403898	10463.38	308.471734665
5.358	46.0525718213	10000.49	1150.0576941	9467.285	368.01947752	10460.45	299.974419421
5.359	39.2552068869	9999.023	1419.36166666	9455.566	174.572964604	10480.96	234.633896119
5.36	36.7091734645	9997.559	997.836935263	9500.977	307.346636603	10504.39	238.748863443
5.361	40.1788574547	9997.559	1742.09163319	9465.82	466.567478148	10536.62	230.727606581
5.362	49.746865204	9996.094	1405.32981159	9459.961	327.276666189	10530.76	440.132039089
5.363	41.5404694702	9994.629	2060.86750533	9458.496	187.105840481	10497.07	156.296343525
5.364	35.56223597	9994.629	2096.66431827	9543.457	229.682329553	10536.62	253.598986513
5.365	31.2501126578	9999.023	1636.28413524	9546.387	152.282496015	10517.58	214.147344209
5.366	40.5496704069	9999.023	1492.7643282	9528.809	361.24383434	10480.96	226.639929422
5.367	34.7119372282	9997.559	2385.2322094	9468.75	155.289550421	10511.72	225.807702238
5.368	34.0968708141	9996.094	1517.8053525	9533.203	247.941849824	10524.9	197.748941112
5.369	31.1550147536	9996.094	1880.96312943	9514.16	249.366407508	10546.88	226.333199437
5.37	35.3636748714	9994.629	1945.3756052	9537.598	166.326421761	10523.44	150.587197104
5.371	29.7531819292	9999.023	1131.85615969	9547.852	263.491796696	10519.04	159.005933894
5.372	29.7921432919	9999.023	2036.88555953	9498.047	279.127784597	10458.98	245.459535976
5.373	28.5284211268	9997.559	2452.81022921	9547.852	136.019864335	10482.42	198.108481501
5.374	29.0404456779	9996.094	2578.52103097	9525.879	203.554218992	10458.98	172.578638456
5.375	26.4409611891	9996.094	2409.55065161	9537.598	190.604268955	10520.51	200.368843805
5.376	26.9625142028	9994.629	1737.65367647	9527.344	174.848121526	10530.76	135.72623079
5.377	25.8658129346	10000.49	1715.99720573	9534.668	198.009414119	10532.23	199.807369499
5.378	27.7634570708	9999.023	1835.43274883	9508.301	271.652531921	10478.03	216.535718256
5.379	29.6932628728	9997.559	1365.41333459	9464.355	159.398806468	10519.04	189.128023479
5.38	26.1444213733	9997.559	1404.11796667	9534.668	204.152296932	10495.61	125.842851317
5.381	26.3291570467	9996.094	1979.34571795	9498.047	140.278790514	10523.44	138.120151889
5.382	27.8551715996	9994.629	1560.26634531	9495.117	102.071345165	10524.9	222.404114833
5.383	31.6945703715	10000.49	1496.09647056	9477.539	311.253525299	10535.16	131.056930226
5.384	26.358479337	9999.023	1956.96009507	9481.934	161.57650212	10475.1	390.648329324
5.385	29.5746660871	9997.559	1925.68851774	9508.301	167.042370932	10539.55	163.120739473
5.386	25.4072767558	9997.559	1999.41963619	9505.371	109.311244432	10460.45	240.909838264
5.387	27.7920883972	9996.094	1653.81458668	9474.609	138.689831275	10479.49	160.266567624
5.388	25.4328121435	9996.094	1623.0828767	9496.582	206.54199881	10529.3	249.459771773
5.389	25.2392059677	9994.629	1703.61583475	9493.652	113.657267983	10543.95	156.662268358
5.39	28.9873872195	9999.023	2209.3842792	9505.371	129.019285439	10485.35	163.348116891
5.391	26.7832489066	9999.023	1297.74606355	9536.133	203.520642062	10529.3	178.322847651
5.392	26.6907931799	9997.559	3219.57020964	9480.469	148.040914518	10545.41	113.319220666
5.393	30.8273484907	9996.094	1847.88670766	9474.609	193.530744432	10473.63	246.279718329
5.394	31.2875479318	9996.094	1181.75435394	9479.004	207.86234227	10480.96	257.234430964
5.395	31.4205394923	9994.629	1906.70827257	9533.203	143.527295991	10513.18	272.104823078
5.396	28.7903822658	9999.023	1018.1847891	9541.992	185.125290452	10539.55	136.346850774
5.397	30.351230214	9999.023	2105.86580985	9459.961	213.687281156	10548.34	180.059334094
5.398	34.3613156872	9997.559	2115.86536017	9522.949	279.692818487	10549.8	152.617851975
5.399	32.7947739757	9996.094	2433.34172238	9531.738	193.26572671	10467.77	139.976911616
5.4	33.9189161315	9996.094	1805.47584962	9517.09	181.560453072	10527.83	411.340888283
5.401	31.2369343728	9994.629	3249.77668968	9536.133	159.012518945	10457.52	236.074471183
5.402	32.688511411	10000.49	2999.60052286	9511.23	267.32541024	10530.76	262.147310458
5.403	35.779588674	9999.023	2629.25857564	9483.398	187.015528082	10485.35	173.288416628
5.404	35.8590707466	9997.559	2842.03046386	9451.172	242.515847321	10476.56	122.118426718
5.405	37.6946999963	9997.559	2054.45786124	9487.793	247.664237021	10473.63	309.886682863
5.406	34.1480904904	9996.094	4588.11150043	9524.414	277.315091057	10472.17	197.623761483
5.407	39.1228324547	9994.629	2849.02667036	9483.398	150.845780033	10508.79	274.521611659
5.408	43.2502575892	10000.49	2835.6610387	9547.852	298.608792213	10516.11	143.44371529
5.409	40.4520398032	9999.023	4274.45155231	9546.387	334.560271016	10453.12	268.634085948
5.41	34.5657858029	9997.559	2792.01911244	9530.273	298.756105856	10507.32	273.349492481
5.411	41.3951149659	9997.559	3212.06078896	9549.316	111.10168923	10517.58	278.978469394
5.412	34.3277631131	9996.094	4155.21714565	9496.582	214.966678515	10549.8	152.896225639
5.413	47.3149810381	9994.629	3551.29343293	9468.75	199.598630101	10517.58	282.578952787
5.414	46.2337286578	9994.629	4484.17246854	9471.68	343.397164793	10539.55	255.83234164
5.415	41.3818729457	9999.023	3087.31342672	9487.793	351.577586511	10514.65	345.55007254
5.416	40.9512795757	9999.023	3390.43164131	9476.074	298.885590081	10473.63	312.88375341
5.417	49.1157377778	9997.559	4210.0090526	9474.609	240.038486374	10482.42	237.579004745
5.418	42.4377150456	9996.094	3142.24017569	9455.566	312.24248879	10500.0	389.116309671
5.419	47.029167873	9996.094	4095.92468858	9512.695	303.956825233	10538.09	676.39764477
5.42	42.5620050618	9994.629	3244.11494577	9487.793	443.829600791	10546.88	456.066378538
5.421	48.5347696131	9999.023	5002.9582242	9464.355	329.276840631	10461.91	414.694062147
5.422	50.4609861642	9999.023	3487.20635505	9502.441	282.215450999	10475.1	228.848370405
5.423	46.9311385262	9997.559	5883.56911354	9471.68	364.055304433	10482.42	327.808628096
5.424	55.5747232595	9996.094	1941.91331384	9518.555	186.313361135	10542.48	581.327416577
5.425	50.4200536649	9996.094	4136.3146612	9525.879	262.01262398	10505.86	297.031890147
5.426	52.8566820657	9994.629	4082.2201112	9528.809	197.386924713	10500.0	207.430792384
5.427	45.7370784847	10000.49	3718.35404197	9457.031	440.586921085	10485.35	257.496076808
5.428	45.9680251534	9999.023	4954.63515003	9496.582	309.88350503	10458.98	402.280517144
5.429	50.158521471	9997.559	2745.64068573	9522.949	421.828486024	10495.61	396.061287904
5.43	49.594254721	9997.559	5459.35831907	9461.426	200.989200554	10472.17	344.955493318
5.431	49.4105684059	9996.094	4551.58647512	9470.215	321.93685468	10457.52	363.538176966
5.432	51.9822522044	9994.629	3658.71565315	9539.062	300.38052208	10545.41	285.591071626
5.433	45.5524906984	10000.49	4653.25818677	9546.387	694.432617692	10543.95	316.283041675
5.434	53.1403445922	9999.023	4848.68710425	9454.102	375.544186438	10466.31	506.032755093
5.435	47.2489041765	9997.559	4058.65586345	9509.766	336.460322886	10541.02	220.831702697
5.436	52.1246576998	9997.559	3420.33022199	9484.863	352.096271989	10504.39	279.221737008
5.437	51.360438858	9996.094	3782.43995695	9498.047	261.767307551	10521.97	203.733577745
5.438	50.0504876446	9996.094	2443.11076718	9486.328	256.031947031	10504.39	337.359023632
5.439	45.493390809	9994.629	4017.00942716	9461.426	258.517336607	10497.07	270.702338011
5.44	51.1298691732	9999.023	3905.67762632	9474.609	313.682026918	10527.83	210.20912598
5.441	50.336791977	9999.023	4007.73376294	9451.172	479.951116345	10472.17	327.788729726
5.442	52.7304972594	9997.559	3420.25753298	9512.695	417.482753612	10524.9	368.713565564
5.443	50.8656816389	9996.094	2864.09051829	9474.609	274.141445472	10492.68	233.006159537
5.444	46.0915770073	9996.094	3076.00064255	9465.82	280.918411826	10492.68	250.792497339
5.445	49.1521749157	9994.629	4132.34315201	9473.145	273.442734733	10517.58	234.567918613
5.446	57.1998267923	9999.023	2418.42277142	9517.09	377.22362114	10457.52	287.042554335
5.447	45.4471933464	9999.023	4065.04873544	9528.809	245.387781883	10541.02	446.903842661
5.448	45.8745250141	9997.559	4490.44612214	9474.609	283.842713177	10501.46	298.180292348
5.449	50.8982324405	9996.094	4004.05475735	9520.02	474.50256752	10539.55	275.876800229
5.45	55.2580411504	9996.094	4190.09607778	9486.328	370.853322675	10507.32	542.641614224
5.451	55.3408339871	9994.629	3882.9593886	9512.695	349.594985905	10494.14	336.544470506
5.452	46.8158408384	10000.49	3915.7900412	9539.062	316.215134144	10451.66	382.816373415
5.453	51.2477953292	9999.023	5234.52760631	9480.469	301.951029098	10524.9	405.794020567
5.454	60.277217875	9997.559	3806.91843146	9525.879	234.223882483	10464.84	333.327078005
5.455	58.698460263	9997.559	2460.01420227	9530.273	292.60591162	10536.62	326.869024114
5.456	58.6242963542	9996.094	4975.26085946	9528.809	274.01685885	10532.23	365.688908248
5.457	56.4180604637	9994.629	4369.49490599	9547.852	430.002936809	10517.58	346.987940911
5.458	51.4860412124	10000.49	3180.51884824	9521.484	288.642573657	10523.44	291.281508078
5.459	50.8273316244	9999.023	6093.58903919	9473.145	259.006088223	10538.09	204.219489372
5.46	46.0599710486	9997.559	5004.40803183	9487.793	350.916176469	10546.88	244.475917155
5.461	51.8451940153	9997.559	4905.37131273	9541.992	264.257614095	10453.12	471.363353097
5.462	57.0728146977	9996.094	6851.74476533	9493.652	418.447073714	10538.09	390.682846719
5.463	51.8573583743	9994.629	4050.70167371	9528.809	393.327026447	10467.77	285.228425282
5.464	53.5646230738	9994.629	5321.07950703	9524.414	444.730021399	10533.69	368.594768545
5.465	55.4482393312	9999.023	5456.03057721	9514.16	327.317333972	10492.68	358.510700316
5.466	51.2498007763	9999.023	4857.07320178	9480.469	242.912355367	10508.79	162.64426911
5.467	49.9339873819	9997.559	5749.05449558	9506.836	388.573894524	10511.72	269.922303834
5.468	51.7043867907	9996.094	3138.91332307	9452.637	416.430003199	10513.18	175.39158059
5.469	52.066961209	9996.094	3010.85058994	9454.102	390.123852293	10467.77	346.136842336
5.47	49.2489549203	9994.629	5383.03359536	9514.16	246.716712001	10505.86	310.21235443
5.471	55.3230636151	9999.023	5575.66378325	9458.496	337.20316381	10526.37	402.389069256
5.472	56.40406062	9999.023	5512.94276744	9522.949	463.757555791	10524.9	237.458188962
