


# Light turned on, about 75uA
5.0	2.57113892181	9996.094	1699.86773456	9521.484	14.6770266375	10504.39	10.3384109581
5.001	2.21440978455	9994.629	1701.42184036	9515.625	16.3353334171	10527.83	16.5018204532
5.002	2.3279775335	10000.49	1484.6670073	9461.426	15.6353510691	10545.41	13.8004149538
5.003	2.16094842256	9999.023	1581.50541127	9480.469	20.6375707195	10523.44	13.5267064971
5.004	2.37882552299	9997.559	1610.1251426	9541.992	14.4209119657	10478.03	15.0518032717
5.005	2.50625524237	9997.559	1617.83804384	9467.285	16.5841166528	10492.68	11.3052942228
5.006	2.63133695972	9996.094	1732.6822038	9540.527	12.5073482642	10530.76	24.4616304519
5.007	2.41344415392	9994.629	1656.68716959	9522.949	12.0619805462	10491.21	14.7862631857
5.008	2.36081696777	10000.49	1739.36056474	9487.793	12.3847436207	10482.42	19.6485819675
5.009	2.24839012176	9999.023	1897.44636061	9511.23	27.2973435648	10543.95	26.1805628626
5.01	2.58457239731	9997.559	1777.34590946	9457.031	15.9397309165	10495.61	20.2872164642
5.011	2.26303282656	9997.559	1701.99524129	9509.766	10.1967593212	10520.51	16.0899222545
5.012	2.58185346261	9996.094	1873.39205873	9484.863	15.9127642308	10466.31	19.4309107051
5.013	2.81761304416	9994.629	1662.98095522	9499.512	8.94642015331	10470.7	14.5133779051
5.014	2.73895929383	9994.629	1710.09070144	9458.496	15.9246551603	10491.21	17.591616777
5.015	2.68600571636	9999.023	1654.16060313	9468.75	9.9242457336	10533.69	18.2755334167
5.016	2.46203296999	9999.023	1758.42276873	9537.598	12.4875724056	10504.39	11.8168080856
5.017	2.39537364233	9997.559	2076.72612143	9512.695	10.8744001182	10549.8	13.0409244936
5.018	2.80323403376	9996.094	2111.64704515	9499.512	19.8212457245	10510.25	11.0064629172
5.019	2.4458360445	9996.094	2124.87100504	9509.766	14.2024160755	10478.03	14.5090749622
5.02	2.32432656644	9994.629	2668.71819668	9527.344	19.4868545906	10521.97	20.4662304577
5.021	2.54230585742	9999.023	2519.9819807	9490.723	10.1891189121	10546.88	12.069556845
5.022	2.55802418466	9999.023	2335.57433037	9527.344	13.2196016307	10453.12	24.4085968699
5.023	2.51576863006	9997.559	2460.68532433	9544.922	20.6495013907	10475.1	15.3591384973
5.024	3.25862377185	9996.094	2422.11532954	9479.004	11.0803221511	10538.09	21.8952855748
5.025	2.66274695744	9996.094	2329.56305426	9524.414	12.3189081325	10545.41	13.6636797952
5.026	2.78255949323	9994.629	2377.01524556	9473.145	16.2567418472	10473.63	18.4786432166
5.027	2.72404601498	10000.49	2091.07751713	9547.852	14.518793348	10502.93	30.3996319428
5.028	2.41580805526	9999.023	2220.56495482	9457.031	16.2967835671	10529.3	17.3114345718
5.029	3.03420554568	9997.559	2183.66751727	9471.68	9.72764034677	10546.88	18.3500681338
5.03	2.93428462199	9997.559	2054.07193986	9452.637	20.8865101596	10457.52	12.8139572868
5.031	2.97384326451	9996.094	2332.4197487	9464.355	11.5144987633	10533.69	14.0474391384
5.032	2.65007170342	9994.629	2113.65125349	9517.09	14.8281526304	10492.68	19.5828975343
5.033	2.86972644533	10000.49	2204.59296968	9451.172	17.98875972	10541.02	21.7869592365
5.034	2.66764556778	9999.023	2407.30562992	9509.766	12.0070317772	10480.96	13.6415535706
5.035	2.37266470642	9997.559	1874.15815249	9543.457	10.3883250464	10463.38	15.0818624505
5.036	2.8081202506	9997.559	2216.54547982	9512.695	21.899456052	10501.46	12.382253718
5.037	2.98747814895	9996.094	2390.4941247	9490.723	18.2587152492	10491.21	15.2797002862
5.038	2.79440973047	9994.629	2418.24935011	9528.809	16.2148368597	10497.07	19.8682593544
5.039	2.47397888563	9994.629	2675.14635355	9522.949	17.7033008422	10491.21	25.8871675871
5.04	3.09522677454	9999.023	2499.70076248	9461.426	18.5249082724	10523.44	17.0775330435
5.041	2.54430498629	9999.023	2596.33664353	9489.258	19.664020222	10532.23	22.7581431099
5.042	2.6247697134	9997.559	2487.9770898	9471.68	24.3718793299	10517.58	23.0010333392
5.043	2.48537960086	9996.094	2517.43211176	9455.566	14.2452240865	10517.58	10.7154965516
5.044	2.45293434612	9996.094	2485.23284289	9541.992	9.41926669401	10504.39	14.1441157016
5.045	2.2242356074	9994.629	2365.09659435	9455.566	7.63331885446	10450.2	20.8117160003
5.046	2.362075545	9999.023	2244.28646294	9547.852	17.0144112942	10488.28	24.6765060802
5.047	2.35694295239	9999.023	2241.0407831	9549.316	16.6735138591	10521.97	13.9657512047
5.048	2.59183588382	9997.559	2179.58830505	9452.637	15.266296249	10480.96	23.1853453396
5.049	2.52465551524	9996.094	1953.92538113	9509.766	18.1953533583	10513.18	21.2579280708
5.05	2.30479487854	9996.094	2183.89710696	9468.75	9.93636422121	10478.03	11.8360133504
5.051	2.54564192786	9994.629	1985.82939447	9461.426	11.8027453279	10519.04	22.8683306297
5.052	2.34332644967	10000.49	1859.33685143	9530.273	15.7267911294	10461.91	12.3310314072
5.053	2.37687321329	9999.023	2130.02964687	9530.273	11.6849590841	10549.8	8.19089660921
5.054	2.32565055001	9997.559	2078.05531777	9505.371	10.0500060254	10457.52	11.9491701442
5.055	1.93258841914	9997.559	1902.25927289	9512.695	9.21167702189	10521.97	15.1409468643
5.056	2.06737153241	9996.094	2049.12429949	9536.133	13.2151305655	10527.83	12.6523311782
5.057	2.03989718023	9994.629	1873.20106535	9451.172	10.9679775206	10510.25	11.4642026875
5.058	1.91292787019	10000.49	1628.67692522	9481.934	15.2310251098	10458.98	11.4556827803
5.059	2.05040857993	9999.023	1612.43965112	9467.285	10.998587773	10523.44	14.9136849733
5.06	135.482090323	9997.559	1762.58883073	9506.836	769.902088544	10523.44	949.662524364
5.061	2.17267952391	9997.559	1331.92767547	9541.992	18.0834062987	10497.07	10.0132062092
5.062	2.10581271748	9996.094	1395.90435043	9496.582	13.8663697404	10533.69	11.486285079
5.063	2.15125533827	9994.629	1168.8739856	9512.695	8.01608146147	10458.98	13.3724715674
5.064	2.00259116118	9994.629	1178.88646106	9457.031	21.2422949725	10505.86	7.35299987463
5.065	2.08714571498	9999.023	1280.00502728	9455.566	10.8744995244	10497.07	10.8962436819
5.066	2.36544060528	9999.023	1083.31778027	9528.809	10.8881696222	10538.09	9.68939125791
5.067	2.02753485542	9997.559	1299.19151078	9457.031	11.3975000531	10498.54	13.5246215405
5.068	1.92564479198	9996.094	1490.51032929	9465.82	14.729745871	10460.45	11.4708441212
5.069	2.10516884766	9996.094	1347.91327388	9520.02	12.9090528593	10456.05	11.0199647111
5.07	1.79416464666	9994.629	1576.20283163	9499.512	12.2784503691	10543.95	12.1794292354
5.071	1.93629214342	9999.023	1521.9629785	9495.117	7.55320186629	10535.16	9.94832601805
5.072	2.09646187999	9999.023	1750.92463027	9508.301	11.3524466017	10475.1	18.4855361493
5.073	1.9350126103	9997.559	1646.76096237	9531.738	13.1174537212	10478.03	14.7653707269
5.074	2.02825176142	9996.094	1806.47698807	9483.398	16.863095405	10538.09	19.1790531636
5.075	1.97058636717	9996.094	1738.44219912	9512.695	16.6842036122	10527.83	13.6430716309
5.076	2.22712029639	9994.629	1739.87797265	9477.539	12.5023113734	10507.32	11.3881598432
5.077	1.99897464761	10000.49	1909.20167953	9520.02	11.8525303925	10472.17	13.1379928448
5.078	2.08380690826	9999.023	1958.24553548	9505.371	15.0409271781	10527.83	13.5749978355
5.079	1.69731124523	9997.559	1810.36318402	9521.484	8.7824683819	10488.28	7.39571828001
5.08	1.88890864039	9997.559	2026.07010102	9514.16	17.1307383413	10505.86	24.5368200995
5.081	1.8456847023	9996.094	2213.10630867	9534.668	17.0961216121	10488.28	9.56960945721
5.082	1.93015755758	9994.629	1890.32035895	9465.82	11.6109592809	10495.61	12.3392605907
5.083	1.98962548239	10000.49	2108.1332374	9515.625	16.7934238353	10472.17	10.7430794218
5.084	1.8386661569	9999.023	1896.74135721	9473.145	13.4284520549	10520.51	12.1259976242
5.085	2.03886795216	9997.559	1866.48740286	9489.258	10.6867585373	10523.44	11.6797094922
5.086	1.87841898654	9997.559	1926.69322235	9533.203	12.1275775104	10529.3	10.6226749025
5.087	1.98989855532	9996.094	1983.86699093	9480.469	8.1986585023	10478.03	14.0793236804
5.088	1.96223758059	9994.629	1825.08750902	9524.414	10.5808325559	10497.07	16.0107501418
5.089	1.94143087898	9994.629	1917.52516237	9471.68	11.2275312306	10482.42	19.2178435954
5.09	2.08320752272	9999.023	2041.48864935	9525.879	17.2266377865	10482.42	12.5823086407
5.091	1.79219554441	9999.023	2001.012492	9461.426	10.7302965951	10488.28	12.1797544433
5.092	2.08750985078	9997.559	2204.78200291	9520.02	11.0747967811	10450.2	14.4009780623
5.093	2.03769318624	9996.094	2273.21648455	9468.75	6.84898871123	10483.89	16.2416500468
5.094	1.83623952849	9996.094	2248.6479533	9549.316	9.07120166336	10502.93	14.7272542069
5.095	2.05996960221	9994.629	2428.29443741	9470.215	10.8058567548	10475.1	8.20824617516
5.096	2.21547376521	9999.023	2397.48182925	9490.723	13.7840185459	10542.48	14.3610777977
5.097	2.29684200404	9999.023	2689.34356084	9525.879	15.4253130173	10478.03	11.9698212677
5.098	2.06620558813	9997.559	2750.48789665	9541.992	11.8248907896	10549.8	6.82673465798
5.099	2.12113570369	9996.094	2506.87692802	9511.23	7.5663491768	10533.69	12.16768635
5.1	2.01783746016	9996.094	3131.0019254	9536.133	10.5614231639	10463.38	14.7907264645
5.101	2.23070778152	9994.629	3171.69164031	9473.145	14.7974771177	10482.42	10.3490427085
5.102	2.20147228694	10000.49	2893.42284922	9515.625	12.5985407989	10520.51	12.0650446768
5.103	2.19677394453	9999.023	3274.43366778	9480.469	17.9494035009	10543.95	12.5516828209
5.104	2.28241426888	9997.559	3035.43472585	9515.625	18.7493296424	10489.75	18.3513632768
5.105	2.30130249683	9997.559	3025.44454605	9489.258	17.6487507913	10470.7	13.9059643751
5.106	2.15335373422	9996.094	3405.95234077	9499.512	12.4164270401	10482.42	20.7059451289
5.107	2.18215901192	9994.629	2977.99167165	9470.215	14.0574167345	10456.05	14.9741872608
5.108	2.22842550147	10000.49	3096.69671629	9477.539	22.3165906547	10457.52	12.6547876381
5.109	2.20677792821	9999.023	3402.30822492	9498.047	22.1629643871	10505.86	18.2730569669
5.11	2.16027109985	9997.559	3073.49074149	9502.441	20.4379010849	10519.04	24.5235562238
5.111	2.41645452835	9997.559	3256.70659775	9458.496	15.1507325534	10536.62	19.6450245985
5.112	2.47034731726	9996.094	3155.57220865	9461.426	15.2059717143	10478.03	11.1373722226
5.113	2.49600186216	9994.629	2914.37514084	9544.922	13.4074020244	10533.69	19.327183765
5.114	2.62410827906	9994.629	2964.82460433	9517.09	10.7656219519	10500.0	22.3230240463
5.115	2.77671402324	9999.023	3296.40831286	9468.75	23.5283053278	10536.62	12.26080544
5.116	2.49887497095	9999.023	3503.83809493	9483.398	22.5251528504	10527.83	9.32643681281
5.117	2.81185353653	9997.559	3694.01081673	9543.457	13.8573247221	10523.44	15.1056735479
5.118	2.7928519832	9996.094	3873.27580975	9493.652	13.1602140256	10519.04	15.1792164909
5.119	2.76448292114	9996.094	3698.63523351	9534.668	27.0047046017	10467.77	14.2262355783
5.12	2.79596696522	9994.629	3943.72301991	9458.496	19.6339818175	10480.96	11.9580518888
5.121	2.99869468246	9999.023	3687.20384592	9534.668	13.000390195	10466.31	13.8436441528
5.122	3.46625916702	9999.023	3649.21787638	9486.328	25.2487834083	10463.38	20.4912738341
5.123	4.57338378733	9997.559	3843.36676213	9528.809	27.0536167686	10470.7	19.1832598114
5.124	9.91168962888	9996.094	2836.69571782	9537.598	65.8229895336	10548.34	69.1974752376
5.125	259.102146763	9991.699	2251.18758682	9490.723	1925.1439588	10492.68	1864.61771107
5.126	13.2482923333	9994.629	3697.6888827	9508.301	76.4516869938	10527.83	146.855716083
5.127	4.99355297655	10000.49	3274.81749568	9492.188	43.7712351228	10473.63	30.5217644574
5.128	3.57921214075	9999.023	4679.47756977	9481.934	21.1807359141	10516.11	35.6321956544
5.129	3.72418181837	9997.559	5236.51449413	9489.258	27.3393972003	10486.82	31.3075703947
5.13	3.87314979553	9997.559	5221.69495236	9522.949	35.368254636	10456.05	31.632416881
5.131	3.72857729561	9996.094	6430.32377854	9496.582	14.9692820149	10482.42	15.0240201565
5.132	3.50795884521	9994.629	6134.84621018	9468.75	29.1480099282	10457.52	35.0741012344
5.133	4.30662999197	10000.49	5934.35934545	9544.922	33.8072039217	10507.32	20.001790276
5.134	4.22419129265	9999.023	6482.61525639	9483.398	30.4821115442	10469.24	23.8143285494
5.135	4.29204379054	9997.559	5810.72400771	9480.469	18.5788146922	10472.17	32.4711706367
5.136	4.05638667424	9997.559	6001.09431047	9528.809	32.1042761402	10542.48	24.574482648
5.137	7.72066819018	9996.094	6398.47437062	9544.922	59.7621687871	10549.8	31.0482834768
5.138	4.21360118491	9994.629	5862.63808917	9452.637	39.5358833618	10478.03	25.9065353135
5.139	3.66137444333	9994.629	6630.86436685	9486.328	25.8544413822	10549.8	23.1299855092
5.14	4.26032877747	9999.023	6569.08589567	9461.426	20.4122721479	10460.45	32.3696047169
5.141	4.17997168945	9999.023	6860.86524422	9476.074	31.085714427	10505.86	22.893944202
5.142	3.86437480166	9997.559	7406.90839779	9451.172	19.7658698938	10532.23	31.0481339691
5.143	4.18898876817	9996.094	7130.47443363	9474.609	18.8670172758	10524.9	36.8862934264
5.144	4.58428785492	9996.094	7153.32320161	9533.203	37.0110678251	10510.25	25.0521552157
5.145	4.01453105274	9994.629	7550.16529676	9467.285	36.2349848283	10498.54	19.505938149
5.146	4.36952507307	9999.023	7247.16058904	9530.273	22.7247651139	10463.38	29.0894081081
5.147	53.9562593233	9999.023	5592.24724089	9479.004	526.136713307	10511.72	432.98383727
5.148	4.13809333945	9997.559	7082.57139091	9480.469	20.5181181441	10450.2	19.6710793604
5.149	4.1794282275	9996.094	6212.60038733	9479.004	27.6481050143	10524.9	27.2117021915
5.15	3.88367968649	9996.094	6936.62965918	9458.496	23.6801982974	10548.34	17.5766196667
5.151	3.69306680014	9994.629	6498.7836172	9476.074	27.2649070823	10535.16	29.4794653357
5.152	4.03700727371	10000.49	5899.32422141	9459.961	24.0876190239	10467.77	25.0364313196
5.153	3.99520618915	9999.023	6654.00112485	9498.047	37.0552198398	10464.84	24.24520606
5.154	3.74292322421	9997.559	6549.29071796	9487.793	26.395016084	10548.34	21.259319243
5.155	3.80195267202	9997.559	6138.37221335	9474.609	19.8232832263	10494.14	19.2155963205
5.156	3.53512333984	9996.094	6314.60643294	9458.496	22.0755573914	10508.79	26.4136515139
5.157	3.92820412989	9994.629	5720.77068674	9479.004	26.1557460211	10507.32	28.9687437751
5.158	3.74950703311	10000.49	5490.14227993	9454.102	35.3870120217	10542.48	27.3475690432
5.159	3.67762918024	9999.023	5500.93075595	9464.355	27.3897168094	10478.03	28.9968240786
5.16	3.0169198025	9997.559	5253.55214457	9490.723	17.6211225503	10489.75	23.4449569419
5.161	3.43144643019	9997.559	5142.74234319	9476.074	20.9554017302	10533.69	21.0951581119
5.162	3.43438018471	9996.094	4949.95303276	9512.695	18.2536525135	10511.72	29.6645552606
5.163	3.28485091467	9994.629	4110.94187102	9465.82	17.220034716	10466.31	43.6669586841
5.164	3.43384683185	9994.629	3579.29146094	9477.539	15.0612472308	10529.3	25.5215195378
5.165	3.69331528059	9999.023	2992.99303195	9509.766	23.517386973	10482.42	16.4777463466
5.166	1.43310849701	9999.023	1167.14956671	9522.949	8.03311169887	10488.28	10.2158969196
5.167	1.59337486094	9997.559	1145.48147167	9515.625	8.84081739374	10535.16	11.2014266707
5.168	1.22995500258	9996.094	1037.13967626	9495.117	8.30362958121	10523.44	7.241427305
5.169	1.40399976347	9996.094	1076.82465349	9511.23	6.7739890054	10543.95	7.20503887667
5.17	1.55841709892	9994.629	1154.28023119	9493.652	8.66867299394	10529.3	6.69386487789
5.171	1.42646501001	9999.023	1330.83197222	9470.215	7.00565660141	10453.12	8.41088264443
5.172	1.27013376721	9999.023	1190.70781431	9549.316	9.90034876562	10495.61	8.31303657479
5.173	1.23013997187	9997.559	1265.73632729	9483.398	6.97896063951	10527.83	8.43173257959
5.174	1.54261895085	9996.094	1229.18014909	9487.793	6.68307584524	10457.52	9.59905264769
5.175	10765.2832074	9996.094	41222.3406286	9481.934	83343.9596033	10463.38	84952.9947209
5.176	1.39468148305	9994.629	1241.54619145	9452.637	8.27318549059	10460.45	11.6087587245
5.177	1.41738627277	10000.49	1169.38377524	9451.172	12.4384654643	10480.96	12.3174490339
5.178	1.13448012354	9999.023	1190.62899435	9470.215	7.38592535703	10488.28	11.6532539177
5.179	1.30064749435	9997.559	1033.34354256	9468.75	13.1053323942	10478.03	7.74031233271
5.18	1.36638155626	9997.559	1249.51992142	9493.652	4.77341886977	10536.62	10.879963032
5.181	1.34682244202	9996.094	1448.20044468	9505.371	9.68893334431	10517.58	9.84824377565
5.182	1.16093107515	9994.629	1309.99182752	9476.074	8.50662228367	10523.44	10.1410355751
5.183	1.31900325077	10000.49	1367.367554	9514.16	6.53316494339	10504.39	5.33954647931
5.184	1.19770958499	9999.023	1380.27674872	9508.301	7.27274416704	10504.39	7.74687869273
5.185	1.15301355343	9997.559	1172.52845429	9486.328	9.42165174604	10460.45	5.92154992393
5.186	1.38634638815	9997.559	1192.12499665	9517.09	5.42356186682	10456.05	8.71207348715
5.187	1.14657911163	9996.094	1219.37485114	9549.316	6.04700060871	10482.42	5.58768498591
5.188	1.22194457899	9994.629	1261.1891543	9470.215	4.85514866168	10542.48	5.33144229689
5.189	1.17994945425	9994.629	1402.37369308	9517.09	5.94727906285	10498.54	12.0612435
5.19	1.34696217298	9999.023	1509.25826632	9454.102	10.149323958	10483.89	5.18947336273
5.191	1.25928732078	9999.023	1376.36613517	9462.891	5.80271618762	10475.1	6.37810483869
5.192	1.22640812583	9997.559	1728.51763165	9455.566	8.30339107526	10494.14	6.51086651894
5.193	1.34828793291	9996.094	1676.74613469	9527.344	8.97275021424	10472.17	9.87975095891
5.194	1.31185781997	9996.094	1558.8309899	9471.68	7.59862512851	10488.28	7.62811690796
5.195	1.12381701562	9994.629	1818.24490787	9459.961	7.36296368156	10523.44	11.236101017
5.196	1.2285443006	9999.023	1621.53238905	9537.598	6.68063749228	10546.88	5.58366232325
5.197	1.15919728249	9999.023	1662.86432568	9496.582	8.35884373158	10538.09	4.22715947203
5.198	1.1151338429	9997.559	1569.78995345	9524.414	8.3229629757	10466.31	5.60232790668
5.199	1.21178350989	9996.094	1649.45131104	9527.344	7.4637017295	10457.52	4.98020791864
5.2	1.22487796957	9996.094	1846.55353056	9534.668	4.33263316554	10514.65	7.58469941361
5.201	1.11150865913	9994.629	1840.06452106	9520.02	11.4312828453	10485.35	9.26146430313
5.202	1.161644039	10000.49	1728.64589213	9464.355	5.49590871213	10456.05	7.33223846177
5.203	1.25560469027	9999.023	1932.6273449	9512.695	6.54093461355	10527.83	9.31061725985
5.204	1.36314116582	9997.559	1920.47231312	9457.031	7.2085307149	10478.03	6.87889644303
5.205	1.09929626156	9997.559	1824.54023685	9484.863	5.99522050493	10546.88	6.45945123871
5.206	1.16142125729	9996.094	1931.85378733	9514.16	11.2969023782	10497.07	7.58678370288
5.207	1.0384930685	9994.629	1720.42468456	9455.566	6.75907614581	10504.39	5.61727467702
5.208	1.15124785745	10000.49	1790.52499934	9499.512	6.82203131578	10539.55	6.81042346669
5.209	1.09328871828	9999.023	1974.41571194	9506.836	7.96211952333	10498.54	8.73618116628
5.21	1.12433740939	9997.559	1863.67136296	9493.652	4.70134680801	10535.16	8.4896251277
5.211	1.24296515121	9997.559	1884.44523754	9536.133	7.4406663557	10500.0	6.38395298293
5.212	0.946155056692	9996.094	1915.00567988	9492.188	5.98616017099	10533.69	8.23544212232
5.213	0.86063068186	9994.629	1782.76704669	9525.879	7.52071283014	10478.03	8.10794705476
5.214	1.01821206967	9994.629	1825.00356948	9484.863	8.3725596524	10454.59	8.88728997185
5.215	0.911785971716	9999.023	1797.78675241	9518.555	4.82419915539	10535.16	4.66679903934
5.216	1.02062286668	9999.023	1610.95026348	9477.539	5.20788183254	10535.16	5.14688519705
5.217	1.04409575733	9997.559	1693.42110951	9505.371	5.25850057429	10456.05	7.23505613087
5.218	0.986081876479	9996.094	1700.85808996	9467.285	5.60636643188	10492.68	6.26845636748
5.219	0.932808078435	9996.094	1548.17624393	9514.16	6.28229880217	10491.21	5.31163027007
5.22	0.919708251493	9994.629	1642.33397446	9505.371	7.69153682911	10495.61	4.90340722974
5.221	0.887783189048	9999.023	1565.91216321	9527.344	5.30840601711	10476.56	3.98916756886
5.222	0.864166103604	9999.023	1742.47747004	9464.355	6.43956466119	10526.37	4.74286491553
5.223	0.950418466276	9997.559	1756.21069709	9537.598	4.3653959518	10467.77	4.97511734123
5.224	0.848012386386	9996.094	1669.79804021	9479.004	5.17338007788	10508.79	4.92480801005
5.225	0.881957242488	9996.094	1674.20894343	9451.172	5.98226693904	10498.54	7.72783416841
5.226	0.94652575485	9994.629	1867.00225554	9462.891	8.20059349494	10513.18	4.41422877749
5.227	0.859162141583	10000.49	1637.23299052	9505.371	3.78413930186	10466.31	4.22907618262
5.228	0.817237836113	9999.023	1773.71136705	9536.133	3.92613368593	10472.17	6.61520860909
5.229	0.88633978409	9997.559	1921.57063234	9546.387	4.32749980977	10508.79	7.11776237049
5.23	0.803682716084	9997.559	1858.87567017	9489.258	4.73598407084	10533.69	6.715414799
5.231	0.789700123231	9996.094	1811.11685823	9534.668	5.68801374378	10473.63	4.94124587488
5.232	0.893749217591	9994.629	1720.53177821	9525.879	4.95783865104	10463.38	6.25778097627
5.233	0.83775286314	10000.49	1776.13424217	9470.215	6.83229350327	10491.21	6.9255059757
5.234	0.870334598033	9999.023	1842.18055958	9528.809	4.72479896728	10543.95	4.16896908789
5.235	0.942542059103	9997.559	1693.0247115	9496.582	5.6123385219	10456.05	6.1119074396
5.236	0.873753037041	9997.559	1713.99781988	9489.258	4.51324468944	10457.52	6.65294059136
5.237	0.855104569298	9996.094	1665.72597232	9467.285	3.17000656443	10494.14	4.99082914007
5.238	0.92365099634	9994.629	1528.3451794	9544.922	5.94599674803	10479.49	4.84243425133
5.239	0.884229767995	9994.629	1558.46615636	9455.566	5.3661569518	10526.37	5.47405723575
5.24	0.912725269032	9999.023	1788.28214807	9512.695	6.47183420588	10458.98	3.96849300049
5.241	0.706732740108	9999.023	1702.28624163	9477.539	7.6920467564	10521.97	6.53400942928
5.242	0.828848429369	9997.559	1921.14415375	9530.273	5.24025002888	10545.41	7.63280029994
5.243	0.798683755428	9996.094	2031.73953538	9462.891	3.56017873521	10483.89	6.01044040008
5.244	0.856415067667	9996.094	1978.65649534	9533.203	7.88369832579	10541.02	3.17800435438
5.245	0.82658123875	9994.629	2224.18079677	9462.891	2.91210560784	10486.82	4.98397565549
5.246	0.824991971647	9999.023	2089.61454717	9479.004	4.52915653375	10483.89	4.52129155612
5.247	0.863234978014	9999.023	2329.04418589	9547.852	5.84874335008	10526.37	3.95066962047
5.248	0.920113074787	9997.559	2493.2869482	9490.723	4.41814460926	10492.68	5.18410719988
5.249	0.835701392142	9996.094	2392.48211078	9546.387	8.42060284043	10485.35	7.17021068062
5.25	0.73105680446	9996.094	2594.34232845	9512.695	4.29802128226	10451.66	4.72626862606
5.251	0.737331271183	9994.629	2596.37662368	9451.172	5.05089315172	10464.84	4.94657769642
5.252	0.775274778491	10000.49	2556.49973423	9461.426	3.07618585158	10491.21	6.23710468132
5.253	0.788941376872	9999.023	2867.52988781	9496.582	5.50458178144	10504.39	4.75519939914
5.254	0.772240913366	9997.559	2622.65942149	9514.16	5.14059905138	10546.88	4.14307493341
5.255	0.783339004688	9997.559	2692.75539135	9511.23	5.91223676282	10513.18	3.38945638829
5.256	0.753112259338	9996.094	2870.03611822	9473.145	4.0501476026	10529.3	3.96281086055
5.257	0.710936749574	9994.629	2729.04416702	9458.496	5.93110389172	10483.89	4.9334765785
5.258	0.854485480908	10000.49	2757.47492488	9527.344	5.05711859236	10473.63	6.03487889271
5.259	0.763576118495	9999.023	2999.10030684	9496.582	5.93822858257	10461.91	4.24585149661
5.26	0.681447338319	9997.559	2797.94736863	9470.215	5.03930893511	10469.24	6.13354606006
5.261	0.837434311119	9997.559	2850.31572061	9530.273	5.9667397181	10458.98	4.06875309065
5.262	0.69199262941	9996.094	2934.42939415	9521.484	2.96069636408	10485.35	6.80958389602
5.263	0.819846809044	9994.629	2571.94711069	9459.961	2.89202615112	10460.45	5.55345301579
5.264	0.801436679256	9994.629	2633.16986542	9517.09	4.90170145399	10466.31	3.60499368537
5.265	0.770472847615	9999.023	2538.88170719	9520.02	8.13005697224	10546.88	5.79809189221
5.266	0.762950764171	9999.023	2528.11660442	9483.398	3.10366071573	10478.03	7.51605311656
5.267	0.782304449086	9997.559	2640.27171678	9493.652	5.46042933025	10538.09	5.06474737682
5.268	0.725644274614	9996.094	2546.2412782	9492.188	4.42465740962	10541.02	3.78774385978
5.269	0.820754296559	9996.094	2409.41074184	9514.16	6.62008247386	10485.35	4.77829377576
5.27	0.770701900616	9994.629	2493.86682152	9487.793	5.50937131933	10502.93	5.64011584216
5.271	0.731571801437	9999.023	2342.17128665	9530.273	3.8304226833	10450.2	3.31074146335
5.272	0.762828323898	9999.023	2407.12206	9530.273	4.65679713482	10507.32	3.77438169773
5.273	0.604506632421	9997.559	2394.76362094	9500.977	6.11419466993	10453.12	6.77435834885
5.274	0.717043297137	9996.094	2239.00535338	9537.598	3.47226304781	10535.16	3.89175787281
5.275	0.756224174724	9996.094	2581.94731441	9539.062	3.91361395639	10495.61	4.66655722102
5.276	0.775341864814	9994.629	2508.29396328	9540.527	3.33882277321	10492.68	4.66194248991
5.277	0.669284463605	10000.49	2454.61537013	9512.695	3.06070468641	10467.77	4.48218377863
5.278	0.672425403767	9999.023	2680.51284778	9484.863	8.95439525886	10461.91	4.11855158353
5.279	0.744798589491	9997.559	2693.0833195	9536.133	3.66184023978	10526.37	4.90968036919
5.28	0.691978235825	9997.559	2611.95710184	9508.301	3.36011323264	10460.45	4.86407766618
5.281	0.79112341111	9996.094	2753.34949662	9518.555	4.00155455001	10494.14	3.79406315371
5.282	0.810207076743	9994.629	2605.2570351	9543.457	5.54155224605	10495.61	7.02950352095
5.283	0.790203795261	10000.49	2583.31601539	9536.133	4.45509266628	10524.9	2.92924307426
5.284	0.682240137417	9999.023	2655.23454601	9540.527	5.45672448536	10497.07	3.9987082535
5.285	0.655091077877	9997.559	2647.25928308	9521.484	4.97215775261	10453.12	4.72042215786
5.286	0.670189268935	9997.559	2575.46589254	9537.598	3.89933729625	10486.82	5.05029740126
5.287	0.649752750504	9996.094	2614.59637442	9525.879	4.72972404925	10536.62	6.28367836558
5.288	0.776736272945	9994.629	2285.21184544	9530.273	4.99379296086	10473.63	4.94568246983
5.289	0.697712062277	9994.629	2398.9133203	9493.652	3.39755434873	10520.51	4.06213872531
5.29	52.0891070882	9999.023	2421.65413242	9452.637	562.695214824	10453.12	499.449847722
5.291	0.665242279143	9999.023	2198.60496636	9511.23	6.95251159282	10510.25	4.18684425511
5.292	0.629978841071	9997.559	2454.58841988	9474.609	3.96926113819	10514.65	4.73629984864
5.293	0.7337699649	9996.094	2264.50227736	9496.582	5.50418225579	10511.72	3.18908499947
5.294	0.707063144605	9996.094	2188.38271163	9496.582	3.83438886845	10466.31	6.77409797478
5.295	0.656112761063	9994.629	2300.45564902	9486.328	2.473256494	10488.28	5.32988528566
5.296	0.682580997955	9999.023	2002.03962344	9480.469	5.41833038414	10494.14	3.97811200675
5.297	0.640393991305	9999.023	2131.42298038	9534.668	3.6736211812	10476.56	6.20699528185
5.298	0.609113553108	9997.559	2103.10831823	9479.004	6.60989659275	10504.39	3.86754080844
5.299	0.612534110343	9996.094	2035.16406785	9531.738	4.61271682513	10508.79	3.70011973555
5.3	0.714790124742	9996.094	2136.45219212	9515.625	3.25339201621	10479.49	4.57561941288
5.301	0.722681140074	9994.629	2028.17515725	9508.301	5.0574972792	10460.45	3.33648565715
5.302	0.789277774484	10000.49	2061.09934823	9459.961	4.71535480558	10533.69	5.61225680067
5.303	0.641312669412	9999.023	2350.34909175	9459.961	3.03728363723	10489.75	3.66262285325
5.304	0.742916702901	9997.559	2219.32526679	9547.852	3.99971390723	10453.12	4.05610033719
5.305	0.724999882696	9997.559	1999.73677679	9546.387	5.44148476771	10475.1	4.77938713806
5.306	0.634387546381	9996.094	2247.61201406	9531.738	5.14273949154	10549.8	4.37855619332
5.307	0.658630546139	9994.629	2077.63084227	9520.02	3.66534784776	10524.9	5.6194633838
5.308	0.682704738552	10000.49	2040.02419972	9517.09	3.75310270539	10479.49	3.46312896159
5.309	0.563385627435	9999.023	2059.63675226	9500.977	5.24935695303	10453.12	4.48365594837
5.31	0.627610717925	9997.559	1908.98760073	9451.172	2.85260217936	10472.17	2.52782159467
5.311	0.623731618188	9997.559	1964.65415389	9476.074	2.9908046732	10530.76	5.7302972574
5.312	0.602369707735	9996.094	1972.45257556	9541.992	3.37499736416	10480.96	3.83067202752
5.313	0.731171056693	9994.629	1747.23628586	9487.793	4.67654393526	10530.76	2.71269346827
5.314	0.585931065732	9994.629	1843.15687699	9461.426	3.33833040625	10535.16	4.98981747395
5.315	0.585003180042	9999.023	1852.3424739	9476.074	2.41378599649	10453.12	2.76861638532
5.316	0.714245172595	9999.023	1721.91938276	9536.133	5.44476578074	10500.0	3.68329698334
5.317	0.623701855429	9997.559	1832.29919448	9452.637	4.63468552234	10523.44	4.64001985593
5.318	0.602215652018	9996.094	1700.94570933	9514.16	3.9794375289	10529.3	4.18731434564
5.319	0.577718026806	9996.094	1647.64221182	9509.766	3.59931437382	10545.41	3.10775115132
5.32	0.652207589047	9994.629	1789.99214142	9498.047	2.55394125413	10533.69	3.83117991363
5.321	0.664073407324	9999.023	1733.78685895	9496.582	3.055820261	10486.82	2.35382234689
5.322	0.625236012471	9999.023	1770.29426029	9483.398	2.42414743437	10505.86	5.66251994219
5.323	0.637767699608	9997.559	1763.88794311	9543.457	6.96949420909	10460.45	2.82400425461
5.324	0.721647000979	9996.094	1855.0049658	9492.188	3.69317306957	10473.63	4.60591097447
5.325	0.61113272631	9996.094	1916.58289044	9498.047	4.50926376165	10532.23	3.11080999756
5.326	0.628281889614	9994.629	2048.48211333	9487.793	2.74363968651	10516.11	3.04422656463
5.327	0.645256254467	10000.49	1878.63433333	9455.566	3.43273882012	10454.59	4.27702567525
5.328	0.683192026595	9999.023	2271.74880822	9477.539	4.65732210339	10482.42	4.12020742693
5.329	0.677328313032	9997.559	2103.55346174	9458.496	5.11573739287	10476.56	6.3444262416
5.33	0.646028600599	9997.559	2047.49057455	9479.004	3.56954417221	10536.62	4.8057242377
5.331	0.644058892613	9996.094	2181.19293801	9543.457	4.01730506055	10543.95	3.68055480028
5.332	0.599421769956	9994.629	2149.46670763	9512.695	3.91344237294	10549.8	6.15281116032
5.333	0.665402355832	10000.49	2173.60722611	9473.145	4.19491886127	10530.76	6.79346477242
5.334	0.618046209016	9999.023	2276.77893186	9470.215	2.43854097184	10527.83	4.07330540034
5.335	0.692479874345	9997.559	2071.98198921	9521.484	2.43158719287	10521.97	3.57523060879
5.336	0.649870021378	9997.559	2258.90833637	9479.004	3.45429976933	10469.24	5.77038164628
5.337	0.708071198828	9996.094	2310.15884742	9495.117	6.36429457975	10498.54	3.05541476252
5.338	0.622720212722	9994.629	2098.86802667	9471.68	4.02547223992	10498.54	3.94069914293
5.339	0.60776942575	9994.629	2279.85529673	9508.301	2.84470948912	10548.34	2.69252745647
5.34	0.642301844791	9999.023	2271.02793261	9499.512	4.45932997901	10516.11	4.19942322816
5.341	0.526903845372	9999.023	2218.76534971	9530.273	4.23913844443	10546.88	3.4425136907
5.342	0.615912749311	9997.559	2311.07534162	9487.793	3.423830828	10495.61	4.93135305097
5.343	0.614266398858	9996.094	2067.72850489	9522.949	7.00566204056	10543.95	5.15927633826
5.344	0.563869683839	9996.094	1945.35423363	9502.441	3.99184202908	10527.83	5.39038794179
5.345	0.587252422823	9994.629	2053.28045031	9454.102	4.11807804943	10492.68	3.57631893854
5.346	0.577646153206	9999.023	1857.36828533	9468.75	4.15019633866	10451.66	4.32243745391
5.347	0.585386213753	9999.023	1885.42288982	9496.582	2.43376741234	10478.03	3.59546456088
5.348	0.573785886952	9997.559	2073.91940127	9481.934	5.60888005616	10546.88	3.47233881064
5.349	0.539058876337	9996.094	1859.99724237	9533.203	2.98786880109	10498.54	3.89349936406
5.35	0.685372455353	9996.094	1922.81464486	9528.809	3.33241490356	10494.14	4.17408842628
5.351	0.568065247938	9994.629	1993.50966585	9528.809	4.88783604159	10548.34	5.89620949648
5.352	0.609659837929	10000.49	1870.39970784	9517.09	3.14970868153	10536.62	3.0055245261
5.353	0.604297699947	9999.023	1979.65521868	9525.879	3.59103350316	10497.07	2.22438360511
5.354	0.585587502463	9997.559	1899.57486139	9537.598	3.78094812867	10543.95	3.29750667026
5.355	0.589789567361	9997.559	1838.55257376	9511.23	3.00607202764	10479.49	5.18910709526
5.356	0.587779074572	9996.094	1823.51412188	9489.258	6.01518293468	10538.09	5.02904198507
5.357	0.607272805994	9994.629	1729.84100421	9452.637	3.03340294589	10508.79	3.88983068294
5.358	0.652718384347	10000.49	1673.55373734	9511.23	2.93674666317	10514.65	5.97582527291
5.359	0.601200210956	9999.023	1697.35326833	9541.992	4.39893263293	10494.14	4.03525243215
5.36	0.612876793359	9997.559	1567.87722959	9498.047	3.81050916156	10463.38	5.03986524693
5.361	0.578818541974	9997.559	1490.16853647	9502.441	5.61284092733	10486.82	6.27786281352
5.362	0.699391895872	9996.094	1467.89930298	9477.539	3.29121601812	10482.42	5.05769923998
5.363	0.651022350682	9994.629	1403.04392785	9499.512	3.266634549	10510.25	5.11511408932
5.364	0.563870710509	9994.629	1500.77376602	9483.398	2.90327176551	10495.61	2.66239321012
5.365	0.648207660274	9999.023	1396.74952168	9525.879	4.63971038522	10472.17	4.8183778983
5.366	0.626159786093	9999.023	1472.55236922	9500.977	7.16349223972	10482.42	5.04018547063
5.367	0.663603369563	9997.559	1541.91499274	9489.258	3.66771690769	10536.62	4.3539815836
5.368	0.599886764037	9996.094	1542.21093928	9477.539	4.10028462998	10549.8	3.57303612118
5.369	0.614951190177	9996.094	1463.50410128	9480.469	4.01515358111	10542.48	3.61324806014
5.37	0.657189102423	9994.629	1678.03392505	9451.172	3.9829273026	10536.62	2.98729089266
5.371	0.612579605304	9999.023	1424.19717841	9517.09	4.21104988568	10450.2	4.32984187345
5.372	0.653088324614	9999.023	1603.02676062	9517.09	3.27724000851	10536.62	3.64445162369
5.373	0.551729076915	9997.559	1679.91193708	9539.062	3.99143174032	10492.68	4.74857777999
5.374	0.571052056697	9996.094	1621.77040106	9534.668	5.61882219792	10541.02	3.10411665469
5.375	0.596022741438	9996.094	1562.06332281	9471.68	4.31777489797	10541.02	3.89637695873
5.376	0.579529463897	9994.629	1647.87296207	9536.133	3.04041850348	10545.41	3.94656431009
5.377	0.600241793764	10000.49	1484.39109237	9505.371	4.0185458627	10519.04	4.02905169701
5.378	0.597265422438	9999.023	1624.20957577	9458.496	3.95823207388	10535.16	3.1250969766
5.379	0.582776948824	9997.559	1586.65861024	9468.75	3.49238820506	10523.44	4.23202329563
5.38	0.650930322956	9997.559	1581.55500004	9506.836	3.6540790254	10451.66	3.54612850017
5.381	0.535223837194	9996.094	1650.33942384	9496.582	2.78637834504	10453.12	5.30873572905
5.382	0.605738157304	9994.629	1536.79887843	9500.977	3.66661083308	10480.96	5.50467891035
5.383	0.691292759182	10000.49	1516.4905089	9533.203	3.61607621119	10475.1	4.41902382012
5.384	0.640255331327	9999.023	1637.95775506	9543.457	3.2274526654	10497.07	2.9436360917
5.385	0.71024168049	9997.559	1539.19289829	9498.047	5.5636284898	10517.58	3.41463044607
5.386	0.659785246328	9997.559	1512.8164534	9481.934	2.82299985844	10494.14	3.75725098128
5.387	0.692190233191	9996.094	1608.45821767	9477.539	4.07036158319	10505.86	6.63476801341
5.388	0.587771772078	9994.629	1452.28595919	9531.738	1.85861938953	10524.9	4.85297870026
5.389	0.631810159888	9994.629	1593.51642239	9462.891	5.2501252374	10513.18	2.89330730167
5.39	0.668775725223	9999.023	1418.72929284	9479.004	4.96117315311	10548.34	3.11134398968
5.391	0.66756194798	9999.023	1415.67928368	9514.16	3.06596240865	10545.41	2.94609290355
5.392	0.580109756131	9997.559	1487.43998557	9465.82	4.46532643366	10530.76	5.12973159809
5.393	0.568173455703	9996.094	1481.08885518	9498.047	4.09376112231	10535.16	4.61411807773
5.394	0.56680120112	9996.094	1443.86029411	9531.738	3.13529848663	10510.25	3.77420643511
5.395	0.513689397445	9994.629	1595.41875576	9458.496	3.22335564817	10519.04	3.59647134417
5.396	0.622519034141	9999.023	1663.70661272	9499.512	3.30893077925	10464.84	2.9611630354
5.397	0.646969140885	9999.023	1741.47995343	9520.02	4.5327478724	10529.3	4.47064250495
5.398	0.646327977425	9997.559	1839.61811177	9487.793	7.46014737419	10460.45	2.63990343584
5.399	0.576179001239	9996.094	1949.99516424	9481.934	4.30025764181	10520.51	3.39289135385
5.4	0.567366675797	9996.094	2043.96135049	9483.398	4.00251684357	10511.72	5.02554425728
5.401	0.626182290762	9994.629	2110.04783297	9484.863	4.70448521363	10517.58	4.89787107371
5.402	0.645275989821	10000.49	1972.59411622	9503.906	2.78369342453	10466.31	2.66141353128
5.403	0.636204422271	9999.023	2103.13832914	9490.723	4.22743497278	10510.25	3.12617192085
5.404	0.615722530843	9997.559	2147.68574134	9486.328	3.86356317316	10485.35	2.89778887198
5.405	1.95568273275	9997.559	2073.59638503	9489.258	9.77119345654	10505.86	12.7237755249
5.406	0.656371270798	9996.094	2433.70157197	9517.09	2.26431911083	10548.34	5.44470510813
5.407	0.728367221277	9994.629	2361.0587391	9547.852	4.86402409919	10530.76	3.22341629251
5.408	0.775657759003	10000.49	2362.7468384	9547.852	3.90579212349	10549.8	2.29188926361
5.409	0.693507257198	9999.023	2482.66097398	9495.117	2.56905940505	10511.72	3.58907120536
5.41	0.707840330467	9997.559	2342.73278047	9527.344	4.4069763074	10541.02	3.49113187698
5.411	0.670137951577	9997.559	2632.4575165	9496.582	5.10371123859	10454.59	5.94008392112
5.412	0.715682533081	9996.094	2775.09963551	9534.668	7.76325053921	10536.62	2.88676870233
5.413	0.733538221229	9994.629	2469.74284334	9471.68	4.30242794737	10463.38	3.56173038631
5.414	0.634812920972	9994.629	2639.61457515	9486.328	7.89916790968	10478.03	7.43279735836
5.415	0.664353790993	9999.023	2649.76856186	9451.172	4.66351309593	10519.04	4.17481853861
5.416	0.724515459508	9999.023	2533.6253385	9467.285	3.21007680255	10529.3	2.7896636039
5.417	0.663151256593	9997.559	2885.31511932	9467.285	3.19573506483	10533.69	7.98544284431
5.418	0.827697708371	9996.094	2857.33910422	9541.992	4.5412492554	10469.24	5.41300695556
5.419	0.821060779121	9996.094	3017.2495851	9540.527	5.67527890846	10480.96	4.78357197319
5.42	0.763799831835	9994.629	3316.2972983	9506.836	2.8963329546	10482.42	3.90762567184
5.421	0.766474083689	9999.023	3169.94253772	9536.133	4.5850785969	10539.55	4.22161384736
5.422	0.831827267181	9999.023	3237.71669517	9457.031	3.44481280033	10523.44	7.00093261304
5.423	0.796336151892	9997.559	3403.29138863	9479.004	3.488072581	10469.24	6.07176142328
5.424	0.810960144668	9996.094	3245.07868799	9541.992	3.82599486052	10473.63	3.63089372551
5.425	0.822999852227	9996.094	3354.68201728	9452.637	4.59417244344	10469.24	4.7492151171
5.426	0.736539492873	9994.629	3359.2897564	9459.961	6.5241329852	10508.79	3.50634556688
5.427	1.01680393381	10000.49	3051.55691403	9508.301	7.33020462834	10469.24	3.39810963575
5.428	0.880588284701	9999.023	3351.93077052	9471.68	6.62069087098	10498.54	4.38757549049
5.429	0.852017591454	9997.559	3448.88721991	9468.75	5.07640636794	10519.04	5.33999156187
5.43	0.797457046628	9997.559	3200.91336228	9451.172	7.19124986426	10497.07	7.526118048
5.431	0.839051145503	9996.094	3491.6176919	9455.566	5.06942815206	10485.35	5.47169478674
5.432	0.771092681192	9994.629	3412.998257	9498.047	7.90815695071	10488.28	8.51258983522
5.433	0.898983981895	10000.49	3236.57467432	9467.285	3.61868157713	10539.55	3.92299507471
5.434	0.933130605741	9999.023	3351.86227953	9549.316	4.59673293639	10538.09	4.62943379505
5.435	0.880823776706	9997.559	2969.79453526	9476.074	7.83428569265	10456.05	5.99683366242
5.436	0.879169043208	9997.559	3049.60934604	9451.172	8.3381843185	10502.93	5.07175494203
5.437	0.917284533636	9996.094	3108.6258385	9525.879	8.63246223345	10520.51	11.0252199657
5.438	0.849503133307	9994.629	2803.00708961	9541.992	3.31709275001	10461.91	6.28439942555
5.439	0.839506196257	9994.629	3034.67154205	9528.809	6.42126234895	10489.75	4.88928657739
5.44	0.818895733653	9999.023	2955.17947549	9500.977	6.00657153113	10539.55	6.783528288
5.441	0.819048511176	9999.023	2859.27961255	9509.766	4.18766976616	10543.95	6.06121688107
5.442	0.994064781242	9997.559	3199.56415527	9503.906	5.90677236596	10473.63	6.04086458588
5.443	0.953889299344	9996.094	3119.04145194	9492.188	5.77986540762	10545.41	4.05645518794
5.444	1.01453748497	9996.094	2971.45336509	9481.934	4.0029233322	10516.11	6.03222752574
5.445	0.742699174094	9994.629	3406.37722819	9451.172	7.34415433823	10483.89	6.03130333511
5.446	0.879337252256	9999.023	3066.3499685	9470.215	5.28532482093	10498.54	6.15135936515
5.447	0.928150443604	9999.023	3157.49994468	9451.172	3.96475528362	10526.37	4.58537525085
5.448	0.823774374164	9997.559	3275.04169665	9520.02	6.17062560232	10535.16	9.83424888161
5.449	0.842741416674	9996.094	2845.38006411	9505.371	7.53494678695	10548.34	3.4408937399
5.45	0.816576930539	9996.094	3134.24066352	9476.074	6.26035793053	10486.82	5.97357097648
5.451	0.812283254189	9994.629	3141.40811108	9464.355	8.58657873299	10463.38	8.82411027958
5.452	0.980320702429	10000.49	2908.86215945	9508.301	4.6855071427	10460.45	9.31452899437
5.453	0.920305396984	9999.023	3150.36229345	9508.301	7.79697616612	10527.83	4.22899659255
5.454	0.955229235027	9997.559	3287.41239922	9484.863	5.78214514976	10521.97	4.96133733206
5.455	0.906379804323	9997.559	3003.31979077	9522.949	6.13179060119	10488.28	6.66338298374
5.456	0.875180886391	9996.094	3482.35116809	9496.582	6.18724480228	10545.41	4.310400873
5.457	0.965160824001	9994.629	3297.47739887	9531.738	4.84627919189	10453.12	5.67124581043
5.458	0.845024081115	10000.49	3494.58268362	9454.102	7.74484221615	10504.39	6.17598925579
5.459	0.916732964041	9999.023	3493.56222042	9537.598	6.25871628948	10520.51	8.4722743284
5.46	0.890155391875	9997.559	3401.38571083	9524.414	5.55746024726	10545.41	6.35121995477
5.461	0.915973183778	9997.559	3602.97586346	9517.09	3.71914549958	10467.77	5.30032356953
5.462	0.957680031869	9996.094	3583.9486336	9477.539	4.87880123895	10517.58	6.12329811965
5.463	0.943948014047	9994.629	3447.39517374	9549.316	3.53656609123	10460.45	5.08754442144
5.464	0.754067167649	9994.629	3822.66884204	9499.512	5.44114678405	10495.61	6.98472086152
5.465	1.00464757129	9999.023	3657.83979722	9459.961	6.20827000345	10502.93	3.94570135485
5.466	0.969482269686	9999.023	3380.47672973	9473.145	9.07379306713	10530.76	7.39712424341
5.467	0.891821988786	9997.559	3736.56698677	9546.387	5.34881054121	10470.7	4.88120232008
5.468	0.784517175862	9996.094	3412.9597973	9492.188	5.61733830812	10451.66	7.21861629587
5.469	0.95087933341	9996.094	3267.35643715	9471.68	9.27100729141	10516.11	6.93744191472
5.47	0.847793757674	9994.629	3623.98929302	9540.527	4.97430858803	10524.9	3.9142426115
5.471	0.887346053383	9999.023	3251.77405065	9543.457	5.34310732654	10451.66	4.77962387261
5.472	0.877089428727	9999.023	3414.57859134	9486.328	6.51511487606	10460.45	6.1303957427
5.473	0.916915387548	9997.559	3452.2387853	9514.16	5.49038934544	10511.72	7.45502188479
5.474	0.811543483003	9996.094	3143.90611505	9514.16	3.93051121423	10516.11	7.92436610932
5.475	1.01959364105	9996.094	3440.5234438	9489.258	3.90348070786	10530.76	4.16704037616
5.476	0.916095715972	9994.629	3522.21779481	9484.863	6.05124579671	10541.02	4.267194334
5.477	0.843028249322	10000.49	3130.46194513	9544.922	5.12012614436	10478.03	5.05317730653
5.478	0.84275414381	9999.023	3462.20883111	9498.047	3.63754016337	10545.41	4.1150090913
5.479	0.900830986117	9997.559	3215.06560065	9487.793	6.63116694754	10480.96	6.69726149778
5.48	0.905508072105	9997.559	3140.68041319	9527.344	6.16778757741	10486.82	6.25909053661
5.481	0.813635074682	9996.094	3387.32459123	9455.566	4.99486304656	10458.98	5.63605332514
5.482	0.890447198226	9994.629	3208.43804131	9517.09	4.48659614022	10488.28	6.05072916031
5.483	0.867142073577	10000.49	3211.19484531	9489.258	7.00678553086	10529.3	4.57640536099
5.484	0.962245874603	9999.023	3291.21260294	9520.02	4.36813458784	10494.14	8.40757567678
5.485	0.833282196014	9997.559	3199.93829181	9541.992	6.18701362406	10475.1	5.42653670659
5.486	0.879933655779	9997.559	3243.48407118	9468.75	5.97404953951	10476.56	5.24051148819
5.487	0.840999384296	9996.094	3321.1280595	9455.566	6.79952582633	10527.83	7.19689048974
5.488	0.754512078582	9994.629	3314.6797306	9544.922	6.80628303977	10523.44	4.43784316609
5.489	0.945213067499	9994.629	3751.92711047	9498.047	6.51899580259	10488.28	5.53428462051
5.49	0.985043708524	9999.023	4012.35287043	9499.512	10.0405938914	10456.05	12.5263331387
5.491	1.00222402029	9999.023	3932.01039937	9503.906	3.62100304538	10486.82	5.25912163549
5.492	1.1935927641	9997.559	4427.8770565	9509.766	6.97875041213	10541.02	6.83891877048
5.493	1.31254348454	9996.094	4552.34558773	9506.836	6.9850574049	10504.39	9.81274078263
5.494	1.32773059697	9996.094	4705.33886881	9512.695	6.40044438979	10461.91	7.88927888131
5.495	3.37772877029	9994.629	5028.60481116	9537.598	23.6603677196	10454.59	14.9072484282
5.496	1.4961673454	9999.023	5048.52301805	9544.922	5.50424597334	10451.66	11.3338010641
5.497	1.44453165039	9999.023	5401.35326211	9525.879	10.8454911027	10548.34	9.20511719358
5.498	1.48024390015	9997.559	5914.56223183	9471.68	10.8370324541	10464.84	11.0340234003
5.499	1.56310453792	9996.094	5425.29777645	9467.285	8.07025727149	10516.11	9.77527372476
5.5	1.52247638793	9996.094	5890.39120155	9483.398	13.3004613445	10457.52	14.3881435904
5.501	1.39651323905	9994.629	6115.12303098	9543.457	8.16583432387	10488.28	14.0878196838
5.502	1.5176540411	10000.49	6022.93689694	9452.637	13.6423496451	10494.14	9.44306513192
5.503	1.53010623595	9999.023	6468.28204634	9483.398	6.54565005735	10453.12	6.96455630329
5.504	1.69983876232	9997.559	5912.61979904	9479.004	14.2050651951	10532.23	8.55440894509
5.505	1.74616787388	9997.559	6109.44889498	9457.031	14.250061537	10505.86	9.75174714259
5.506	1.48127289716	9996.094	6575.6297238	9537.598	15.9854112608	10543.95	9.47991583152
5.507	1.74359700198	9994.629	6107.21124582	9465.82	7.82807762238	10495.61	14.7504215924
5.508	1.80207101713	10000.49	6010.79771022	9487.793	18.5461062083	10530.76	9.51146975684
5.509	1.60692208509	9999.023	6224.01363781	9502.441	8.9828223099	10495.61	11.8970997315
5.51	1.91674899996	9997.559	5758.30319049	9530.273	8.02569411133	10480.96	8.55812442324
5.511	1.81142715245	9997.559	5663.98907874	9512.695	11.5068141554	10513.18	7.97348654645
5.512	1.79700530755	9996.094	5933.29729169	9474.609	11.8956518686	10526.37	13.2276922465
5.513	1.97600561422	9994.629	5948.4787613	9473.145	13.0983795496	10460.45	12.2607134669
5.514	2.00799998592	9994.629	5900.35365729	9474.609	11.2391933317	10546.88	15.0649928351
5.515	2.05838050673	9999.023	5782.50790556	9459.961	11.538462968	10470.7	13.8773515515
5.516	3.17849947768	9999.023	5384.89832202	9484.863	18.7960566131	10505.86	32.3982676598
5.517	1.71748934434	9997.559	5685.74350496	9483.398	10.4143157913	10507.32	16.9031451216
5.518	1.80406646177	9996.094	5364.10389576	9537.598	8.52442438601	10513.18	13.0801618892
5.519	1.82535396382	9996.094	5529.75387151	9522.949	11.7153961662	10533.69	10.7023241087
5.52	17.2417451781	9994.629	6046.53816288	9465.82	173.451924153	10475.1	164.460635674
5.521	1.97347487525	9999.023	5353.67413048	9517.09	11.9412812246	10495.61	10.2341922983
5.522	1.7749901397	9999.023	5367.54854896	9508.301	11.427640753	10461.91	11.1409875777
5.523	1.98147338425	9997.559	5703.45610244	9464.355	15.92787438	10501.46	12.6426414607
5.524	1.98262413945	9996.094	5420.7226874	9483.398	7.48650948633	10463.38	15.1021318561
5.525	1.93868661507	9996.094	5598.59939236	9549.316	12.3990233962	10538.09	11.0006914373
5.526	1.97030162415	9994.629	5574.14042889	9459.961	12.027527136	10532.23	9.75144115382
5.527	1.85955903241	10000.49	5824.66133539	9530.273	14.1116057539	10514.65	16.3484778992
5.528	1.8293363395	9999.023	6053.37525913	9506.836	11.8080514022	10513.18	9.70060789904
5.529	1.71290685248	9997.559	5680.72650724	9502.441	11.1808274073	10457.52	14.2694235928
5.53	1.85199160876	9997.559	5482.94983932	9471.68	12.7523391253	10475.1	15.5283445502
5.531	1.92908008408	9996.094	5826.19638538	9521.484	14.5918927253	10454.59	18.2204106985
5.532	1.84225796884	9994.629	5231.12810014	9533.203	11.0386048545	10483.89	7.7488599448
5.533	3.21105216025	10000.49	5630.22060244	9511.23	17.1843775961	10457.52	19.1947564527
5.534	1.91722566679	9999.023	5467.62428223	9489.258	11.2131592828	10480.96	10.1113587636
5.535	2.05288655532	9997.559	4996.35038567	9498.047	18.5303196705	10530.76	10.6504208815
5.536	1.67179309082	9997.559	5354.86479892	9524.414	31.6520312019	10543.95	10.502777464
5.537	1.88990231139	9996.094	5233.27787839	9486.328	9.878188974	10463.38	9.56936543786
5.538	1.70721878154	9994.629	4586.97952727	9481.934	11.0398348431	10463.38	9.68396090685
5.539	1.788107989	9994.629	4875.19619282	9536.133	11.132454442	10543.95	10.6418983911
5.54	1.84801315656	9999.023	4477.13845357	9508.301	11.4379517035	10536.62	12.8427940439
5.541	2.73136780768	9999.023	4641.24834054	9473.145	15.4354838782	10541.02	12.6922623182
5.542	1.84797868007	9997.559	4387.81532064	9518.555	9.88521773052	10464.84	13.0336552422
5.543	1.64357511795	9996.094	3934.45605809	9457.031	18.2670847454	10461.91	8.98130768544
5.544	1.83510744246	9996.094	4004.42497682	9474.609	9.10009156589	10535.16	15.361728465
5.545	1.73945388149	9994.629	4137.85081347	9549.316	6.44947687559	10485.35	11.9990016806
5.546	1.67657086258	9999.023	3794.46213003	9473.145	9.58883282811	10535.16	9.82768647428
5.547	1.39512377552	9999.023	4082.09619121	9524.414	11.5671917465	10495.61	13.8036110732
5.548	1.46366849308	9997.559	3995.90259229	9490.723	7.97282089142	10464.84	13.7697360113
5.549	1.78781274115	9996.094	3733.4048309	9459.961	6.69523666435	10454.59	13.1394898531
5.55	1.51656023468	9996.094	4264.30893063	9508.301	10.5193512166	10516.11	8.45650164273
5.551	1.76966231952	9994.629	4195.50716862	9496.582	9.34791104502	10497.07	10.4439517175
5.552	1.62216344219	10000.49	4223.45220052	9527.344	9.77942391988	10523.44	8.11667100903
5.553	1.69178203905	9999.023	4252.72387331	9528.809	9.67579476054	10492.68	14.4056873206
5.554	1.47381234897	9997.559	4079.19334331	9487.793	13.4903764042	10456.05	13.6732344491
5.555	1.78695961455	9997.559	4010.89386403	9487.793	13.0019677802	10469.24	19.3241672215
5.556	6.41561320856	9996.094	4470.80677196	9499.512	45.5928194021	10457.52	38.4449535204
5.557	1.76012430168	9994.629	4143.55197964	9539.062	16.5065381854	10497.07	7.09651423396
5.558	1.59986439598	10000.49	3988.29994368	9468.75	9.02400724838	10485.35	12.825228939
5.559	1.51756432752	9999.023	4156.79694349	9474.609	11.2988917261	10536.62	11.2420816596
5.56	1.75714773287	9997.559	3948.00408669	9496.582	10.44427417	10507.32	9.20943781002
5.561	1.42677425143	9997.559	4012.96946311	9524.414	14.7717626199	10482.42	16.9445390927
5.562	1.62413743495	9996.094	3906.19135209	9495.117	7.89961161733	10472.17	8.00748551529
5.563	1.62249895316	9994.629	3644.71353306	9530.273	9.40452651406	10511.72	11.4902971474
5.564	1.51654200546	9994.629	4036.3361348	9546.387	6.00792246611	10470.7	12.5463577652
5.565	1.79156273198	9999.023	3804.80060389	9531.738	14.3602133555	10489.75	7.48466832345
5.566	1.53895312031	9999.023	3603.64798744	9498.047	7.2687931925	10513.18	20.6592721474
5.567	1.41880047535	9997.559	3957.58094678	9502.441	7.23540670984	10473.63	8.80730897109
5.568	1.58891973767	9996.094	4192.79548436	9525.879	7.18064584042	10523.44	6.20272916302
5.569	1.66589174595	9996.094	4016.94378883	9495.117	13.9779127254	10456.05	11.6722306174
5.57	1.66043013185	9994.629	4224.53428637	9486.328	16.064256365	10508.79	10.9367549345
5.571	1.71714159593	9999.023	4086.17624782	9457.031	11.9048728311	10466.31	19.4046242754
5.572	1.51262603389	9999.023	4217.73121025	9536.133	7.16553005912	10483.89	11.6005616116
5.573	461.337644711	9997.559	3502.28944131	9489.258	3407.87913816	10545.41	4743.34259138
5.574	1.81283340481	9996.094	3841.48550333	9468.75	10.5183483081	10488.28	11.428478931
5.575	1.66648601954	9996.094	4434.20482035	9481.934	14.2143910515	10473.63	10.6731557085
5.576	1.64251308615	9994.629	4393.38295263	9467.285	9.80034178785	10498.54	12.0726337526
5.577	1.80546614786	10000.49	4396.77515296	9458.496	5.05395776944	10526.37	10.4608213288
5.578	1.78374510455	9999.023	4859.52094833	9484.863	16.5956731533	10514.65	11.5384283864
5.579	1.46839244664	9997.559	4782.31568895	9506.836	5.19370139571	10500.0	16.5885035066
5.58	1.56772128344	9997.559	4745.20527389	9541.992	16.7257753458	10501.46	10.7051493143
5.581	1.61220787321	9996.094	4956.81722048	9473.145	9.07505256677	10453.12	8.7193174023
5.582	1.7898185973	9994.629	4918.24143053	9544.922	21.3063229148	10527.83	11.1562667397
5.583	1.63756636016	10000.49	4818.99025919	9536.133	10.7842837179	10507.32	12.4354751074
5.584	1.82275197527	9999.023	5066.88753667	9451.172	7.48471319036	10470.7	14.1923447962
5.585	1.85296191243	9997.559	4573.44284427	9492.188	16.5666411445	10466.31	12.2511833358
5.586	2.3569657546	9997.559	4748.05348622	9452.637	10.2052964565	10508.79	26.3125604025
5.587	30.2580091884	9996.094	5427.91933863	9511.23	225.852315751	10470.7	199.812774952
5.588	2.19032464021	9994.629	5144.52294679	9468.75	10.0112509096	10476.56	13.9167594973
5.589	2.13729270702	9994.629	5404.79752319	9481.934	10.8987666653	10526.37	12.2941641807
5.59	1.84922562027	9999.023	5267.36796768	9512.695	10.3950167053	10516.11	14.6960470319
5.591	1.77237484201	9999.023	5021.5355551	9489.258	10.496491527	10467.77	9.7318996443
5.592	1.79936178054	9997.559	5456.69236722	9483.398	13.3799071818	10536.62	10.7155585498
5.593	1.72797124479	9996.094	5083.79718444	9502.441	12.9554409292	10542.48	14.2509877797
5.594	1.7632590839	9996.094	4932.19645788	9457.031	10.6189536367	10451.66	15.4347806749
5.595	1.88705029918	9994.629	5073.30199248	9493.652	14.7573456368	10545.41	14.6839073017
5.596	2.00650103406	9999.023	4907.29364949	9492.188	13.2602830908	10495.61	9.51967600036
5.597	2.07644255235	9999.023	5121.21256212	9483.398	10.5546753683	10530.76	12.1558484208
5.598	1.8560124363	9997.559	5048.83720375	9540.527	10.3599829283	10454.59	8.79489460862
5.599	2.24331346248	9996.094	4775.97719218	9473.145	11.823134416	10510.25	9.38730184143
5.6	1.76331031337	9996.094	5045.12048755	9540.527	16.8348400304	10519.04	13.8075996183
5.601	1.98417198077	9994.629	5376.13262748	9537.598	16.5071749058	10507.32	10.968381437
5.602	2.02742935872	10000.49	5050.30843005	9496.582	13.6916666328	10489.75	13.5667271542
5.603	2.01614423863	9999.023	5291.00618398	9536.133	16.529151212	10482.42	9.74002182795
5.604	2.14713308377	9997.559	4878.88484124	9470.215	12.6271716906	10533.69	9.51259026099
5.605	1.6729714175	9997.559	4831.90833253	9508.301	13.7081414148	10457.52	12.9667336246
5.606	1.83246836237	9996.094	5227.37349685	9537.598	11.2428216203	10480.96	9.74112999078
5.607	1.82875278713	9994.629	4713.62202084	9520.02	10.3984155921	10535.16	9.5298530206
5.608	1.66395829381	10000.49	4767.71893785	9495.117	17.9724155387	10510.25	13.1012663535
5.609	2.6415672083	9999.023	4634.33273124	9546.387	16.722580937	10510.25	12.3260839879
5.61	4.32982110238	9997.559	4498.43483543	9476.074	40.0764954915	10495.61	36.8408197375
5.611	1.77146996878	9997.559	4510.82097204	9537.598	11.2462164604	10488.28	8.78724864352
5.612	1.9911838303	9996.094	5037.14991453	9549.316	8.37172992954	10548.34	10.1151633417
5.613	2.01623501309	9994.629	4468.38404872	9486.328	14.6006960382	10523.44	11.8929472379
5.614	1.80655319828	9994.629	4665.08676619	9492.188	11.2569616195	10454.59	16.232562942
5.615	2.16611412679	9999.023	4620.89386068	9484.863	11.4198102097	10486.82	17.6532034413
5.616	1.94822956667	9999.023	4380.17537451	9531.738	12.4306903074	10507.32	12.5479621335
5.617	1.57448242871	9997.559	4644.27868138	9490.723	10.6210666662	10466.31	12.9176475549
5.618	1.91754655862	9996.094	4609.49326201	9549.316	9.7935074202	10526.37	13.4075524134
5.619	1.79216412894	9996.094	4418.66522394	9527.344	13.9109388961	10475.1	12.211601515
5.62	1.68629521025	9994.629	4783.99178744	9531.738	7.90653868572	10517.58	12.5334116571
5.621	1.68035032451	9999.023	4308.09256014	9458.496	9.23879170421	10486.82	19.8618805475
5.622	1.71018933574	9999.023	4562.84834402	9481.934	14.478158635	10543.95	8.05839000016
5.623	1.64275660147	9997.559	4315.38380377	9467.285	9.86787010555	10486.82	6.46238161553
5.624	1.65167932673	9996.094	4064.91921137	9531.738	14.2259219317	10450.2	11.8193790102
5.625	1.87955741818	9996.094	4037.43820617	9503.906	9.42756496879	10549.8	9.33188253421
5.626	1.48361287492	9994.629	4153.58301614	9471.68	11.1443323453	10530.76	7.31727971856
5.627	1.68843954264	10000.49	3756.89582612	9527.344	9.58400438998	10458.98	10.049332229
5.628	1.76306639813	9999.023	3909.47776857	9458.496	8.89816796226	10457.52	7.54228817827
5.629	1.56271044002	9997.559	3648.76916922	9546.387	8.7261529989	10453.12	8.79234947745
5.63	1.55993219306	9997.559	3498.18377475	9502.441	10.091372732	10456.05	7.37740761119
5.631	1.40287260216	9996.094	3538.28712402	9525.879	9.67472516062	10485.35	6.17577015579
5.632	1.47506968129	9994.629	3410.73472411	9539.062	6.14917842558	10472.17	8.41299473692
5.633	1.40223799884	10000.49	3224.60453878	9533.203	11.9198082209	10453.12	5.82816903688
5.634	1.39406658337	9999.023	3218.58641257	9458.496	7.8937706782	10466.31	8.88267601257
5.635	1.55706564486	9997.559	2920.07986633	9534.668	9.0778203502	10463.38	9.43591751521
5.636	1.26973121094	9997.559	2914.48274193	9484.863	10.2881105346	10507.32	10.4875948977
5.637	1.47404502197	9996.094	2828.95413092	9522.949	7.04290013902	10457.52	7.35340724581
5.638	1.42963918425	9994.629	2423.06148981	9547.852	11.6179708548	10533.69	8.0208452355
5.639	1.38271924289	9994.629	2501.77423713	9499.512	13.1179435123	10510.25	9.48287944714
5.64	1.44673684859	9999.023	2347.614861	9528.809	8.16455488498	10463.38	8.71047676465
5.641	1.50371268028	9999.023	2068.93864282	9533.203	15.6895609004	10470.7	9.26762994265
5.642	2.14248260064	9997.559	2334.62583671	9531.738	15.7168617206	10492.68	9.1927598538
5.643	1.52889002795	9996.094	2098.30147041	9522.949	6.64665640103	10527.83	6.15628898973
5.644	0.818204937242	9996.094	2143.42928565	9540.527	9.69537457425	10524.9	6.94366069781
5.645	0.960621745851	9994.629	2255.16588934	9492.188	7.05928201865	10478.03	7.06453569497
5.646	0.908743436764	9999.023	2015.78091198	9470.215	6.28774183433	10451.66	6.33175599125
5.647	0.895236574372	9999.023	2078.45097567	9480.469	4.93165122585	10543.95	6.80965170157
5.648	0.893085069703	9997.559	2106.09510179	9467.285	4.61097080547	10523.44	4.95469615414
5.649	0.824422878854	9996.094	1964.04426398	9493.652	5.45993192331	10469.24	3.90683513042
5.65	0.839301855279	9996.094	2164.67351546	9452.637	7.96726539733	10507.32	7.04012156671
5.651	0.829608774351	9994.629	2109.02692542	9525.879	4.86055782674	10532.23	6.32609876564
5.652	0.989229326615	10000.49	1977.35350835	9547.852	6.12337489431	10514.65	6.94835210017
5.653	0.870330680736	9999.023	2044.21107645	9534.668	3.98877946663	10507.32	4.15902995005
5.654	0.813733290373	9997.559	1989.36261729	9520.02	8.09744322214	10475.1	8.06876619066
5.655	0.78188363812	9997.559	2127.09839407	9468.75	5.87630160256	10460.45	10.255715126
5.656	0.913181722856	9996.094	2225.93082669	9540.527	7.82371928389	10536.62	5.86543418534
5.657	0.857174057406	9994.629	2022.82514508	9503.906	4.78380388197	10460.45	4.26525352243
5.658	0.819058667348	10000.49	2062.85533988	9487.793	3.7643159338	10478.03	5.08537366384
5.659	0.780149257664	9999.023	2209.90284741	9487.793	8.8036932479	10470.7	5.210331731
5.66	0.834887511882	9997.559	1991.30909806	9481.934	6.12761638647	10504.39	8.67064566746
5.661	0.860237812311	9997.559	2058.99411131	9457.031	4.27872482618	10533.69	6.97525531701
5.662	0.926545472011	9996.094	2135.06373095	9481.934	4.96515859934	10549.8	3.45462779538
5.663	0.914817658526	9994.629	2063.94971167	9549.316	3.61763877557	10523.44	6.37027485191
5.664	0.803693981666	9994.629	2173.30394441	9512.695	5.01786554253	10513.18	6.72780830073
5.665	0.901500262695	9999.023	2035.19938564	9531.738	4.85931007377	10526.37	7.24536565318
5.666	0.818637333865	9999.023	2065.62333734	9496.582	4.18833447451	10523.44	3.30601726638
5.667	0.719850378554	9997.559	2275.11194883	9461.426	3.87896561991	10450.2	3.79291329644
5.668	0.710472280113	9996.094	2076.2063129	9498.047	4.68690407573	10523.44	3.57539165996
5.669	0.752742487488	9996.094	2087.92689528	9511.23	3.82519221976	10549.8	3.99464407271
5.67	0.749682800617	9994.629	2225.35674808	9489.258	8.1406695772	10513.18	5.14948646674
5.671	0.70526158549	9999.023	2020.79562655	9484.863	4.97252651885	10527.83	7.11573223503
5.672	0.703445786184	9999.023	2202.40033212	9498.047	3.45631757404	10523.44	5.37925588737
5.673	0.808319194962	9997.559	2320.75906998	9470.215	6.77857562753	10508.79	3.42502892285
5.674	0.950534800592	9996.094	2139.58395274	9537.598	6.9510319604	10472.17	8.99204191877
5.675	1.04875999615	9996.094	2085.08181341	9487.793	5.44479271391	10526.37	6.87084534005
5.676	1.19770744131	9994.629	2149.39204972	9502.441	8.24486219029	10505.86	7.95087027283
5.677	0.997708686911	10000.49	2109.46154736	9461.426	8.92099298204	10476.56	4.73794410618
5.678	0.739601333231	9999.023	2178.64349325	9517.09	7.3800617267	10472.17	4.44367410263
5.679	0.809877228118	9997.559	2210.16820171	9537.598	4.95330994668	10485.35	4.18946227653
5.68	0.92733606209	9997.559	2064.52993076	9484.863	6.31648186641	10549.8	4.34907167642
5.681	0.780156212848	9996.094	2403.45539138	9522.949	4.37352777275	10545.41	5.37965632328
5.682	0.73481687187	9994.629	2257.19939661	9459.961	5.03580419396	10453.12	7.08073433309
5.683	0.737896931837	10000.49	2337.92402837	9479.004	3.05472681937	10460.45	6.35040277545
5.684	0.726463928388	9999.023	2382.97840546	9540.527	5.14127909303	10479.49	4.1874842212
5.685	0.846568393897	9997.559	2292.21508284	9531.738	4.36975242223	10472.17	6.51067107826
5.686	0.699008892243	9997.559	2410.41312345	9533.203	5.2715655902	10511.72	5.44211267379
5.687	0.781279896634	9996.094	2461.29231836	9509.766	4.36231219129	10488.28	4.72009311187
5.688	0.854229965378	9994.629	2339.06470934	9536.133	3.00998836285	10494.14	4.60464664594
5.689	0.880411495757	9994.629	2382.83296922	9522.949	8.92153463344	10480.96	6.87555182435
5.69	0.83587901445	9999.023	2449.96894531	9455.566	5.86947673693	10463.38	5.5334811348
5.691	0.832399786366	9999.023	2311.41447394	9470.215	3.78132056201	10521.97	3.43517170692
5.692	0.952578938561	9997.559	2605.66801478	9484.863	7.82816924541	10479.49	4.16586862676
5.693	0.995000670733	9996.094	2444.28597553	9503.906	8.50131448071	10457.52	7.22481115021
5.694	0.862974848099	9996.094	2325.02284374	9503.906	3.55643727345	10527.83	5.07305859638
5.695	0.881581563414	9994.629	2602.30126982	9467.285	5.50124862924	10485.35	5.2828961451
5.696	0.909923622331	9999.023	2411.91572809	9470.215	4.3499122828	10502.93	4.58250250437
5.697	0.996590676773	9999.023	2482.22296228	9500.977	3.33344604175	10524.9	4.78724882094
5.698	0.898864888705	9997.559	2427.0676192	9528.809	4.30872570915	10508.79	6.36141465915
5.699	0.933402637183	9996.094	2373.49286289	9527.344	5.21218893087	10469.24	6.38905326099
