# Fine mazed sweep, one magnet has been removed
5.5	32.0807937607	9996.094	515.125448594	9496.582	215.617596763	10495.61	212.878128535
5.501	32.1524901847	9993.164	716.963764511	9499.512	178.751290345	10453.12	201.059296509
5.502	33.0879502424	10000.49	368.461172897	9481.934	193.437440874	10482.42	179.668476417
5.503	30.1946188385	9999.023	284.569542481	9502.441	188.679903569	10461.91	241.047472367
5.504	29.8991035912	9997.559	195.44386776	9498.047	226.734542224	10498.54	248.335750796
5.505	76.73432583	9996.094	1202.49570253	9502.441	1110.46393548	10511.72	830.721233812
5.506	30.6939077964	9996.094	475.298118619	9531.738	133.15310959	10495.61	392.090019149
5.507	33.1460043344	9994.629	344.048312504	9457.031	161.090912451	10505.86	174.938668817
5.508	29.8964312868	10000.49	344.042715369	9499.512	370.688390112	10488.28	213.141486132
5.509	29.6810642771	9999.023	379.844325622	9514.16	247.121499405	10498.54	289.242183915
5.51	28.9442111865	9997.559	628.689716591	9499.512	413.981032316	10520.51	182.057972666
5.511	31.6904344961	9997.559	505.712878972	9512.695	303.761155853	10498.54	268.481746482
5.512	31.9619112838	9996.094	397.67262364	9496.582	410.919472276	10549.8	275.583772133
5.513	31.4605936041	10022.46	259.901096757	9470.215	309.251304384	10454.59	253.159531302
5.514	32.65487113	9994.629	341.357018805	9518.555	154.864936496	10520.51	150.509543434
5.515	32.2404320148	9952.148	211.890650623	9530.273	173.79790443	10519.04	179.469842856
5.516	31.3769066362	9996.094	269.963460866	9543.457	197.121406658	10498.54	259.561883177
5.517	30.2995052663	9971.191	162.707341919	9515.625	226.259412777	10488.28	148.64356212
5.518	29.443945854	9953.613	168.380231254	9511.23	121.69406706	10495.61	303.383311911
5.519	30.2887111878	9996.094	189.849131831	9498.047	223.883024079	10457.52	195.819460081
5.52	28.7508250845	10045.9	208.309374683	9506.836	159.791477434	10463.38	236.235729853
5.521	28.9026545073	9974.121	146.766303858	9496.582	208.150504446	10514.65	171.810708112
5.522	28.4328627551	10009.28	161.150095907	9496.582	204.441485301	10498.54	226.791356939
5.523	28.8649251669	10007.81	153.581892835	9539.062	139.186758972	10504.39	173.50685043
5.524	29.7646875831	9968.262	262.510189685	9499.512	200.098117497	10500.0	248.149668044
5.525	28.0636351561	9971.191	158.755344413	9512.695	183.25750861	10497.07	242.617773219
5.526	27.9269305128	9990.234	204.040826582	9498.047	167.842397556	10524.9	193.951694849
5.527	29.8825664143	9962.402	166.078543586	9509.766	260.710332728	10541.02	222.054810357
5.528	26.979755625	9997.559	310.123612218	9518.555	163.329131557	10527.83	132.985248366
5.529	28.9401028192	10029.79	160.850077353	9520.02	314.423520794	10461.91	197.753632651
5.53	25.3743442396	10034.18	163.866370937	9495.117	197.529516189	10479.49	174.547324106
5.531	27.6073010954	9959.473	202.2661836	9549.316	137.355354652	10486.82	234.45053021
5.532	28.0436438972	9994.629	156.103288855	9549.316	171.019497832	10495.61	409.250080386
5.533	26.4007484305	10000.49	298.374554993	9484.863	205.50013476	10500.0	160.335115626
5.534	28.1267467971	9999.023	246.550901276	9546.387	114.174118148	10498.54	369.857932214
5.535	27.5972778982	9997.559	347.967131855	9498.047	276.14998748	10498.54	319.805838732
5.536	28.4282577302	9997.559	334.407561408	9486.328	256.973251584	10497.07	305.952581055
5.537	26.674631115	9996.094	544.028362603	9496.582	207.372048067	10497.07	146.136665509
5.538	27.0609878521	9996.094	506.176121963	9495.117	236.903196334	10495.61	288.790068561
5.539	26.9167708013	9994.629	582.914874387	9499.512	314.432493745	10495.61	155.606009754
5.54	27.7316566147	9999.023	536.794082923	9500.977	250.515047055	10486.82	162.010000716
5.541	53.8838869536	9997.559	531.492304278	9499.512	821.367735756	10498.54	342.886372474
5.542	27.2167743539	9997.559	343.850457621	9496.582	281.840335431	10497.07	534.107523589
5.543	27.959860114	9996.094	579.839015521	9496.582	221.303848151	10492.68	183.923825437
5.544	26.8526685869	9996.094	503.036651571	9495.117	264.274647496	10456.05	221.458106359
5.545	26.3362819707	9994.629	523.501532836	9495.117	250.474042214	10494.14	217.519222822
5.546	26.898512507	9999.023	487.195437214	9499.512	233.295446294	10500.0	214.962625665
5.547	27.5106861665	9999.023	852.054789062	9454.102	187.829626858	10478.03	196.322515619
5.548	28.429793591	9997.559	325.767089096	9451.172	255.062085852	10466.31	233.999689192
5.549	26.8429489207	9996.094	665.54287357	9490.723	160.792615685	10495.61	221.307374529
5.55	26.3756466345	9996.094	259.44723788	9451.172	247.219753152	10501.46	237.146770678
5.551	26.3187113128	9994.629	219.537706414	9495.117	170.162103558	10501.46	180.59527521
5.552	25.8294438273	9979.98	353.134167178	9499.512	364.302875189	10545.41	157.979990016
5.553	27.1827875008	9999.023	305.063988998	9451.172	138.993305173	10498.54	245.260112616
5.554	26.8545014291	9974.121	121.432839025	9451.172	187.877742767	10519.04	248.800771321
5.555	26.4947941862	9996.094	279.744685241	9467.285	322.581083298	10523.44	219.340509472
5.556	26.3899672228	9996.094	297.787174712	9495.117	308.627880556	10500.0	303.721723987
5.557	27.317261593	9994.629	282.196058395	9451.172	209.512196205	10500.0	184.461190193
5.558	25.8868884984	10000.49	505.72185913	9467.285	215.078387304	10498.54	349.234481033
5.559	28.5168059369	9999.023	683.573946894	9495.117	161.146258341	10498.54	366.838772674
5.56	26.9508119489	9997.559	380.559457085	9498.047	168.597901979	10492.68	141.162855969
5.561	26.3538732122	9997.559	738.687703756	9496.582	256.661142265	10497.07	320.543587991
5.562	25.5225330758	9996.094	390.796878311	9496.582	245.948882703	10495.61	388.338286972
5.563	26.9381870211	9994.629	611.808007509	9495.117	255.837918573	10495.61	254.165010422
5.564	26.6158084168	9994.629	821.93229773	9493.652	589.986405095	10494.14	336.626987874
5.565	25.8603502023	9999.023	954.56737387	9499.512	205.280113359	10498.54	249.076339577
5.566	25.9704341485	9999.023	676.598862064	9498.047	696.11012915	10498.54	559.813611221
5.567	26.784132625	9997.559	1262.47488904	9498.047	859.807704977	10497.07	243.869535209
5.568	26.6221220465	9996.094	1289.02771798	9496.582	765.851199474	10497.07	753.885371923
5.569	27.1296062466	9996.094	1156.42575027	9495.117	485.938036734	10495.61	708.95974452
5.57	26.4509531404	9994.629	1850.40055638	9495.117	247.514248635	10494.14	722.798863141
5.571	23.8732376707	9999.023	1710.00248112	9499.512	812.113899657	10500.0	832.542274166
5.572	24.6142842888	9999.023	2623.53256759	9498.047	729.56594097	10498.54	894.485617739
5.573	81.1275077291	9997.559	1976.59201857	9500.977	1063.05467607	10498.54	1148.4042648
5.574	26.1142735842	9997.559	1963.63102195	9496.582	710.112094194	10497.07	908.849098526
5.575	25.7828253311	9996.094	1503.06633192	9496.582	979.582197997	10495.61	714.224269537
5.576	24.8127536314	9994.629	2212.11332488	9495.117	820.388271386	10494.14	537.685415647
5.577	25.8686927211	10000.49	1319.31377256	9499.512	979.479825888	10500.0	673.405473684
5.578	26.7968127243	9999.023	1746.19946015	9499.512	529.82413154	10498.54	587.265321938
5.579	27.0071179279	9997.559	821.421483848	9498.047	704.333780484	10498.54	501.533975638
5.58	26.0442040302	9997.559	1366.66829281	9496.582	390.228969476	10497.07	614.02228576
5.581	25.4665980836	9996.094	584.753728214	9496.582	335.0346999	10495.61	271.603605444
5.582	25.7982746409	9994.629	379.889855756	9495.117	298.367977499	10495.61	460.720300496
5.583	25.5392616745	10000.49	1317.6407017	9499.512	474.64330377	10500.0	314.33678477
5.584	25.2421970723	9999.023	1000.22890622	9499.512	396.0209581	10467.77	259.173306783
5.585	26.6575223673	9996.094	521.494203438	9499.512	272.000261351	10497.07	452.502057254
5.586	25.1237879628	9997.559	579.17163115	9547.852	204.629255521	10498.54	319.10348576
5.587	25.5598838977	9996.094	624.524733148	9496.582	288.405233657	10494.14	291.946277277
5.588	26.2543417303	9996.094	589.42402259	9495.117	196.570454626	10495.61	347.395189563
5.589	24.3623016406	9994.629	807.372786968	9509.766	194.144539747	10494.14	275.674242463
5.59	26.7068125937	9999.023	640.471091381	9499.512	745.483742463	10514.65	219.450786648
5.591	24.8204259188	9999.023	479.087756804	9498.047	346.48882077	10498.54	273.917534829
5.592	27.9486285706	9997.559	752.511043719	9496.582	328.784130618	10498.54	405.504142316
5.593	25.112115846	9996.094	1152.31195781	9496.582	249.228329587	10497.07	380.472537737
5.594	24.4187164184	9996.094	823.86390494	9495.117	474.862627339	10495.61	483.182431638
5.595	26.2077075027	9994.629	1222.34653837	9492.188	267.48786869	10494.14	235.025249649
5.596	27.178779773	9999.023	720.471827486	9499.512	301.626723503	10500.0	784.261498221
5.597	27.7193703668	9999.023	1169.80256922	9498.047	458.209061872	10498.54	604.380575201
5.598	26.6827632179	9997.559	1490.2872866	9498.047	690.622539701	10497.07	420.946061092
5.599	25.9178210053	9996.094	1399.8657097	9496.582	652.459028919	10497.07	775.747656817
5.6	3557.92864233	9968.262	24743.9867708	9540.527	39728.9403303	10501.46	35651.521347
5.601	25.9209143515	9994.629	1318.95605712	9495.117	672.260636842	10494.14	755.305639312
5.602	26.7632291256	10000.49	1605.19206971	9499.512	574.950893662	10500.0	1064.44948024
5.603	26.7350483836	9999.023	1940.26539407	9498.047	716.894460037	10498.54	733.711580171
5.604	28.9460476953	9997.559	2076.09025948	9499.512	390.204850799	10497.07	781.228884488
5.605	27.9164668195	9997.559	2264.02755249	9496.582	1052.27453365	10497.07	1139.83417879
5.606	29.184117979	9996.094	2444.56042101	9496.582	1198.35268908	10495.61	792.151479819
5.607	28.2038294229	9994.629	1830.47264499	9495.117	1035.90236204	10495.61	706.289453715
5.608	29.2123540882	10000.49	2686.84374406	9499.512	2061.79796138	10500.0	851.126898404
5.609	41.7252032405	9999.023	1806.57243119	9499.512	1092.68517159	10498.54	877.689317475
5.61	26.7545672638	9997.559	2788.67725635	9498.047	1584.10213353	10498.54	833.742416393
5.611	28.1078472401	9997.559	2289.15727692	9496.582	802.108832275	10497.07	867.293589386
5.612	30.6419954135	9996.094	2132.42179866	9496.582	1148.99955018	10497.07	1091.77693133
5.613	28.3071287045	9994.629	2579.96405348	9495.117	1270.77588301	10495.61	1270.19038318
5.614	27.8831349358	9994.629	2531.03550064	9493.652	832.358573302	10494.14	1299.17867586
5.615	177.201598574	9999.023	4397.49143107	9499.512	1878.97929783	10502.93	1600.85342148
5.616	31.687433371	9999.023	2492.25738	9498.047	1157.44728327	10498.54	1010.41174188
5.617	28.8518874801	9997.559	2781.89492012	9498.047	976.442261413	10497.07	1167.60054162
5.618	31.0350068979	9996.094	2558.85197923	9496.582	1313.4214924	10497.07	634.777346322
5.619	32.5506690061	9996.094	2853.79762493	9495.117	779.219554437	10495.61	1132.2363947
5.62	32.5576834937	9994.629	2133.43320466	9495.117	858.810881208	10494.14	1132.36910889
5.621	32.6764075308	9999.023	2266.71789198	9499.512	1433.15387041	10500.0	538.211954864
5.622	33.5982012961	9999.023	2602.37395204	9498.047	761.305031297	10498.54	1165.97076789
5.623	33.9157692835	9997.559	2350.56556155	9499.512	778.728552061	10497.07	1080.14960964
5.624	35.8305089313	9996.094	1839.27701987	9496.582	968.325873142	10497.07	873.9620041
5.625	37.8737532332	9996.094	1636.82601576	9496.582	766.55833373	10495.61	586.109492947
5.626	33.2503818295	9994.629	1762.94435842	9495.117	728.462718751	10494.14	1088.273153
5.627	4974.73872957	9955.078	39128.7610423	9486.328	31733.295391	10498.54	30011.878637
5.628	29.7360352147	9999.023	1567.03867679	9499.512	1128.05847192	10498.54	781.020155203
5.629	25.5368265656	9997.559	1555.27879685	9498.047	999.777620902	10498.54	1065.09273562
5.63	56.5546829947	9997.559	2074.98897644	9496.582	1786.49177271	10497.07	1249.16692318
5.631	22.8944707958	9996.094	2398.94937226	9495.117	808.389393637	10497.07	1100.57954302
5.632	24.3981698923	9994.629	2022.51363672	9495.117	491.26766439	10495.61	575.829920856
5.633	23.888557905	10000.49	2377.41298578	9499.512	502.766725866	10500.0	1657.72421862
5.634	24.7298610305	9999.023	1764.08899952	9499.512	784.560265805	10498.54	767.672856854
5.635	24.3232898933	9997.559	1751.44685759	9498.047	959.386574178	10498.54	1115.16380024
5.636	23.7580164389	9997.559	2094.77772744	9496.582	643.057161935	10497.07	815.923693304
5.637	22.3348486175	9996.094	1414.25795145	9496.582	590.812612526	10495.61	869.208086098
5.638	23.4814560132	9994.629	1978.1809698	9495.117	721.453693427	10495.61	821.777305769
5.639	23.4038417947	9994.629	1347.31415587	9495.117	860.819868954	10494.14	738.503465385
5.64	23.4649379131	9999.023	2462.57276129	9498.047	516.304419874	10500.0	574.338793235
5.641	23.511723204	9999.023	1765.61811536	9498.047	808.153800413	10498.54	708.653130291
5.642	24.2679365866	9997.559	1408.37454657	9496.582	429.386100769	10497.07	700.023888162
5.643	22.2571713681	9996.094	1501.67830248	9496.582	752.222452595	10497.07	830.096274025
5.644	23.5403786655	9996.094	1484.33424197	9495.117	625.785496688	10495.61	956.544351987
5.645	41008.3192495	10044.43	277319.076309	9452.637	734870.184957	10456.05	896690.967977
5.646	22.7094889995	9999.023	842.724356135	9499.512	828.263188884	10542.48	334.743884391
5.647	23.3904374683	9999.023	972.698016002	9498.047	395.710833337	10498.54	317.532734855
5.648	21.6030271561	9997.559	1028.63203405	9498.047	394.269794221	10497.07	347.84788116
5.649	22.2405342577	9996.094	715.967901581	9499.512	508.789367325	10495.61	263.32001694
5.65	22.2606453659	9996.094	1082.80214785	9495.117	520.145115867	10495.61	386.836232955
5.651	22.7313801918	9994.629	1095.96233019	9495.117	635.419871342	10495.61	482.608395567
5.652	22.6939260398	10000.49	1015.44314104	9499.512	408.777059239	10500.0	874.261565105
5.653	23.0100326314	9999.023	1407.70594638	9499.512	686.126178798	10498.54	590.088627697
5.654	23.8547066308	9997.559	1909.89169173	9498.047	405.498385059	10498.54	953.713956987
5.655	22.4839761765	9997.559	1321.43922275	9496.582	317.978605639	10497.07	360.608471156
5.656	21.1989636003	9996.094	1278.31086481	9496.582	464.549981029	10495.61	893.822359027
5.657	20.6733896012	9994.629	1275.99915473	9495.117	304.940944738	10495.61	548.168149053
5.658	22.1194896883	10000.49	843.236789009	9537.598	184.432703905	10498.54	351.42684844
5.659	22.3826269687	9999.023	929.339040874	9499.512	457.971669144	10498.54	476.383204303
5.66	21.7691785712	9999.023	524.193584361	9498.047	321.982901559	10498.54	246.598892812
5.661	20.5576201038	9997.559	334.999496286	9496.582	341.87219693	10492.68	141.289648289
5.662	22.1338759447	9996.094	486.494245088	9496.582	345.842817636	10495.61	165.238329241
5.663	20.9744083613	9997.559	244.9434336	9536.133	114.272882096	10495.61	210.58237743
5.664	22.1162370739	9994.629	187.013258316	9524.414	135.578322464	10494.14	170.877872858
5.665	21.0617954878	9999.023	203.539975763	9459.961	136.941181614	10535.16	138.235771921
5.666	22.7356042233	9968.262	127.232802559	9506.836	190.067321672	10450.2	148.435727106
5.667	20.9844376986	10013.67	188.714201191	9458.496	113.106005993	10542.48	188.500872705
5.668	22.2158394058	9994.629	210.302908515	9505.371	95.0428986579	10482.42	177.815833169
5.669	22.8557515186	9996.094	260.114153672	9458.496	96.7225765534	10548.34	171.289284244
5.67	21.5278823701	9994.629	319.545155638	9489.258	126.52340801	10466.31	93.5705599452
5.671	22.2011527498	9999.023	447.297079139	9500.977	177.783486023	10500.0	257.778656241
5.672	22.9584502865	9999.023	984.822299568	9498.047	255.184337125	10549.8	123.996551155
5.673	20.8726469041	9997.559	720.673903204	9498.047	395.620788426	10497.07	171.7364693
5.674	20.6967348679	9996.094	707.335774115	9496.582	332.884369239	10495.61	383.147315621
5.675	20.5405608145	9996.094	877.313591831	9495.117	220.930927869	10495.61	290.510609046
5.676	20.7553227704	9994.629	777.185742116	9495.117	463.087761261	10494.14	262.113611104
5.677	20.6026892728	10000.49	854.00207076	9499.512	491.979260973	10500.0	618.945447686
5.678	20.3451380477	9999.023	1495.6689608	9499.512	708.207882237	10498.54	365.15220363
5.679	22.7911214739	9997.559	1158.26252486	9498.047	800.152819819	10498.54	495.452494591
5.68	20.6129394138	9997.559	1032.28500875	9496.582	268.260192647	10497.07	796.518829443
5.681	22.734854894	9996.094	1678.22198993	9496.582	621.832459589	10495.61	561.978910856
5.682	19.0613061478	9994.629	1521.34585685	9495.117	823.652950307	10495.61	477.939779615
5.683	20.5430892969	10000.49	1478.45667424	9499.512	649.985890976	10500.0	754.49529549
5.684	19.8311028337	9999.023	1885.21382481	9499.512	951.532058409	10498.54	689.269156407
5.685	20.1225890341	9997.559	2081.43831617	9499.512	460.462855685	10497.07	1202.54329454
5.686	19.3334868833	9997.559	2881.64824762	9496.582	715.946258239	10495.61	600.193337473
5.687	20.4226689555	9996.094	2667.76441463	9496.582	765.264859425	10495.61	1080.51117748
5.688	19.2498290717	9994.629	3095.89169018	9495.117	957.373237958	10495.61	787.857487319
5.689	18.0271598248	9994.629	3144.44117255	9495.117	752.347172732	10494.14	1398.11998685
5.69	19.597099907	9999.023	2365.15115428	9499.512	736.989952486	10500.0	1111.95449864
5.691	19.2783905126	9999.023	2215.18643864	9498.047	1082.25705853	10498.54	1294.00473929
5.692	19.3634157151	9997.559	2589.04889197	9496.582	941.220781235	10497.07	1127.40801846
5.693	19.6738460084	9996.094	1745.00494024	9496.582	967.482632496	10497.07	1305.01887564
5.694	18.4725011818	9996.094	1877.531332	9495.117	463.513136075	10495.61	965.787566896
5.695	18.0526159532	9994.629	1985.30904854	9495.117	489.619625175	10494.14	685.445706865
5.696	17.7882039548	9999.023	1118.29078938	9499.512	376.806432838	10500.0	514.26646091
5.697	18.2787632238	9999.023	657.899054613	9499.512	202.209631196	10498.54	98.1874964039
5.698	19.5001456	9997.559	444.42675969	9498.047	175.04803032	10511.72	103.954213242
5.699	17.5267885169	9996.094	147.856341953	9531.738	85.9100566709	10497.07	170.823647988
5.7	18.1016733647	9996.094	123.562097473	9540.527	80.7885421014	10495.61	68.1737960844
5.701	17.3934856263	9994.629	263.230260939	9495.117	81.8941753655	10542.48	82.0800143789
5.702	17.0452884163	10000.49	216.163537983	9499.512	160.912131788	10521.97	113.293646185
5.703	17.4271736159	9999.023	350.441437292	9461.426	150.057655441	10511.72	115.601454722
5.704	16.9390363675	9997.559	379.498398729	9496.582	273.937441056	10495.61	161.667680163
5.705	18.0948067051	9997.559	493.944719448	9498.047	125.668453083	10497.07	213.448195456
5.706	17.2942995486	9996.094	787.44811075	9496.582	299.815486091	10495.61	323.746774244
5.707	17.2956396367	9994.629	963.394987439	9495.117	326.707030417	10495.61	409.489330354
5.708	15.6031744078	10000.49	1045.40200692	9499.512	319.735958473	10500.0	406.921226979
5.709	15.7058173747	9999.023	1267.61828226	9499.512	424.793625897	10498.54	365.135818193
5.71	15.7165733455	9997.559	1122.45817089	9498.047	674.454126297	10498.54	492.186379829
5.711	15.3845327189	9997.559	1610.09015834	9496.582	358.480780595	10497.07	793.301124212
5.712	15.0709469146	9996.094	1410.29679922	9496.582	471.858175629	10495.61	471.708728565
5.713	15.3524437756	9994.629	1161.12337788	9495.117	477.193922124	10495.61	678.729864384
5.714	15.1129147515	9994.629	1611.12419729	9493.652	423.919651646	10494.14	442.19482174
5.715	14.403007741	9999.023	1315.82372214	9499.512	560.903878796	10500.0	688.630924647
5.716	13.8599093347	9999.023	853.389724773	9498.047	444.031944127	10498.54	463.825473081
5.717	15.7009289168	9997.559	876.588214699	9498.047	315.948634254	10497.07	237.482878169
5.718	14.5701333877	9996.094	535.298946299	9496.582	285.363843232	10497.07	207.685721566
5.719	14.4707328546	9996.094	471.956810419	9495.117	359.37665276	10495.61	346.602409811
5.72	14.9365411779	9994.629	429.749046832	9495.117	226.058327254	10494.14	235.450766758
5.721	13.7562685441	9999.023	341.331347024	9499.512	283.691891252	10500.0	249.283797889
5.722	14.714675628	9999.023	574.35867607	9498.047	435.80513436	10498.54	172.536966525
5.723	13.5595754605	9997.559	354.538697624	9496.582	163.442038785	10498.54	404.911018261
5.724	14.3383561398	9997.559	631.739933928	9496.582	289.225807735	10497.07	389.786152923
5.725	13.6650139929	9996.094	409.283454196	9495.117	242.458921095	10495.61	207.426050117
5.726	14.0844351627	9994.629	564.88350688	9495.117	453.622084208	10495.61	221.300773583
5.727	13.2599561764	10000.49	730.170107777	9499.512	371.205607322	10500.0	294.535149293
5.728	13.6841557138	9999.023	712.517404654	9499.512	202.437180717	10498.54	236.459787745
5.729	14.2868206306	9997.559	445.362409538	9498.047	165.222895358	10498.54	376.736823515
5.73	14.3296166652	9997.559	598.428185487	9496.582	86.8046477459	10497.07	200.571302338
5.731	13.3726494378	9996.094	436.796994973	9496.582	201.836610634	10495.61	156.306375546
5.732	12.7986329854	9994.629	261.885538934	9495.117	189.024719624	10526.37	107.730254684
5.733	13.470510546	10000.49	273.961693242	9462.891	46.2990922249	10500.0	117.145739877
5.734	12.5884463809	10040.04	166.343711598	9499.512	89.7498235058	10500.0	74.7490782929
5.735	1025.43400833	9956.543	5880.8550207	9543.457	5561.65998539	10505.86	4398.58535115
5.736	12.9902103623	9955.078	89.4407107003	9490.723	162.728072078	10521.97	93.8478171587
5.737	12.6622795197	9996.094	114.234460975	9495.117	42.9128093024	10492.68	66.5173013992
5.738	13.3840991209	10042.97	141.740935696	9481.934	97.9634936422	10504.39	97.0821437378
5.739	12.7747190974	9994.629	180.434965858	9467.285	57.4162667337	10542.48	147.623743818
5.74	13.3654179634	9999.023	219.838037873	9499.512	266.009388673	10498.54	142.527924569
5.741	13.1049142941	9997.559	452.750631301	9498.047	230.609636423	10498.54	280.048838322
5.742	12.9312800935	9997.559	579.016886665	9499.512	110.57964958	10497.07	287.514071486
5.743	12.2450346505	9996.094	876.51779783	9495.117	217.384813495	10497.07	376.92543208
5.744	11.9200624568	9996.094	936.885065809	9495.117	619.812173285	10495.61	311.269127111
5.745	11.7176064412	9994.629	1752.05831404	9495.117	493.768412897	10494.14	507.674902427
5.746	11.7812098411	9999.023	1533.31372955	9499.512	780.58478261	10500.0	742.290334793
5.747	11.6776724379	9999.023	1919.68040168	9498.047	485.177565091	10498.54	788.391816801
5.748	11.6662943117	9997.559	2690.5801251	9498.047	1113.47077747	10497.07	999.216610147
5.749	11.4172151547	9996.094	2123.25317445	9496.582	1024.27393874	10497.07	911.901925199
5.75	12.1322153707	9996.094	2494.26295415	9495.117	1016.68288963	10495.61	1388.987868
5.751	12.1855699573	9994.629	3083.13150704	9493.652	621.938193197	10495.61	1377.38818627
5.752	13.0631954721	10000.49	3386.09874102	9499.512	671.695741017	10500.0	930.183040477
5.753	12.1395688043	9999.023	3386.37831884	9499.512	809.022932604	10498.54	1137.89371229
5.754	11.8431472816	9997.559	2627.50695658	9498.047	1149.80280975	10498.54	1000.24782883
5.755	12.4969383387	9997.559	2293.54797674	9496.582	1117.12625106	10497.07	1265.96443938
5.756	12.8304401829	9996.094	3653.01339446	9496.582	1168.35361592	10495.61	1255.14430356
5.757	12.0331821428	9994.629	2895.08811763	9495.117	1028.99670617	10495.61	1020.27388533
5.758	11.5594710918	10000.49	2937.42540177	9499.512	1241.76036115	10500.0	1303.70720307
5.759	11.6437562113	9999.023	2934.98229761	9499.512	954.396127382	10498.54	1283.76678903
5.76	682.155574556	10040.04	4242.1699896	9461.426	7613.3580806	10520.51	3038.26687976
5.761	10.771493575	9997.559	3103.45547185	9496.582	1031.13375471	10497.07	1559.82818718
5.762	10.9560798647	9996.094	2450.741006	9496.582	789.86412829	10495.61	1022.82574251
5.763	11.2603080734	9994.629	2649.8156931	9495.117	885.739549651	10495.61	1088.31499766
5.764	11.2931653465	9994.629	2447.87164803	9493.652	982.914476384	10494.14	1134.54154807
5.765	10.8923581109	9999.023	1849.25438045	9499.512	740.508493614	10500.0	1333.39992887
5.766	10.8637123298	9999.023	1799.29866403	9498.047	889.4004879	10498.54	869.665194029
5.767	10.2966229774	9997.559	1708.91576993	9498.047	549.925658776	10497.07	695.739732154
5.768	10.9412363371	9996.094	1693.5553431	9496.582	772.923196342	10497.07	644.652208799
5.769	11.5423830046	9996.094	2261.5112948	9495.117	636.76261942	10495.61	796.050903275
5.77	11.0769124161	9994.629	1586.57217196	9495.117	449.225287156	10494.14	723.172097417
5.771	11.2061979881	9999.023	1376.97208592	9499.512	624.589302402	10500.0	693.125956613
5.772	11.441939861	9999.023	1381.2366647	9498.047	532.752512285	10498.54	694.802775393
5.773	10.6920346719	9997.559	1457.24275498	9498.047	532.566403198	10498.54	418.744725428
5.774	11.5012315217	9996.094	1327.23080627	9496.582	426.897184665	10497.07	599.969820093
5.775	11.609826549	9996.094	1241.82060371	9495.117	421.095488842	10495.61	541.933697158
5.776	11.5929500107	9994.629	1292.30407877	9495.117	489.203817316	10495.61	776.876448015
5.777	11.826379514	10000.49	1002.20153157	9499.512	569.584788155	10500.0	442.52773667
5.778	16.9400936037	9999.023	1706.6192857	9499.512	450.78393819	10498.54	477.766636951
5.779	11.0209076591	9997.559	1166.74834084	9498.047	360.831688838	10497.07	339.146105489
5.78	11.077947329	9997.559	942.157135596	9496.582	503.923260893	10497.07	422.579673161
5.781	11.444587042	9996.094	1658.9696664	9496.582	461.832309673	10495.61	448.756748283
5.782	10.9910255511	9994.629	1589.62623312	9495.117	591.788324279	10495.61	526.418628298
5.783	11.3902794933	10000.49	1494.25999711	9499.512	592.186877482	10500.0	873.746417847
5.784	11.1702138561	9999.023	1787.89520151	9499.512	384.797511118	10498.54	627.014062369
5.785	10.5934214194	9997.559	1441.95907438	9498.047	772.644912773	10498.54	638.744286351
5.786	10.5731690276	9997.559	1197.90067113	9496.582	567.704642773	10497.07	625.955847283
5.787	508.65810945	10004.88	3529.7177202	9493.652	2155.13381808	10458.98	4333.85973503
5.788	9.98937843474	9996.094	1282.82532184	9495.117	827.476686716	10495.61	669.579437996
5.789	11.176765784	9994.629	1848.36887237	9493.652	764.098266013	10494.14	695.397298945
5.79	10.728962527	9999.023	1961.46244352	9499.512	801.578142402	10498.54	732.735054455
5.791	10.5678652921	9999.023	1536.7811265	9498.047	570.799657224	10498.54	935.903855154
5.792	10.6629617476	9997.559	1779.08040985	9498.047	737.916164548	10497.07	1015.51167222
5.793	10.6975615453	9996.094	1860.87605727	9496.582	864.839979251	10497.07	687.606792323
5.794	11.0580384585	9996.094	1845.34402924	9495.117	761.28412812	10495.61	882.894315181
5.795	10.9868232082	9994.629	1876.27466421	9493.652	595.870992803	10495.61	622.455915627
5.796	55.8578844717	9999.023	1436.17945151	9500.977	958.326869407	10504.39	616.362341276
5.797	11.4957124719	9999.023	1996.66331143	9498.047	1003.09460081	10498.54	748.083549535
5.798	11.5913719895	9997.559	2030.25939803	9498.047	622.838269726	10498.54	1003.58993484
5.799	11.884735991	9996.094	1336.77241726	9496.582	502.970255698	10497.07	783.611435906
5.8	196.862077773	9996.094	3383.02653702	9495.117	1990.01939795	10489.75	1336.88146271
5.801	12.8710313962	9994.629	1962.20562596	9495.117	1156.66007704	10495.61	772.540064471
5.802	12.9988786928	10000.49	1612.35670193	9499.512	929.148219718	10500.0	562.762231108
5.803	12.056541292	9999.023	1967.42693461	9499.512	882.713095212	10498.54	680.321446638
5.804	12.5794744959	9997.559	2062.86290942	9498.047	619.720609195	10498.54	607.740457962
5.805	11.9676139867	9997.559	1600.86500559	9496.582	522.033088649	10497.07	1067.1836975
5.806	11.4521377676	9996.094	1643.92899967	9496.582	465.680046099	10495.61	517.087764655
5.807	11.4065147209	9994.629	1482.79032464	9495.117	783.482447299	10495.61	604.090162695
5.808	10.4659802509	10000.49	1353.05353098	9499.512	447.351876817	10500.0	370.821457684
5.809	10.3217292853	9999.023	1531.07127123	9499.512	602.86642795	10498.54	598.963714302
5.81	9.7891974449	9997.559	1330.8408855	9498.047	354.256577202	10498.54	613.820092243
5.811	10.6130252768	9997.559	890.002040968	9498.047	413.057467124	10497.07	444.631430727
5.812	10.344332823	9996.094	1007.57114644	9496.582	340.978642566	10497.07	516.730301924
5.813	9.84127369134	9994.629	732.7058901	9495.117	526.977341411	10495.61	237.597297583
5.814	50.4035350701	9994.629	1316.56503683	9518.555	379.80250168	10494.14	661.971818367
5.815	9.83305081604	9999.023	699.589834157	9499.512	207.183001483	10498.54	284.975570503
5.816	9.87233342	9999.023	490.454844427	9499.512	271.682502579	10498.54	126.185809901
5.817	9.40592268475	9997.559	341.306910164	9498.047	141.696552942	10497.07	175.455175265
5.818	9.55610017232	9996.094	204.990223865	9496.582	141.593997014	10497.07	144.424270119
5.819	9.02968929003	9994.629	188.133227911	9495.117	149.481956768	10495.61	99.0931698624
5.82	10.1239236331	9994.629	118.929154856	9495.117	93.3809524477	10492.68	203.206656483
5.821	9.12290634335	9999.023	110.322501824	9544.922	72.6944932935	10489.75	84.6444362478
5.822	9.21642650725	9999.023	207.614956577	9451.172	41.2667108667	10498.54	81.1379099445
5.823	9.83631818336	9997.559	208.165580627	9547.852	75.2406629869	10497.07	70.4987259581
5.824	8.81305791455	9996.094	148.104734835	9511.23	52.0156828916	10543.95	128.256858949
5.825	8.69879333832	9996.094	158.180556912	9496.582	60.3817227534	10495.61	81.839697177
5.826	9.68634844587	9994.629	114.98107464	9454.102	71.5380486014	10543.95	43.7171305641
5.827	9.89563334292	10022.46	81.9483362233	9528.809	41.6731121566	10543.95	65.9396959344
5.828	9.38059532724	9999.023	107.251880956	9502.441	41.5186046428	10543.95	65.0639076055
5.829	8.2989012132	9997.559	60.5910945297	9541.992	67.667024972	10498.54	92.6988195271
5.83	10.0893948858	9994.629	99.4477432713	9496.582	69.4955640869	10543.95	76.6389865232
5.831	9.20869910323	9996.094	88.2743073093	9495.117	96.0991065509	10483.89	34.5031609322
5.832	9.76762108953	9994.629	186.005552541	9528.809	42.2146076564	10505.86	40.6833417409
5.833	9.79695675839	10000.49	115.40566265	9499.512	92.4147428522	10500.0	122.209420643
5.834	9.54995926068	9999.023	244.090331501	9500.977	88.0125176811	10479.49	52.4417992164
5.835	10.0173037425	9997.559	153.449454598	9539.062	68.7067874552	10498.54	295.779139751
5.836	10.3847448424	9997.559	250.487284584	9490.723	48.7879853433	10497.07	122.094516794
5.837	9.65583270359	9996.094	293.735475189	9496.582	70.562950973	10480.96	53.1422396815
5.838	9.22202235588	10000.49	108.250724338	9495.117	169.943185391	10495.61	73.7595406982
5.839	8.44160974496	9994.629	201.464952177	9493.652	92.7708624883	10494.14	105.67529826
5.84	8.76829529795	9999.023	194.736296641	9499.512	42.0983822344	10486.82	58.4010061354
5.841	9.19285252527	9999.023	90.9123217097	9503.906	51.1046783865	10524.9	76.0536561753
5.842	8.90582210285	9997.559	140.885817487	9483.398	109.478348667	10453.12	96.6337950289
5.843	8.70223251594	9981.445	45.7573740198	9454.102	55.5024380707	10543.95	108.630679826
5.844	8.49568181598	9996.094	69.0585285634	9495.117	66.1519313867	10543.95	67.4142771854
5.845	8.57321077966	10013.67	92.6671820296	9521.484	82.3567694016	10543.95	73.2456127554
5.846	8.60966885992	9997.559	98.6924442009	9530.273	65.6277108365	10545.41	148.35528253
5.847	9.33769784324	10042.97	82.4867226039	9546.387	55.851983081	10545.41	142.029144429
5.848	8.64481494985	9979.98	63.9349397609	9546.387	54.2100100852	10545.41	82.4640315079
5.849	8.86913783162	9969.727	55.9481725344	9546.387	76.1494922453	10545.41	98.9382874566
5.85	9.07719186512	10045.9	89.0818932839	9543.457	76.0083857516	10545.41	74.9704062905
5.851	9.40200520629	9994.629	63.9688082407	9546.387	79.2900741086	10545.41	63.2005202653
5.852	10.1229826536	9999.023	64.0669664052	9546.387	98.4822183089	10545.41	72.4800296135
5.853	9.83875034789	9958.008	76.8318741108	9493.652	59.7697219811	10539.55	73.3918251677
5.854	9.76686247933	9997.559	146.438653569	9544.922	54.5869379233	10545.41	176.945637404
5.855	8.95668906481	9997.559	80.1629648788	9496.582	46.3009255884	10535.16	55.4856557234
5.856	10.5097223211	9996.094	111.672174526	9496.582	116.921925313	10467.77	46.5298223381
5.857	11.7335658803	9994.629	101.846255828	9454.102	75.3335816166	10472.17	68.8777635221
5.858	10.2062332417	9999.023	195.136252243	9479.004	47.2833461295	10500.0	88.2311717459
5.859	10.6641789677	9999.023	180.426955001	9500.977	122.488911711	10535.16	67.7066318884
5.86	11.9504726633	9997.559	287.346689433	9498.047	57.2526100342	10500.0	153.554314694
5.861	12.3546102107	9997.559	148.275313907	9499.512	146.713523099	10546.88	85.453828386
5.862	12.3883526025	9996.094	319.904404305	9499.512	102.018554697	10494.14	120.426006432
5.863	12.48904871	9996.094	271.520609495	9549.316	78.089806573	10495.61	119.928714025
5.864	13.1818353941	9994.629	179.90905473	9500.977	106.640242594	10500.0	128.336603314
5.865	13.0934912226	9999.023	144.287062865	9452.637	130.561750221	10500.0	288.979651904
5.866	13.5523770837	9997.559	147.202630493	9499.512	163.369458777	10500.0	178.63811212
5.867	14.4218612688	9997.559	151.436219231	9512.695	91.008053385	10497.07	102.661033903
5.868	13.1612891863	9996.094	318.0757171	9500.977	295.992240931	10495.61	196.842409982
5.869	15.2700933073	9996.094	284.887001136	9500.977	222.257092892	10498.54	125.138859013
5.87	14.4428531364	9994.629	323.076007956	9492.188	132.185515361	10545.41	110.725988161
5.871	14.6312223051	9999.023	333.433281755	9499.512	515.817022021	10505.86	107.528969169
5.872	14.5131305275	9999.023	232.05144487	9498.047	176.810762844	10545.41	195.469381758
5.873	14.0846511834	9997.559	207.154145128	9498.047	107.884072906	10500.0	225.663576863
5.874	15.1107039635	9997.559	401.119738986	9487.793	99.0641873222	10497.07	204.564123746
5.875	14.2228828117	9996.094	490.213973161	9496.582	152.532053664	10549.8	77.6395449958
5.876	14.6881902425	9994.629	470.21287912	9495.117	229.428921697	10520.51	111.202282115
5.877	15.0422006887	10000.49	570.84539207	9499.512	238.004782248	10500.0	159.789487644
5.878	15.2445901542	9999.023	489.965152636	9458.496	88.4907835884	10498.54	291.490513136
5.879	14.2634911793	9997.559	632.274666471	9498.047	215.339636428	10498.54	209.432799592
5.88	15.8403534646	9997.559	630.043794861	9496.582	305.066198824	10497.07	380.950501832
5.881	15.6965939889	9996.094	936.185023981	9496.582	237.929922876	10495.61	417.802082902
5.882	16.7988150582	9994.629	1106.88274097	9495.117	279.449856946	10495.61	396.179899492
5.883	17.5195717451	10000.49	639.827446809	9499.512	532.721003826	10500.0	311.425032546
5.884	16.4660645223	9999.023	973.749577375	9499.512	571.097663307	10498.54	717.710114685
5.885	17.2666422726	9997.559	1450.18607092	9498.047	968.161164464	10498.54	426.648061678
5.886	17.2282520551	9997.559	1631.57451684	9496.582	983.029983961	10497.07	814.654856553
5.887	17.817377582	9996.094	1536.61633832	9496.582	602.033390297	10495.61	776.366009797
5.888	18.2764504619	9994.629	2051.11649199	9495.117	911.964061318	10495.61	1160.6152974
5.889	19.9852258084	9994.629	2186.43590064	9493.652	1110.5776833	10494.14	1052.29814409
5.89	19.5729054157	9999.023	2265.52018659	9499.512	1222.77334492	10500.0	894.176372752
5.891	20.9441295253	9999.023	2906.89200562	9498.047	1135.83302964	10498.54	1046.42915499
5.892	22.0270653536	9997.559	3244.26148439	9498.047	1075.36849219	10497.07	1275.02776079
5.893	32.1430158426	9996.094	3143.85552333	9496.582	1301.7045308	10497.07	1029.44325859
5.894	20.745510183	9996.094	3224.0343465	9495.117	1113.71023782	10495.61	1322.52684777
5.895	24.8135569115	9994.629	3922.80318633	9495.117	1558.11393384	10494.14	1313.29407742
5.896	21.9283635561	9999.023	3112.92622122	9499.512	1161.64140019	10500.0	2479.12703638
5.897	25.7827302424	9999.023	3103.85752698	9498.047	1812.68569055	10498.54	1939.86313241
5.898	24.1472580185	9997.559	4854.3473805	9498.047	1973.4923022	10497.07	2181.76055171
5.899	23.558889999	9996.094	4435.60186866	9496.582	2407.0199897	10497.07	2163.75298916
5.9	25.5136841882	9996.094	5951.71176545	9495.117	2347.04025463	10495.61	3072.92429742
5.901	25.2303118922	9994.629	6923.14411318	9495.117	2538.74296167	10494.14	2923.65344873
5.902	25.6686676307	10000.49	6069.04133097	9500.977	2275.7853291	10498.54	1605.22193928
5.903	32.3628347469	9999.023	7214.59532284	9499.512	2095.33564043	10500.0	2410.95366398
5.904	28.448668064	9997.559	6293.48699615	9498.047	3359.54622311	10498.54	2562.16194546
5.905	29.4176838445	9997.559	5098.74223196	9496.582	2713.62890841	10497.07	2891.39507841
5.906	30.666855616	9996.094	7029.56793132	9496.582	3227.90758589	10495.61	3536.35207096
5.907	30.0767719071	9994.629	6289.52436474	9495.117	2728.96942838	10495.61	2803.79655635
5.908	29.5069543822	10000.49	6582.62376414	9499.512	3168.16451104	10500.0	3436.84239866
5.909	94.0678079025	9999.023	9469.09164044	9499.512	2339.95571944	10498.54	2735.12242869
5.91	34.4526763856	9997.559	6817.79464958	9498.047	3953.4239323	10498.54	3321.40554556
5.911	30.9746917979	9997.559	8902.31281336	9496.582	2734.3445232	10497.07	3262.3860213
5.912	33.4290161304	9996.094	9724.46974376	9496.582	2263.58167432	10497.07	3763.3481393
5.913	31.447554144	9994.629	7844.38653179	9495.117	3280.59538196	10495.61	3713.0238973
5.914	32.8319214712	9994.629	11662.9391619	9493.652	2936.4498404	10494.14	4364.46957682
5.915	33.5447491372	9999.023	11759.7446418	9499.512	4146.78617425	10500.0	6200.02678661
5.916	34.1271834836	9999.023	12576.3983259	9498.047	4596.77480873	10498.54	4622.68867667
5.917	35.5462519789	9997.559	15238.0447462	9498.047	5349.12033387	10497.07	5131.5929521
5.918	38.3941235358	9996.094	15218.3927084	9496.582	6751.93446186	10497.07	7000.33864495
5.919	38.4388132928	9996.094	13991.3344342	9496.582	5689.52207141	10497.07	4884.07819752
5.92	37.699996227	9994.629	21103.799917	9493.652	5720.21277054	10495.61	6634.94279003
5.921	38.0078367319	9999.023	16060.7585163	9499.512	7268.61626867	10500.0	8302.4116541
5.922	38.9585526299	9999.023	19558.5115947	9498.047	6810.9715378	10498.54	7639.86461305
5.923	37.2227653569	9997.559	19795.1441565	9498.047	6683.42953409	10497.07	7751.49531149
5.924	39.7274891725	9996.094	17154.7070707	9496.582	7781.35649847	10497.07	7611.69823078
5.925	42.8677775285	9996.094	19089.3555823	9495.117	6045.76453318	10495.61	8340.04170305
5.926	42.7163580115	9994.629	17889.8885472	9495.117	7399.70884865	10494.14	7173.82368671
5.927	38.7594857169	10000.49	15940.7349443	9499.512	8753.65474446	10500.0	7667.44062369
5.928	41.7990685977	9999.023	21702.4749369	9498.047	7129.64513725	10500.0	5762.60717178
5.929	43.091060215	9997.559	21373.1721474	9498.047	6110.60270968	10498.54	7337.62723603
5.93	42.9119849793	9997.559	21515.295072	9496.582	7964.56744719	10497.07	11398.7838948
5.931	43.1046287062	9996.094	25384.7473671	9496.582	8097.78046417	10495.61	9160.21242477
5.932	42.4230810389	9994.629	24371.6732554	9495.117	10743.4311269	10495.61	11609.5713858
5.933	44.2202205027	10000.49	23803.9722486	9499.512	8495.91360139	10500.0	12319.7866147
5.934	43.8529427737	9999.023	26462.3884798	9499.512	9238.30461714	10498.54	12217.5331037
5.935	45.8725736537	9997.559	21677.0238929	9498.047	9232.86954758	10498.54	10955.7522977
5.936	48.1203736774	9997.559	23255.1513874	9498.047	6859.20385848	10497.07	8732.43760373
5.937	44.3060510726	9996.094	22051.5035384	9496.582	7491.20625167	10495.61	8644.05137664
5.938	46.8559387825	9994.629	18247.682812	9495.117	5290.65023634	10495.61	5240.24989156
5.939	48.7910594835	9994.629	21997.235857	9495.117	7337.16406984	10494.14	8905.73899661
5.94	47.7551644102	9999.023	17100.0048866	9499.512	8101.31187126	10500.0	7216.19307397
5.941	47.026618695	9999.023	17017.9256959	9498.047	6604.638626	10498.54	6770.20054701
5.942	46.5769933308	9997.559	20314.1326958	9498.047	6976.94814821	10497.07	7148.51029583
5.943	47.4535516417	9996.094	21100.2025573	9496.582	8164.6028136	10497.07	9554.50515299
5.944	48.7858438295	9996.094	23011.0918703	9495.117	9724.26247626	10495.61	9185.02507271
5.945	50.5459003419	9994.629	23559.2279749	9495.117	7681.26692182	10494.14	10476.1902285
5.946	51.3381585999	9999.023	18660.7005836	9499.512	9954.39669253	10500.0	9588.95556575
5.947	13.739333028	9952.148	95.575962744	9547.852	85.7950404006	10453.12	96.2694317233
5.948	52.3053808576	9997.559	29666.940808	9498.047	7596.37902576	10497.07	7556.84422576
5.949	50.2550804877	9996.094	20828.9819792	9496.582	9208.45241328	10497.07	9691.47922225
5.95	53.5928973957	9996.094	24629.8835206	9495.117	7180.03051233	10495.61	11764.3482681
5.951	53.8747156647	9994.629	23861.2188663	9495.117	9215.13089209	10494.14	9310.38046967
5.952	54.6409909309	10000.49	21504.9560975	9499.512	9173.42609514	10500.0	8195.38811084
5.953	50.285779147	9999.023	22318.5268713	9499.512	8136.86603889	10498.54	9416.70422523
5.954	52.944849965	9997.559	17183.50364	9498.047	7872.80659347	10498.54	7477.91611935
5.955	50.671200986	9997.559	20439.880516	9498.047	6461.328394	10495.61	4755.29486149
5.956	56.9875351593	9996.094	17730.2514689	9495.117	6036.44371827	10497.07	4560.87790951
5.957	50.8313446382	9994.629	16408.7257788	9495.117	7140.14136696	10495.61	6770.49504557
5.958	53.0975983085	10000.49	16376.89623	9499.512	5139.76744089	10500.0	9379.56883915
5.959	53.9493985745	9999.023	18778.781551	9499.512	5178.6258731	10498.54	7010.72126721
5.96	55.4238841969	9997.559	19664.4179727	9498.047	9812.401739	10498.54	8046.3569555
5.961	53.9030774511	9997.559	22904.6521767	9496.582	9091.90240321	10497.07	8495.95092753
5.962	53.7498426674	9996.094	22327.6554422	9496.582	7319.0499148	10495.61	9810.25111706
5.963	54.9088892436	9994.629	21515.2528305	9495.117	10263.282403	10495.61	9942.03498519
5.964	53.3247213433	9994.629	26875.5429844	9493.652	9776.1511739	10495.61	6537.54474746
5.965	57.5063364827	9999.023	27808.638985	9498.047	5988.21185438	10498.54	11467.4022896
5.966	54.7969966692	9999.023	26974.0508168	9498.047	10521.8333148	10498.54	11764.6899885
5.967	53.9995207874	9997.559	30416.4851181	9498.047	11733.3246697	10497.07	10922.7298581
5.968	52.9143371657	9996.094	29178.7295794	9496.582	13968.6831062	10497.07	11562.9358309
5.969	59.6526889653	9996.094	26991.3068965	9495.117	12466.9112516	10495.61	13271.6741474
5.97	54.0353812315	9994.629	35198.168418	9495.117	9902.77393472	10494.14	12704.6012713
5.971	57.6375987406	9999.023	31795.952056	9499.512	11297.2753803	10500.0	11231.3670346
5.972	56.3928780213	9999.023	31346.8157978	9498.047	9417.36056	10498.54	14164.9798941
5.973	57.2179587888	9997.559	31228.7855544	9496.582	7703.75499606	10498.54	9532.87554678
5.974	61.115483426	9996.094	26541.3922139	9496.582	6577.11340863	10495.61	9083.70459677
5.975	53.9253854704	9996.094	21531.1898003	9496.582	8103.32295841	10495.61	12379.3399903
5.976	57.7598545645	9994.629	25073.6709614	9495.117	7813.00208789	10495.61	9042.46031335
5.977	57.6601928094	10000.49	18710.4857815	9499.512	9210.45695691	10500.0	10349.2464874
5.978	51.9415263784	9999.023	19810.6791727	9499.512	7125.25920405	10498.54	8057.83693915
5.979	55.7132534704	9997.559	21876.6369024	9498.047	7800.17955192	10498.54	10219.9134416
5.98	51.2139790835	9997.559	19278.092553	9496.582	6757.06965533	10497.07	6705.01455331
5.981	62.3604693522	9996.094	14677.0501765	9496.582	5615.86094767	10495.61	6604.58472757
5.982	53.9981590694	9994.629	14607.2670915	9493.652	2736.29400104	10494.14	4710.27159223
5.983	51.9957568004	10000.49	11593.1184766	9500.977	3864.83498111	10501.46	4455.78133413
5.984	53.8394721012	9999.023	12765.6426662	9499.512	5444.15213537	10498.54	5777.33896645
5.985	55.6240992193	9997.559	10010.8974858	9498.047	4933.23459842	10498.54	5225.92756822
5.986	51.8081266335	9997.559	8290.53835193	9496.582	4247.96779996	10497.07	4936.62821974
5.987	55.804056979	9996.094	9241.04282255	9496.582	3849.50685614	10495.61	4043.66533138
5.988	54.2012020277	9996.094	8201.45771738	9495.117	4690.55456114	10495.61	3564.37049694
5.989	53.6744108775	9994.629	8669.30266288	9495.117	3407.45028686	10494.14	4554.15719855
5.99	53.5895079219	9999.023	8920.3869339	9499.512	4368.40023765	10500.0	2888.25192315
5.991	53.1045673666	9999.023	10798.9595422	9499.512	4187.22125675	10497.07	2649.45523381
5.992	54.232069481	9997.559	10308.8149978	9496.582	3371.92619795	10498.54	3298.11128566
5.993	55.6877563143	9996.094	9412.0492807	9496.582	4099.81673323	10497.07	3992.7027959
5.994	55.8842985458	9996.094	8515.49561416	9495.117	2704.85107076	10495.61	3705.67966903
5.995	56.8489643045	9994.629	9553.35470405	9495.117	3277.62837221	10494.14	2981.91646705
5.996	59.1655137499	9999.023	7236.31381558	9499.512	2919.83344304	10500.0	3923.0271378
5.997	52.7110242988	9999.023	7741.63094153	9498.047	2651.07045774	10498.54	2722.13817073
5.998	57.2334328016	9997.559	5816.92933856	9498.047	3186.12659393	10497.07	2417.86420299
5.999	56.8881255034	9996.094	4804.56156175	9496.582	2228.0872667	10497.07	2025.92617076
6.0	76.1470575813	9996.094	5125.66932612	9495.117	2523.70891131	10497.07	2178.51661054
6.001	69.0120882399	9994.629	4524.96627833	9493.652	1660.11755432	10495.61	2251.66334341
6.002	65.0515166158	10000.49	3797.11188442	9499.512	1884.25584032	10500.0	1754.19781852
6.003	55.2534181814	9999.023	5621.36235247	9499.512	1410.17920938	10498.54	2262.7101817
6.004	51.286848018	9997.559	3126.33347639	9498.047	1462.17245633	10498.54	1362.40965222
6.005	60.7782174288	9997.559	4678.79382612	9496.582	987.97994977	10497.07	1829.51096304
6.006	60.2434794203	9996.094	4230.16089936	9495.117	1211.22206134	10495.61	1187.52002469
6.007	58.0823454223	9994.629	3721.96523739	9495.117	668.160895105	10495.61	1126.68079849
6.008	56.2905824081	10000.49	3557.66052471	9500.977	1520.34819199	10500.0	1428.42372771
6.009	59.1475737432	9999.023	2856.32123007	9500.977	816.068042748	10500.0	1323.57487293
6.01	60.2483475063	9997.559	2705.98173529	9498.047	1669.31478127	10497.07	1777.79333901
6.011	115.299502009	9997.559	5103.15981903	9496.582	2436.87287327	10497.07	1408.68739441
6.012	54.1882705288	9996.094	5589.67091641	9496.582	1854.89549093	10497.07	1483.39387781
6.013	61.6725677537	9994.629	3609.22595435	9495.117	1572.97127898	10495.61	2910.51284447
6.014	62.5921179919	9994.629	3572.77709092	9495.117	2061.03239356	10494.14	2143.10947955
6.015	58.5357425462	9999.023	3452.97473883	9499.512	1757.5598749	10500.0	1559.49171717
6.016	57.9352205683	9999.023	2365.07728354	9498.047	1976.7397612	10498.54	1412.45063501
6.017	56.6390712708	9997.559	2983.39263226	9511.23	532.312443081	10498.54	1763.40631774
6.018	58.4900927746	9996.094	2309.90523857	9495.117	1056.28835777	10497.07	1323.86785772
6.019	56.7289806574	9996.094	3914.04158477	9495.117	1515.64699922	10495.61	2106.17564908
6.02	62.6865455188	9994.629	5108.44408533	9495.117	2104.64074754	10494.14	2586.95657545
6.021	62.6560401969	9999.023	4948.72720976	9499.512	3472.93136778	10500.0	2625.85349218
6.022	59.4390068417	9999.023	5413.44257927	9498.047	1840.80211362	10498.54	3752.34162049
6.023	59.4792614117	9997.559	5685.06159457	9498.047	3063.83119422	10497.07	1991.7574616
6.024	59.1089230406	9997.559	7594.61868733	9496.582	3838.57873438	10497.07	2813.97601591
6.025	60.2502267425	9996.094	8001.17260217	9496.582	1988.42747875	10495.61	2494.12742303
6.026	60.332708341	9994.629	9315.17448283	9495.117	2610.8409677	10494.14	3426.58182807
6.027	1243.75145233	10000.49	6729.0336394	9546.387	7923.80401584	10492.68	9336.17807471
6.028	63.4837434287	9999.023	8449.3809007	9499.512	3072.34655791	10498.54	4821.06265503
6.029	61.9225735868	9997.559	8424.97124085	9498.047	5024.87678717	10498.54	2242.41755507
6.03	57.0498999381	9997.559	7137.89669733	9496.582	2157.46379203	10497.07	3106.54608579
6.031	56.6431128367	9996.094	6222.51619016	9496.582	2935.64544596	10495.61	2151.11887433
6.032	57.1880784424	9994.629	4782.68327604	9495.117	3471.44958118	10495.61	3159.27465998
6.033	65.0520338685	10000.49	6086.25804458	9499.512	3128.41102006	10500.0	4214.35060937
6.034	92.029553842	9999.023	6918.34886322	9499.512	2658.12539449	10498.54	1940.24237401
6.035	80.9909045746	9997.559	7578.6081825	9498.047	2766.26381297	10498.54	3206.15395313
6.036	56.0462883018	9997.559	8838.06957436	9498.047	2395.11830557	10497.07	2387.11577645
6.037	56.5311994166	9996.094	8843.69241571	9496.582	3079.88079899	10495.61	3521.35608761
6.038	53.7117173128	9994.629	8807.8369124	9495.117	3932.0246963	10495.61	3768.53230887
6.039	53.0738644499	9994.629	10426.5659618	9493.652	4027.95520489	10494.14	4745.56507507
6.04	55.7940842528	9999.023	11180.7453968	9499.512	3379.1989795	10500.0	3982.65614449
6.041	55.4170254845	9999.023	9187.78980368	9498.047	3602.99313406	10498.54	3526.21007409
6.042	51.8051529949	9997.559	9102.15558375	9498.047	3992.0598214	10497.07	4186.23880357
6.043	52.6942781068	9996.094	10675.7500176	9496.582	3353.96875273	10495.61	5050.88454626
6.044	48.386284176	9996.094	10423.2581398	9496.582	2930.64658155	10494.14	1750.46701565
6.045	2291.12155392	9975.586	13815.9017796	9451.172	10666.5271175	10470.7	9140.7440036
6.046	51.7822091482	9999.023	8111.96016287	9499.512	2686.42937417	10500.0	3432.06460402
6.047	49.0325545777	9999.023	7244.11167829	9498.047	3063.9662974	10498.54	2682.67510979
6.048	47.975677894	9997.559	8039.65977919	9498.047	2137.45506115	10497.07	2666.40147741
6.049	47.0496994997	9996.094	6082.42699503	9496.582	3029.53250542	10497.07	3328.12167768
6.05	47.4662350605	9996.094	7183.23419037	9495.117	2129.35082831	10495.61	3554.75165073
6.051	50.6224163505	9994.629	6941.60475736	9495.117	3927.24616131	10494.14	2880.36745054
6.052	43.2352676505	10000.49	6278.28023731	9499.512	3743.76505617	10500.0	3334.11148896
6.053	46.433963428	9999.023	8199.2213153	9499.512	2387.33836371	10500.0	3185.88400292
6.054	44.7196542158	9997.559	6829.58446719	9498.047	2047.17931813	10498.54	3493.72276696
6.055	43.5422418288	9997.559	4311.85002916	9496.582	2718.59086088	10497.07	2978.71775564
6.056	46.4218159861	9996.094	5621.82901392	9496.582	2266.74260031	10495.61	2000.43462292
6.057	46.6619036829	9994.629	7233.31970264	9495.117	3811.2304118	10495.61	3305.23969165
6.058	44.4290542574	10000.49	5268.61789469	9499.512	2348.45885602	10500.0	5029.01585264
6.059	44.9731816061	9999.023	8345.83015519	9499.512	3538.57576179	10498.54	4359.25572974
6.06	43.2715986782	9997.559	7307.01130166	9498.047	3830.74247515	10498.54	4157.05127469
6.061	42.8707761935	9997.559	7899.13834506	9496.582	3007.829061	10497.07	4360.46893197
6.062	44.0263031521	9996.094	9626.14399383	9495.117	1662.12518525	10495.61	3017.36908756
6.063	43.1130504491	9994.629	7937.56985378	9495.117	3786.3781431	10495.61	4429.67494351
6.064	45.3122153713	9994.629	9584.06526674	9493.652	2483.10035769	10494.14	3393.73813209
6.065	46.7950902318	9999.023	6145.21764956	9499.512	4430.45449609	10500.0	3179.42657896
6.066	45.6213858577	9999.023	6728.86584461	9498.047	3913.10124975	10498.54	3657.29761256
6.067	47.5053471485	9997.559	8134.02483186	9498.047	2877.08080391	10497.07	3186.16231347
6.068	45.1194053522	9996.094	7192.95342459	9496.582	3931.94614474	10497.07	3962.70367099
6.069	40.2393033224	9996.094	6247.1635338	9495.117	3622.09290793	10495.61	3754.91194542
6.07	49.7123118943	9994.629	6827.72317932	9493.652	2265.34278931	10495.61	2854.29749183
6.071	44.7769278082	9999.023	7938.79229312	9499.512	3892.8607773	10500.0	3948.16131785
6.072	48.6617771665	9999.023	7795.80399139	9498.047	3716.55116398	10498.54	3806.0396925
6.073	51.8628174527	9997.559	8884.92909866	9498.047	3332.93443446	10498.54	2583.2908168
6.074	44.6640486154	9996.094	6931.83513591	9496.582	2166.829425	10497.07	3237.79342215
6.075	47.0477026659	9996.094	8913.27719287	9495.117	2339.46707696	10495.61	3392.89662182
6.076	42.1078599672	9994.629	9883.59492953	9495.117	3140.02092787	10494.14	3293.02288092
6.077	45.3289048935	10000.49	8231.75420273	9499.512	4396.22960562	10500.0	4262.16751903
6.078	43.0855934036	9999.023	8084.58529422	9499.512	2917.7546812	10498.54	4690.78621867
6.079	46.3010280016	9997.559	7551.69913237	9496.582	1591.21012684	10497.07	3347.66587062
6.08	158.26941499	9997.559	7351.60923214	9496.582	1825.97842384	10497.07	3525.03085747
6.081	45.1320931748	9996.094	8483.03967532	9496.582	3742.34889329	10495.61	2656.91118322
6.082	41.7560197529	9994.629	8482.50749077	9495.117	3256.28220489	10495.61	3473.45224637
6.083	43.8923776947	10000.49	8596.29650588	9499.512	3861.50345379	10500.0	4307.68716218
6.084	45.0293696224	9999.023	6940.49898742	9499.512	3559.11361001	10498.54	2592.8363141
6.085	42.9757699209	9997.559	6025.64673677	9498.047	3298.89421161	10498.54	3110.38637854
6.086	47.0702465923	9997.559	5536.59495251	9496.582	2975.75252553	10497.07	2574.94724615
6.087	45.4507379165	9996.094	5494.74320182	9496.582	2065.43653074	10497.07	2345.04777393
6.088	43.4529508575	9996.094	4069.58824143	9496.582	1358.05136868	10494.14	1008.32968867
6.089	42.9920136383	9994.629	4494.31489301	9495.117	1085.43973835	10494.14	1622.2547486
6.09	44.3868102674	9999.023	2435.55772901	9499.512	1434.17436703	10500.0	1058.43672244
6.091	44.4915468127	9999.023	1810.44468186	9498.047	1075.9200796	10498.54	1563.96317221
6.092	42.8011354904	9997.559	1709.34326547	9498.047	1127.88766927	10497.07	907.326992684
6.093	43.4206059697	9996.094	889.305478084	9496.582	498.241374654	10497.07	895.569234342
6.094	47.3940015552	9996.094	547.292899354	9490.723	232.070245376	10495.61	623.033010752
6.095	46.1797295041	9979.98	396.820705454	9506.836	323.655123753	10514.65	416.788600831
6.096	47.5030997901	10038.57	259.24827156	9505.371	231.27906556	10498.54	306.640437581
6.097	47.9139866288	9999.023	687.279018964	9498.047	604.38056822	10497.07	381.317026799
6.098	133.652309305	9997.559	1378.25106268	9498.047	1145.32524222	10532.23	1128.96473541
6.099	42.3640849859	9996.094	3570.07533686	9496.582	1617.7750695	10497.07	1362.69983134
6.1	44.7588645405	9996.094	5092.41943501	9496.582	2249.51956673	10495.61	2120.63682084
6.101	44.961488033	9994.629	7255.27734163	9495.117	2367.59612351	10495.61	2818.32367009
6.102	43.5008427537	10000.49	9131.70528703	9499.512	3361.23948751	10500.0	4448.52623696
6.103	44.7419256394	9999.023	12078.754518	9499.512	3871.75916051	10498.54	5215.19645912
6.104	46.8685055987	9997.559	14894.3441819	9498.047	5587.64961793	10498.54	7469.13483041
6.105	48.733628686	9997.559	14767.6147501	9498.047	5999.75244674	10495.61	3793.69482189
6.106	45.1982250338	9996.094	21813.8406572	9495.117	5701.59793194	10497.07	6002.04374274
6.107	23608.1633742	10042.97	157521.590653	9527.344	334544.143459	10529.3	180688.398864
6.108	45.4457906522	10000.49	21824.2350434	9499.512	7700.03464573	10500.0	11083.7026488
6.109	46.1640699059	9999.023	25932.8536012	9499.512	9341.20863169	10498.54	9942.7922601
6.11	44.4237048098	9997.559	27045.8751751	9498.047	11038.122173	10498.54	10896.3082765
6.111	42.2067334131	9997.559	27029.1377157	9496.582	8402.7011911	10497.07	11149.9993244
6.112	38.5380769988	9996.094	26805.1332373	9496.582	11587.1972906	10495.61	10830.3280538
6.113	43.6926183	9994.629	24495.3137925	9495.117	11264.2505025	10495.61	13254.3448519
6.114	41.5685049907	9994.629	23259.4346631	9493.652	7774.62588552	10494.14	6570.18067924
6.115	404.014689234	9999.023	33514.1186866	9498.047	5539.10525205	10500.0	11995.2514788
6.116	6358.13698222	10035.64	28247.010298	9509.766	62377.481307	10505.86	21821.1604873
6.117	39.4493142721	9997.559	26217.9259147	9498.047	9492.02050684	10497.07	10722.0615157
6.118	37.0259846886	9996.094	25468.6313147	9496.582	10384.5035821	10497.07	9916.69129467
6.119	35.4223795554	9996.094	22650.0427708	9495.117	7568.11758175	10495.61	10615.1102777
6.12	36.354407089	9994.629	24021.5423018	9495.117	9162.0055349	10494.14	10850.4264187
6.121	37.3375320972	9999.023	21545.12242	9499.512	10407.4971088	10500.0	8519.28917364
6.122	34.6199489683	9999.023	21873.9531814	9498.047	8484.94784349	10498.54	9426.35760205
6.123	33.7929028604	9997.559	21836.9989033	9498.047	5495.81729942	10498.54	9092.22576883
6.124	32.8976970771	9996.094	17315.6561404	9498.047	4288.91891958	10495.61	6294.8398844
6.125	31.7448318905	9996.094	19299.5163826	9495.117	5846.49279828	10495.61	6893.73222668
6.126	31.8235806025	9994.629	17418.25459	9495.117	5954.35706268	10494.14	6169.41447142
6.127	33.635969336	10000.49	14413.5245193	9499.512	7175.81134741	10500.0	7847.31857516
6.128	31.3200617325	9999.023	16901.3533113	9499.512	4730.46903702	10498.54	6870.38789367
6.129	30.0405738934	9997.559	12795.3916615	9498.047	5794.63980509	10498.54	5202.86236847
6.13	65.8785141165	9997.559	12089.1121224	9496.582	4405.74365707	10497.07	5835.61866286
6.131	30.3525324834	9996.094	10408.2783343	9496.582	3256.62324415	10495.61	4431.20253864
6.132	30.4346324764	9994.629	8240.67628438	9493.652	1760.49392371	10494.14	3162.3177451
6.133	28.4968547623	10000.49	5553.73310135	9499.512	3072.10803286	10500.0	3167.04422627
6.134	43825.0661817	10048.83	142466.158367	9467.285	183913.538606	10500.0	350205.373722
6.135	27.3184847	9997.559	4741.5835174	9498.047	2525.88686147	10498.54	3110.75801222
6.136	27.0444480595	9997.559	4769.21356615	9496.582	1491.28908248	10497.07	2461.45748595
6.137	27.617528538	9996.094	6836.66834378	9496.582	2538.86485296	10495.61	2064.46622817
6.138	27.3967999599	9994.629	5643.62889452	9495.117	2585.3222814	10495.61	2144.63713102
6.139	27.1725264515	9994.629	6854.1378081	9495.117	1732.35958138	10494.14	2829.33350764
6.14	25.4092587823	9999.023	6897.99373237	9499.512	3004.78633831	10500.0	2284.61747593
6.141	26.7886216279	9999.023	6416.12313283	9498.047	2415.68874206	10498.54	3188.61904121
6.142	26.7195595668	9997.559	8314.48874271	9496.582	3639.27205968	10498.54	2250.47499288
6.143	25.3242999381	9996.094	6185.07714362	9496.582	2773.8974049	10497.07	3847.64496607
6.144	26.298753225	9996.094	6870.18753208	9495.117	3657.90740706	10495.61	3097.60210836
6.145	27.9582840315	9994.629	8369.1474723	9495.117	2670.85490714	10494.14	2958.47610076
6.146	25.8646371567	9999.023	7754.97023563	9499.512	3445.89272166	10500.0	3900.05008738
6.147	24.864669312	9999.023	7809.73178419	9498.047	2772.04250036	10498.54	3636.83691003
6.148	22.7724125062	9997.559	10046.9368941	9498.047	3135.23838293	10497.07	3444.83191218
6.149	24.6902213336	9996.094	10739.1944522	9496.582	3193.75728125	10497.07	3533.8428102
6.15	25.1212961126	9996.094	8941.46226577	9496.582	2930.8301375	10495.61	2173.13101701
6.151	24.7761604492	9994.629	11421.9935999	9493.652	2302.32980011	10495.61	3941.97327391
6.152	23.1762445829	10000.49	9885.1433521	9499.512	3445.3708782	10500.0	5158.19941055
6.153	23.7855726234	9999.023	11731.7899587	9499.512	3538.49062673	10498.54	4457.69800841
6.154	23.3788340642	9997.559	12028.4811451	9498.047	5338.66949052	10498.54	5281.1214205
6.155	25.0986528767	9997.559	11291.4544703	9496.582	4694.11836618	10497.07	4728.84741275
6.156	24.1068760788	9996.094	15683.3398035	9496.582	5394.35066611	10495.61	6260.43248403
6.157	22.8230985315	9994.629	15213.2681276	9495.117	6040.93633616	10495.61	6546.83475103
6.158	24.6207929633	10000.49	17757.2989679	9499.512	6698.88376564	10500.0	7138.14034309
6.159	23.664874463	9999.023	21129.19083	9498.047	5877.26702951	10500.0	7534.3969025
6.16	25.6614713886	9997.559	17923.6404369	9499.512	4016.15594016	10497.07	5876.12018221
6.161	24.775413626	9997.559	20854.3599043	9496.582	7973.24620358	10497.07	8630.13277543
6.162	23.432089925	9996.094	21836.1373867	9496.582	8636.23117259	10495.61	9300.0595285
6.163	24.2164885448	9994.629	19980.1717398	9495.117	10454.2593248	10495.61	10001.3806647
6.164	24.9958888776	9994.629	23815.1980022	9495.117	8431.16234847	10494.14	10510.8163983
6.165	24.6406854449	9999.023	25462.6337796	9499.512	9533.33495539	10500.0	9697.09146458
6.166	22.5442001766	9999.023	23791.9169474	9498.047	9314.76751174	10498.54	11522.3989309
6.167	22.8239659765	9997.559	26281.6050234	9498.047	8271.57650011	10497.07	9787.35402246
6.168	22.2970558148	9996.094	21850.6778006	9495.117	4455.86381054	10495.61	7687.51970301
6.169	23.7330353492	9996.094	18891.2727681	9496.582	7295.11328631	10494.14	4484.26770333
6.17	22.663487828	9994.629	19277.8629383	9495.117	6115.92940714	10494.14	8627.67263156
6.171	22.4992849822	9999.023	15150.6555413	9499.512	6837.87079668	10500.0	6601.34688145
6.172	21.0173828899	9999.023	13521.1639983	9498.047	5683.58481604	10498.54	6617.94341207
6.173	23.2019690428	9997.559	11990.4335223	9498.047	4723.61234006	10497.07	4520.88214683
6.174	20.7799537167	9996.094	10045.5758196	9496.582	4892.65762868	10497.07	4023.02245103
6.175	19.6026099854	9996.094	10413.3236402	9495.117	3852.54366723	10495.61	5959.29459832
6.176	20.1191854474	9994.629	10073.2678374	9495.117	2826.37968617	10495.61	3302.67371768
6.177	22.780308024	10000.49	9134.34353134	9499.512	3348.20623435	10500.0	4765.1862529
6.178	26.3842343929	9999.023	7660.49987065	9499.512	3603.15907125	10498.54	4280.75484097
6.179	23.0453268094	9997.559	9513.24863549	9498.047	3728.96126453	10498.54	3232.26287999
6.18	22.9885567023	9997.559	8042.02850326	9496.582	2983.3106534	10497.07	3606.27794485
6.181	20.9170148264	9996.094	8221.87451596	9496.582	2577.4081242	10495.61	3055.54503084
6.182	21.724878128	9994.629	7142.77229323	9495.117	3000.34202924	10495.61	2954.76932355
6.183	22.5347774857	10000.49	7567.97679884	9499.512	2732.16834749	10500.0	3234.09811159
6.184	20.3708218719	9999.023	8791.61891671	9499.512	2623.76357014	10498.54	3039.65028022
6.185	22.1992569727	9997.559	6596.71462554	9498.047	2515.21199746	10498.54	3428.88842091
6.186	22.7351038733	9997.559	7656.05482927	9496.582	2530.01856338	10497.07	3165.22956738
6.187	32.3532210579	9996.094	7186.12108214	9496.582	3005.44685895	10495.61	3556.14318171
6.188	22.7975200406	9994.629	6829.94301677	9495.117	3481.54018292	10495.61	3465.42425426
6.189	21.7701602018	9994.629	8935.2065782	9493.652	3044.07402326	10494.14	3563.13778017
6.19	25.3848615037	9999.023	8153.95191467	9499.512	3398.65507474	10500.0	2868.76825518
6.191	24.3119946647	9999.023	8054.33334091	9498.047	4035.21500175	10498.54	3412.80622775
6.192	24.0916032939	9997.559	9905.29336982	9498.047	3954.9335965	10497.07	3867.18172786
6.193	23.2431081668	9996.094	10454.357759	9496.582	4614.32118001	10497.07	4114.84890154
6.194	24.7998007148	9996.094	9305.08477785	9495.117	3561.71877668	10495.61	5130.16116719
6.195	24.2444734067	9994.629	9592.72813964	9493.652	3439.003084	10495.61	2901.37275363
6.196	25.9601039555	9999.023	10692.6577251	9499.512	3502.20359391	10500.0	2583.84980116
6.197	26.518186751	9999.023	9436.75467053	9498.047	3746.23062048	10498.54	4418.32401817
6.198	26.7588127239	9997.559	10922.0244932	9498.047	3661.18830336	10497.07	3885.19710014
6.199	27.5941511611	9996.094	9641.21849259	9496.582	4031.03979308	10497.07	4157.35728951
6.2	76.0980408517	9996.094	10020.6067879	9496.582	4514.43966734	10495.61	6160.99220276
6.201	28.6700894634	9994.629	10037.2859963	9495.117	3572.85776801	10495.61	3161.64281192
6.202	26.6926678863	10000.49	8250.83045842	9499.512	2684.85148853	10500.0	4032.90221136
6.203	28.411540801	9999.023	8535.6930951	9499.512	2091.32032278	10498.54	3510.56906702
6.204	24.9278167426	9997.559	7483.76700986	9498.047	3070.01369278	10498.54	3416.60380782
6.205	26.3576983523	9997.559	7351.20817743	9498.047	3328.51265768	10498.54	1301.40997291
6.206	26.9600374648	9996.094	8059.28062528	9496.582	3356.3982517	10495.61	3324.43868969
6.207	26.3278616793	9994.629	6950.30820786	9495.117	3036.84088772	10495.61	2557.36293666
6.208	27.3588962683	10000.49	8728.85409509	9499.512	2309.27626467	10500.0	3990.68076847
6.209	25.4298420156	9999.023	9210.9486245	9499.512	2109.04790774	10498.54	2815.15839037
6.21	1747.12956013	9990.234	11084.9883162	9508.301	12769.3231871	10488.28	9959.36573733
6.211	25.0616156349	9997.559	8226.53380553	9496.582	2497.61110612	10497.07	3432.23941001
6.212	26.9872965914	9996.094	8631.53398095	9496.582	3331.24943566	10495.61	3293.90560489
6.213	58.2736800057	9994.629	7905.49630819	9495.117	3303.3004804	10495.61	2699.39228531
6.214	27.9362956204	9994.629	6167.61211057	9495.117	2870.25484293	10495.61	2373.5729791
6.215	26.8198177947	9999.023	6333.77315647	9499.512	1620.02929998	10498.54	3499.45639845
6.216	27.9197374094	9999.023	7015.9799991	9498.047	2933.99017877	10498.54	3652.02879411
6.217	27.1180584327	9997.559	7733.50373453	9498.047	2628.81939619	10497.07	3859.76226147
6.218	26.3982304543	9996.094	6098.0903937	9496.582	2766.38046157	10497.07	2290.61724368
6.219	29.1889215625	9996.094	6188.84724928	9495.117	2477.77822128	10495.61	2736.75172749
6.22	28.9048914074	9994.629	6856.18848922	9495.117	2191.03752828	10494.14	2377.51514484
6.221	70.2530202427	9999.023	7122.16103144	9499.512	2885.20496688	10500.0	2362.87135407
6.222	30.4145937268	9999.023	5459.66721352	9498.047	1958.11790309	10498.54	2106.98706942
6.223	31.4023131201	9997.559	4448.13029892	9496.582	1219.34520061	10498.54	1931.60649839
6.224	459.481366718	9996.094	7193.15407564	9502.441	3332.39808589	10495.61	4669.57208874
6.225	69.7715760673	9996.094	3643.52395952	9495.117	1299.49163163	10495.61	1961.48964379
6.226	30.470193504	9994.629	2623.11328512	9495.117	407.569765167	10495.61	1146.35976529
6.227	29.0675699539	10000.49	2769.67422105	9499.512	748.165491561	10500.0	1034.68683753
6.228	31.9145588895	9999.023	2235.715156	9499.512	876.224828204	10498.54	1412.34607941
6.229	31.1905063872	9997.559	3287.05571097	9498.047	1358.96292402	10498.54	1616.30701048
6.23	32.1959155369	9997.559	2459.56419439	9496.582	1511.58740478	10497.07	1091.73740322
6.231	34.9417965472	9996.094	3256.95488231	9496.582	1585.63235014	10495.61	957.832307547
6.232	43.5703591425	9994.629	3168.44379618	9493.652	835.96333106	10495.61	1181.95006976
6.233	110.071225441	10000.49	4479.93544813	9499.512	1329.78651801	10453.12	578.898969302
6.234	2317.18595144	10010.74	14839.416891	9539.062	19966.9163322	10456.05	15168.5810908
6.235	126.03249652	9997.559	3594.66171263	9498.047	3087.66948916	10536.62	1755.68819673
6.236	40.4057017539	9997.559	2019.13664856	9496.582	913.402966189	10497.07	1401.12101928
6.237	34.9686932636	9996.094	3094.54467451	9496.582	841.702450057	10495.61	988.091600334
6.238	33.1991740545	9994.629	1867.8683226	9495.117	908.273687937	10495.61	1451.23497012
6.239	33.557351436	9994.629	2391.14082362	9495.117	1592.9505938	10494.14	1174.92547783
6.24	37.9059347199	9999.023	2122.6954807	9499.512	1125.0828358	10500.0	708.809617101
6.241	45.8936929062	9999.023	3533.57971708	9498.047	560.686201353	10498.54	1239.53090178
6.242	48.2743735009	9997.559	2787.02286664	9498.047	697.574118158	10498.54	1084.37430912
6.243	41.9725794696	9996.094	2830.6654795	9496.582	559.839964377	10495.61	1112.0637963
6.244	40.1684003944	9996.094	1623.90723347	9495.117	1312.59710417	10495.61	1108.64047781
6.245	43.3091570053	9994.629	2668.32423108	9495.117	1156.34485621	10494.14	785.229310085
6.246	42.677792855	9999.023	2205.10839901	9499.512	2132.75006	10500.0	1310.9908727
6.247	62.1061971002	9999.023	2307.42520009	9498.047	1008.51198853	10498.54	1477.61278088
6.248	40.7169499249	9997.559	2874.56644056	9498.047	1080.53193504	10497.07	1911.7910599
6.249	41.4118487036	9996.094	3130.67927716	9496.582	1460.68982045	10497.07	1300.35303164
6.25	39.5333909209	9996.094	4159.68544999	9496.582	1767.93613996	10497.07	1381.01923447
6.251	37.5315480835	9994.629	4764.17561439	9495.117	1559.980649	10494.14	2301.08272229
6.252	48.9736629668	10000.49	4059.78424435	9499.512	1671.65246773	10500.0	2462.88403419
6.253	38.2774594496	9999.023	5016.18342589	9498.047	2095.91028442	10498.54	2459.74613669
6.254	40.5156823737	9997.559	4863.27759728	9498.047	1789.22191134	10498.54	1233.34950644
6.255	40.0622110808	9997.559	4011.52522157	9496.582	1703.92149984	10497.07	2258.37365477
6.256	39.8518405967	9996.094	4602.55444593	9496.582	1351.86238173	10495.61	1343.26111592
6.257	40.6310139756	9994.629	3466.37128743	9495.117	1425.03283879	10495.61	2344.27223839
6.258	41.4768403887	10000.49	4583.14343405	9499.512	1256.79518967	10501.46	966.312367266
6.259	38.9662835337	9999.023	4004.22024153	9498.047	1457.83809377	10498.54	1812.54524683
6.26	51.3603584149	9997.559	2806.33944214	9498.047	1129.71124267	10498.54	1137.80814565
6.261	44.7728028302	9997.559	3486.03185135	9496.582	1597.30360339	10497.07	1735.089682
6.262	44.2282805778	9996.094	3357.95348093	9496.582	1831.07290635	10495.61	1450.62476971
6.263	258.452005934	9994.629	4051.7626473	9495.117	2425.59481919	10494.14	2279.46265246
6.264	44.22512141	9994.629	3325.3641638	9495.117	1062.17403174	10494.14	1357.59216137
6.265	47.8397777093	9999.023	2910.016052	9499.512	1423.92652326	10500.0	788.371190353
6.266	47.6202793039	9999.023	2607.64765571	9498.047	944.224841795	10495.61	1447.64005454
6.267	834.085561698	10041.5	5860.26040207	9525.879	4590.02531955	10542.48	5445.24539678
6.268	48.3110542931	9996.094	2683.4131576	9496.582	1302.76117691	10497.07	1695.60731658
6.269	47.9394910765	9996.094	3191.27795623	9495.117	687.634339767	10495.61	936.906209934
6.27	53.1608369898	9994.629	2592.50867305	9495.117	1094.76318273	10494.14	1117.37353152
6.271	55.6163011024	9999.023	2309.07326218	9499.512	1759.25617005	10500.0	1131.12054228
6.272	54.8391961957	9999.023	3521.83144952	9498.047	1023.87236052	10498.54	1217.76218884
6.273	58.6219967957	9997.559	4280.4086537	9498.047	1651.45971584	10497.07	898.270166733
6.274	55.3466339117	9996.094	2922.26295554	9496.582	1154.52050543	10497.07	1668.71184636
6.275	53.9949298076	9996.094	3607.3054616	9495.117	1479.65924515	10495.61	1131.35095834
6.276	62.0547452974	9994.629	5405.90935277	9493.652	1550.24627587	10494.14	1792.77328002
6.277	64.0934052953	10000.49	4498.74847995	9499.512	1997.64762921	10500.0	2102.03961159
6.278	59.3911488515	9999.023	6199.57500546	9499.512	3068.68690987	10498.54	3322.21057267
6.279	58.8962039625	9997.559	6170.44096877	9498.047	1845.46437667	10498.54	2109.854302
6.28	62.3449498536	9997.559	3998.50181413	9496.582	2603.86082438	10497.07	3002.52478737
6.281	65.3530349279	9996.094	5572.60882344	9496.582	1929.34277124	10495.61	2294.18317703
6.282	65.6806554746	9994.629	5181.31978053	9495.117	2442.42120052	10495.61	2049.70874951
6.283	60.7193329116	10000.49	5168.32102175	9499.512	2588.80125244	10500.0	1573.76063986
6.284	67.4677452292	9999.023	6854.37646232	9498.047	1464.97373057	10500.0	2309.01910504
6.285	94.3807580373	9997.559	4434.3160463	9498.047	1869.97693463	10498.54	2490.14431799
6.286	67.6139077067	9997.559	5567.7417641	9498.047	2254.93464391	10497.07	2038.45531633
6.287	67.5044876259	9996.094	3009.47523398	9496.582	1412.04345971	10495.61	1393.90170756
6.288	71.2786069792	9994.629	2087.50365414	9495.117	1086.83716572	10495.61	2075.01504238
6.289	66.8097652439	9994.629	2868.59986574	9495.117	1393.55228276	10494.14	1750.69962634
6.29	70.1793151485	9999.023	2589.50808073	9499.512	1233.37916507	10500.0	981.333804664
6.291	70.6362063797	9999.023	3016.80219754	9498.047	865.786972671	10498.54	998.210144948
6.292	71.7626191093	9997.559	3300.90381322	9496.582	808.464988832	10498.54	859.794467129
6.293	71.8699800401	9996.094	3384.54444133	9495.117	705.365838372	10495.61	1573.70214231
6.294	72.2206533405	9996.094	3852.82930907	9495.117	1105.05807048	10495.61	931.914078968
6.295	68.1335948202	9994.629	4886.52769836	9495.117	2254.70459741	10494.14	1681.51594457
6.296	73.3026278163	9999.023	3826.88962052	9499.512	1515.08906182	10500.0	1111.7925232
6.297	72.5671982212	9999.023	4391.13128473	9498.047	1040.08917479	10498.54	2226.56842189
6.298	74.1442059522	9997.559	3013.00947903	9498.047	1195.30599803	10497.07	2033.18546129
6.299	68.4476506022	9997.559	4342.9149023	9496.582	1522.73171697	10497.07	1464.30722308
6.3	72.1612430349	9996.094	5285.51275516	9495.117	1196.30252843	10495.61	1755.39079335
6.301	68.9647153683	9994.629	3233.57045805	9493.652	1106.22868307	10494.14	1891.32484872
6.302	74.4903678144	10000.49	3684.99911294	9500.977	1547.33966722	10497.07	641.889655421
6.303	76.4817117459	9999.023	3646.14687002	9498.047	1246.16071654	10498.54	919.583111538
6.304	76.2683697266	10041.5	691.28954488	9536.133	465.765312186	10523.44	521.310777723
6.305	71.5517378475	9962.402	612.470560882	9457.031	335.228420727	10526.37	643.700100181
6.306	80.3660415546	9996.094	1606.59064095	9496.582	861.884395898	10495.61	1308.87643372
6.307	69.5752108683	9994.629	1843.54100537	9495.117	529.806532712	10495.61	1260.65610523
6.308	82.0863763062	10000.49	807.506165806	9518.555	395.556225585	10545.41	618.819799447
6.309	67.7810603521	9999.023	984.601771678	9534.668	436.707002685	10463.38	284.851858632
6.31	73.2644552639	9997.559	629.258297612	9492.188	495.96423926	10476.56	239.02936423
6.311	71.1133458806	9997.559	1292.89828618	9546.387	417.243962105	10542.48	616.304876785
6.312	76.4688140077	9996.094	1748.56683503	9492.188	636.102500564	10494.14	524.837614546
6.313	9614.30057744	9999.023	35976.6165109	9515.625	77373.511245	10517.58	76935.0826916
6.314	77.9023295496	9994.629	782.760849968	9493.652	628.771574305	10492.68	523.886041502
6.315	79.0746516638	9999.023	1521.07577998	9499.512	547.358408984	10500.0	612.358698603
6.316	76.4685603365	9999.023	1804.05330379	9498.047	1045.03741908	10498.54	839.328071404
6.317	81.2761101372	9997.559	2335.71482768	9496.582	1651.88586411	10497.07	755.836750102
6.318	74.3057190527	9996.094	2177.02432441	9496.582	1253.45654607	10497.07	955.276600131
6.319	68.5985490011	9996.094	3811.30170531	9495.117	1067.94964267	10495.61	1493.82177585
6.32	74.9207282176	9994.629	3158.84284588	9495.117	1222.32677428	10494.14	1261.35302429
6.321	95.1816602493	9999.023	4911.19751988	9499.512	1496.7381607	10500.0	1514.01923944
6.322	74.1508443426	9999.023	3999.66674157	9498.047	1445.29353887	10498.54	1833.73363039
6.323	77.3350842589	9997.559	5213.71818326	9498.047	2500.70746328	10498.54	1292.00081622
6.324	75.3873775905	9997.559	5177.67687414	9496.582	2026.26020194	10497.07	1986.01146248
6.325	74.4989195494	9996.094	8210.40370858	9496.582	2454.95208572	10495.61	3097.2315956
6.326	71.3472418162	9994.629	7761.44802693	9496.582	2203.96209501	10494.14	3757.84881753
6.327	72.8361230835	10000.49	8456.22051575	9500.977	2294.83183114	10498.54	2258.29647879
6.328	71.5404028839	9999.023	10592.8076321	9499.512	3541.30530987	10498.54	3939.70832242
6.329	80.8142603522	9997.559	10339.8332277	9498.047	3936.59316219	10498.54	3820.51356758
6.33	72.9665591099	9997.559	9832.25680439	9496.582	4598.582799	10497.07	3417.20244262
6.331	77.7231943684	9996.094	11785.8014756	9496.582	3819.72045808	10495.61	3917.71374562
6.332	78.2608591432	9994.629	10562.3281269	9495.117	6923.32318596	10495.61	5440.71228664
6.333	78.5907456596	10000.49	11182.2128971	9499.512	6055.78809572	10500.0	4499.48161329
6.334	75.9955924369	9999.023	14044.3156817	9499.512	4634.0900999	10498.54	6164.55301301
6.335	80.4597313428	9997.559	14250.0721974	9498.047	6095.08450282	10498.54	5323.76653802
6.336	78.6519904772	9997.559	13151.357963	9496.582	6390.39930608	10497.07	7376.60966379
6.337	79.2844510022	9996.094	15410.5990284	9496.582	5815.39588639	10495.61	5930.97371641
6.338	84.6326984083	9994.629	12744.9757082	9495.117	5382.68769421	10495.61	6030.64724147
6.339	77.2258843016	9994.629	15217.9876203	9495.117	5139.65283336	10494.14	7175.71242184
6.34	74.0298321786	9999.023	18015.9191953	9499.512	7168.03199481	10500.0	7672.12977948
6.341	76.8574697299	9999.023	15913.9925551	9498.047	8502.99061076	10498.54	8427.66940445
6.342	80.0071651326	9997.559	18126.928047	9498.047	7954.18500462	10497.07	7568.04566209
6.343	74.1855810424	9996.094	17678.9266821	9496.582	3952.59603383	10497.07	6128.88479818
6.344	74.8596586975	9996.094	14832.4899637	9496.582	5117.61046635	10494.14	4254.6639469
6.345	78.3868687413	9994.629	21246.2860244	9495.117	7521.1039084	10494.14	8646.02516064
6.346	82.337981088	9999.023	15876.4082238	9499.512	8999.37347443	10500.0	9735.29184461
6.347	77.3132301417	9999.023	22257.0715772	9498.047	9405.23192944	10498.54	10885.7922227
6.348	79.4188746666	9997.559	20538.3740141	9498.047	8916.06482589	10497.07	9275.21947588
6.349	82.4515256255	9996.094	21614.1109689	9496.582	8350.84603464	10497.07	12513.8647774
6.35	86.3064793093	9996.094	25653.3190726	9495.117	7469.47659147	10495.61	10106.345977
6.351	81.9232974884	9994.629	27163.4120522	9495.117	9444.61995906	10494.14	11019.2366085
6.352	79.1416282197	10000.49	27267.9489994	9499.512	8157.66647689	10500.0	7257.21205328
6.353	82.5306046722	9999.023	34043.463275	9499.512	8612.24524387	10498.54	13329.4180733
6.354	77.4510586889	9997.559	32427.4363896	9498.047	12026.9849336	10497.07	13489.6515202
6.355	86.3537229548	9997.559	28193.6104845	9496.582	13471.5934201	10497.07	15146.9502524
6.356	102.513227608	9996.094	39360.0059235	9496.582	12169.539365	10495.61	17099.0225204
6.357	94.5377476138	9994.629	38311.2086254	9495.117	13007.2123273	10495.61	12267.7341905
6.358	91.6743747213	10000.49	34940.236297	9499.512	13811.4768585	10500.0	12839.0240846
6.359	91.0866928314	9999.023	37158.7326067	9499.512	14047.8581694	10498.54	13407.6336506
6.36	85.6213124041	9997.559	28601.059776	9498.047	14024.2752357	10498.54	15099.4524999
6.361	87.2945829378	9997.559	26828.8350353	9496.582	8863.39482738	10497.07	9388.78417754
6.362	90.6866371298	9996.094	28151.5719418	9496.582	9165.80193386	10497.07	10816.75576
6.363	319.527290084	9996.094	27061.5991705	9495.117	8697.18245724	10495.61	10293.40481
6.364	254.101946837	9994.629	29925.5343003	9493.652	10205.0550011	10494.14	12110.6288484
6.365	90.8555768586	9999.023	23716.0689706	9499.512	10798.1721484	10500.0	11351.8561418
6.366	88.876462676	9999.023	25004.2170032	9498.047	8232.41508072	10498.54	10488.0557055
6.367	91.9020842235	9997.559	24271.8855686	9498.047	9272.29688707	10497.07	11385.3864511
6.368	85.1726417969	9996.094	24711.5909323	9496.582	12055.9558782	10497.07	10482.097202
6.369	83.7389483711	9996.094	24541.3280609	9495.117	6969.73550669	10495.61	12883.2959633
6.37	87.7154798522	9994.629	28628.7598548	9495.117	9912.26116877	10494.14	11338.5354441
6.371	81.3446179501	9999.023	23169.8335541	9500.977	4258.7295799	10498.54	7174.97287495
6.372	84.0953066695	9999.023	25232.4770074	9498.047	10805.4852649	10498.54	7760.39426596
6.373	89.1625322674	9997.559	32831.4432457	9498.047	11856.8857104	10497.07	12445.3119158
6.374	86.665544462	9996.094	26633.8643718	9496.582	12698.2795911	10497.07	11986.4034568
6.375	81.8497396768	9996.094	27706.4662529	9495.117	12099.517669	10495.61	12991.8199038
6.376	76.106627408	9994.629	29862.3898992	9495.117	11447.789176	10495.61	12065.6040631
6.377	76.0876812506	10000.49	24153.3296096	9499.512	10976.7719129	10500.0	14100.7964709
6.378	82.9652945555	9999.023	30701.0706614	9499.512	12142.7537491	10498.54	10534.3278819
6.379	80.2945496897	9997.559	26906.8726347	9498.047	7705.10871073	10498.54	10406.594074
6.38	78.1669781242	9997.559	24811.0958651	9498.047	8469.46298807	10495.61	7001.92999562
6.381	81.4498402251	9996.094	28842.9572208	9496.582	8863.80924352	10495.61	10052.6892403
6.382	74.7547320556	9994.629	22573.938958	9495.117	12836.0324877	10495.61	10605.0607045
6.383	77.0211634553	10000.49	24519.4930653	9499.512	9979.04484914	10500.0	14078.8759034
6.384	75.5262680589	9999.023	23138.2455163	9499.512	9960.76642216	10498.54	10537.3436498
6.385	77.648800915	9997.559	22642.500573	9498.047	10705.7227419	10498.54	8895.65472164
6.386	71.5408031468	9997.559	20877.3812905	9496.582	7678.62800716	10497.07	11217.9558539
6.387	76.8392868903	9996.094	20254.5545154	9496.582	9269.3346363	10495.61	7082.64326465
6.388	75.2250348098	9994.629	13247.0154479	9495.117	6407.2077802	10495.61	7726.90578357
6.389	73.6419446839	9994.629	18957.442025	9493.652	5680.84675956	10494.14	9525.44725998
6.39	77.273024191	9999.023	17609.3658642	9499.512	7039.58351544	10500.0	8783.29063684
6.391	72.9859044677	9999.023	14274.3523425	9498.047	9063.38418617	10498.54	7697.02545683
6.392	80.2926802928	9997.559	17756.7421275	9498.047	4528.46192137	10497.07	7339.85048495
6.393	99.1831789891	9996.094	14686.8629007	9496.582	4622.3628377	10497.07	5824.41188542
6.394	77.7860591649	9996.094	14292.6371973	9495.117	6995.7707851	10495.61	6686.13929983
6.395	84.1122107293	9994.629	17424.0116327	9495.117	6310.59653927	10494.14	6423.59096423
6.396	84.0611313183	9999.023	15334.9794919	9499.512	6173.98543328	10500.0	7259.62155488
6.397	89.6297993938	9999.023	14821.891593	9498.047	6515.83961162	10498.54	7515.74985526
6.398	104.041248301	9997.559	16186.2798929	9498.047	5550.73740386	10497.07	5913.05822121
6.399	308.69681932	9996.094	15667.7256057	9498.047	6832.46997651	10497.07	6527.98498247
6.4	28355.916701	9968.262	185458.981749	9461.426	232564.979587	10495.61	167424.497845
6.401	304.554360147	9994.629	15295.7798224	9495.117	11088.9529993	10494.14	6151.72332204
6.402	96.7045294984	10000.49	14855.537343	9499.512	6953.85371143	10500.0	8177.81397658
6.403	85.4472156612	9999.023	17357.9426488	9499.512	8515.61944933	10498.54	6326.01264737
6.404	80.2176100338	9997.559	18507.3332833	9498.047	7569.1969522	10498.54	8585.01244338
6.405	76.3132600934	9997.559	21901.8898713	9496.582	10248.3936804	10497.07	7675.73899203
6.406	77.4552567004	9996.094	22757.8841773	9496.582	8318.88565604	10495.61	9427.76585769
6.407	75.2960408511	9994.629	24546.7932154	9493.652	5203.89646843	10494.14	9258.90768339
6.408	76.9286264453	10000.49	28032.5217428	9499.512	10999.5503451	10500.0	10959.038687
6.409	76.0874176064	9999.023	26794.1454092	9499.512	11219.5414009	10498.54	12230.3768492
6.41	79.1475092598	9997.559	27282.603213	9498.047	13453.2826295	10498.54	12770.294508
6.411	75.7770852135	9997.559	28554.8973387	9496.582	10516.2478852	10497.07	13363.1334989
6.412	76.5584663913	9996.094	31896.7151946	9496.582	13100.9084563	10495.61	12414.1077346
6.413	1429.53697048	9994.629	33436.2350245	9511.23	8424.0823661	10539.55	13275.6296853
6.414	80.3679355409	9994.629	30483.1030854	9495.117	12754.0143694	10494.14	17502.7561671
6.415	81.6372231621	9999.023	32539.4314417	9498.047	7945.43304084	10498.54	14806.4425807
6.416	91.1628062704	9999.023	30449.8338055	9498.047	12295.5326937	10498.54	10300.7914802
6.417	87.4599281059	9997.559	42742.2997166	9498.047	11838.8745621	10497.07	13677.2833375
6.418	82.3061884683	9996.094	37199.9765086	9496.582	12365.044052	10497.07	14544.9372972
6.419	80.2661490475	9996.094	32434.3829774	9495.117	10812.9369899	10495.61	15230.1810809
6.42	82.5876892442	9994.629	28068.0613548	9495.117	9742.20276703	10494.14	13722.780128
6.421	86.3696712382	9999.023	19690.3895291	9499.512	8805.94576638	10500.0	7883.13274522
6.422	85.6450895038	9999.023	18685.6375278	9498.047	6525.2279848	10498.54	8954.83210108
6.423	85.6036511369	9997.559	13364.899331	9498.047	4996.53286638	10497.07	5949.12849019
6.424	77.4426110858	9996.094	9653.34854509	9496.582	6053.48809282	10497.07	4104.02954637
6.425	73.9197231668	9996.094	8464.8712626	9496.582	5649.46599274	10495.61	3908.61036682
6.426	80.6358997484	9994.629	10929.8341437	9495.117	3632.69542285	10495.61	4137.42437435
6.427	304.300875301	10000.49	9325.13699781	9489.258	3008.32443833	10529.3	1818.51317712
6.428	71.6060193512	9999.023	8958.21168911	9499.512	2976.85917353	10498.54	3139.64856201
6.429	66.5638953164	9997.559	9511.34694784	9498.047	2970.08409898	10498.54	3667.26146443
6.43	198.505530526	9997.559	7112.87223719	9509.766	1407.12081136	10453.12	1065.91189488
6.431	76.1570982934	9996.094	6726.20270122	9496.582	2646.18948909	10495.61	3038.64462541
6.432	81.8567520185	9994.629	7898.0301235	9495.117	4117.41428119	10495.61	3755.1469633
6.433	87.5163081803	10000.49	6203.49521827	9500.977	2114.53579427	10500.0	2923.9680537
6.434	86.9403038504	9999.023	4695.01959269	9499.512	1713.13539726	10500.0	2556.50617458
6.435	90.8454085469	9997.559	2926.28323016	9498.047	1514.51345371	10498.54	2673.25293666
6.436	231.962120568	9997.559	6587.08648116	9496.582	3344.845462	10497.07	3257.08779389
6.437	89.6856419755	9996.094	4665.0666513	9496.582	1648.84020906	10495.61	1801.68551304
6.438	99.9653210089	9994.629	1558.06112079	9495.117	1761.36062826	10495.61	735.892933331
6.439	100.422570582	9994.629	1424.53713239	9549.316	680.9643082	10494.14	1489.88939165
6.44	101.164116553	9999.023	1867.84936943	9499.512	1115.81787694	10500.0	673.171406078
6.441	97.9228162151	9999.023	1566.69003988	9522.949	781.716597324	10498.54	1686.45252901
6.442	101.936805861	9997.559	2742.02963587	9496.582	992.570630772	10497.07	1369.07595854
6.443	94.1942851969	9996.094	3710.16557598	9495.117	1004.85268836	10497.07	1278.95710201
6.444	97.7826659182	9996.094	3345.00836894	9496.582	1909.33053813	10495.61	994.787810516
6.445	4141.32293571	10035.64	17947.9948744	9477.539	24835.7669252	10541.02	19203.0062001
6.446	88.5548542961	9999.023	4540.57709366	9499.512	1550.44435968	10500.0	1483.05249889
6.447	107.476300234	9999.023	4749.18532375	9499.512	3105.74868353	10498.54	1638.65148809
6.448	77.6201404056	9997.559	4595.17673371	9498.047	1836.1542775	10497.07	2461.47080101
6.449	80.4354109512	9996.094	3803.6009283	9496.582	1075.83261646	10497.07	1998.76041915
6.45	73.9369973033	9996.094	5663.03793888	9495.117	2419.81210949	10495.61	1200.93647176
6.451	72.5772646211	9994.629	6697.53511171	9495.117	1278.10529151	10494.14	3023.64100028
6.452	74.858651593	10000.49	5782.44520204	9500.977	922.797850211	10501.46	844.745184985
6.453	70.1590108608	9999.023	4830.87042208	9499.512	1606.01113769	10498.54	2024.72823627
6.454	136.025708142	9997.559	5972.0797509	9498.047	1523.52340658	10498.54	2680.95005216
6.455	77.7406045748	9996.094	4231.37039442	9496.582	1333.25399357	10497.07	2219.65957168
6.456	76.1417755496	9996.094	5749.61547035	9496.582	1511.37661723	10495.61	1839.86454635
6.457	79.2330491272	9994.629	4642.19853441	9495.117	1855.37239652	10495.61	2082.73710667
6.458	75.9543963342	10000.49	5112.14765668	9499.512	2053.9872218	10500.0	2104.82647434
6.459	79.6773832843	9999.023	3523.48371851	9499.512	2375.83911302	10498.54	2137.42955261
6.46	72.6219938061	9997.559	2014.17012211	9499.512	947.532730874	10498.54	1378.57018438
6.461	76.8701340578	9997.559	4271.41086629	9496.582	1711.21168581	10497.07	1124.98926258
6.462	76.8134373437	9996.094	4473.08180145	9496.582	1537.34740919	10495.61	1185.44889625
6.463	147.259332097	9994.629	3687.73388012	9500.977	690.740806305	10505.86	1086.08713415
6.464	105.13028623	9994.629	2897.90844873	9495.117	1095.1582047	10494.14	698.590121679
6.465	77.0414455492	9999.023	2322.60664554	9499.512	1831.33861324	10498.54	1507.4290753
6.466	90.852178916	9997.559	2843.58618177	9498.047	912.870024368	10498.54	1149.26005887
6.467	75.345726472	9997.559	712.322660765	9498.047	1682.42404046	10497.07	1104.84676666
6.468	73.698483333	9996.094	1702.1990152	9496.582	1706.64614776	10497.07	769.145983059
6.469	70.9049684746	9996.094	1708.18165757	9509.766	474.973221223	10500.0	1155.755311
6.47	69.0286661974	9994.629	1777.74871959	9522.949	665.344626121	10495.61	457.538420958
6.471	73.6082810523	9999.023	1718.9643881	9517.09	292.841915704	10500.0	1403.28511322
6.472	73.4789945738	10041.5	378.910053738	9498.047	849.379836053	10536.62	640.074419149
6.473	66.484404782	9997.559	1223.28738852	9498.047	468.089543233	10508.79	266.793264836
6.474	66.7738616492	9966.797	410.376325124	9496.582	645.348103616	10548.34	409.73036459
6.475	62.5475723406	9996.094	457.706797888	9511.23	333.792997985	10495.61	572.799224515
6.476	62.9088551864	9994.629	488.249222841	9495.117	420.243118597	10535.16	598.488483996
6.477	67.1009036387	10000.49	718.64867492	9499.512	382.358153417	10535.16	453.947874143
6.478	61.2816209955	10019.53	749.237059767	9536.133	596.300468331	10476.56	314.282115731
6.479	62.5998556504	9997.559	751.750395086	9549.316	271.75403151	10500.0	461.560947273
6.48	59.3075547936	9997.559	1164.0149828	9461.426	454.958792255	10505.86	448.800484976
6.481	65.8914653406	9996.094	331.221483486	9465.82	503.541923382	10505.86	311.851431732
6.482	566.045810351	9966.797	5540.49366581	9496.582	3350.01138458	10501.46	4009.37649584
6.483	59.8292959182	10000.49	508.996942786	9499.512	381.468165753	10511.72	248.418125615
6.484	60.4933358859	9999.023	705.949380817	9540.527	326.423217516	10508.79	481.547716233
6.485	57.9980561787	9952.148	437.044186907	9518.555	561.225637462	10498.54	497.913231898
6.486	58.4582917071	10032.71	274.809795924	9514.16	406.445796455	10526.37	282.934731949
6.487	65.2555443965	9996.094	1090.93323637	9534.668	365.507900483	10543.95	642.676696179
6.488	71.7135446909	9994.629	472.423034215	9492.188	629.131115723	10482.42	285.807981837
6.489	58.3587554015	9994.629	1164.72132799	9495.117	706.014056142	10494.14	488.446727246
6.49	89.5851517535	9999.023	1963.9498715	9499.512	749.939424036	10500.0	816.631994035
6.491	53.684748227	9999.023	1779.34574886	9520.02	364.838786904	10498.54	706.566745296
6.492	56.7345279051	9997.559	2345.3201219	9498.047	654.905988838	10497.07	807.296354576
6.493	52.5607500817	9996.094	2089.79543572	9496.582	571.374888403	10497.07	472.069167278
6.494	54.3833267097	9996.094	1914.90814302	9495.117	439.67077908	10495.61	1041.27639192
6.495	53.3066790109	9994.629	2191.84553934	9495.117	917.916231256	10494.14	543.609062859
6.496	54.4718724008	9999.023	2203.95013992	9499.512	784.449700022	10500.0	873.889489915
6.497	69.1206719466	9999.023	2399.83295007	9498.047	1079.0579099	10498.54	1126.74898647
6.498	53.9848640219	9997.559	1811.33768306	9498.047	595.462600967	10498.54	640.021833737
6.499	53.6460327233	9996.094	2555.58669347	9496.582	1036.26189165	10497.07	1109.81948478
6.5	53.4500878326	9996.094	2465.0630361	9495.117	549.08776832	10495.61	764.242919635
6.501	50.1284747221	9994.629	2816.37955651	9495.117	1136.4987372	10495.61	881.956363274
6.502	51.5923390132	10000.49	2050.36683405	9499.512	893.370295146	10500.0	1103.18812522
6.503	53.1992649111	9999.023	2549.40015416	9499.512	1495.94423922	10498.54	607.318893742
6.504	50.6222691101	9997.559	2944.21331586	9498.047	1831.92897882	10498.54	885.101937392
6.505	51.2782531032	9997.559	2420.6575126	9496.582	743.088160983	10497.07	484.525746249
6.506	53.926848781	9996.094	2415.77038713	9495.117	570.769910844	10497.07	563.824767183
6.507	53.2284182111	9994.629	2043.42827473	9495.117	970.062924856	10492.68	511.625019675
6.508	53.3691952038	10000.49	2362.70351868	9499.512	730.371271759	10500.0	1903.85527681
6.509	49.8027712183	9999.023	2821.66531444	9499.512	1084.11138234	10500.0	1267.55469193
6.51	49.2084267575	9997.559	3576.65845689	9498.047	1280.76396503	10498.54	1005.00857296
6.511	49.8077775363	9997.559	3452.14392289	9496.582	1550.36753219	10497.07	1529.65580347
6.512	48.9733121086	9996.094	4464.80439533	9496.582	1508.62684767	10497.07	1635.83793732
6.513	1472.52573942	9952.148	17404.2824818	9451.172	7198.40796045	10467.77	7649.42648744
6.514	49.3734833978	9994.629	3594.45333272	9495.117	608.416854993	10494.14	1543.02992135
6.515	49.5265591392	9999.023	3480.3682925	9498.047	1008.97121281	10498.54	1898.93249674
6.516	51.0264701066	9999.023	2984.33748827	9498.047	1144.37060926	10498.54	1292.50290029
6.517	49.2091032977	9997.559	3554.51856981	9498.047	1107.95065593	10497.07	1162.87578088
6.518	46.312878734	9996.094	3542.77213635	9496.582	1423.23075119	10497.07	1678.539502
6.519	50.960159087	9996.094	3528.93935457	9495.117	1721.23475375	10495.61	2121.19604809
6.52	49.089494807	9994.629	4378.86903611	9495.117	1035.03611672	10494.14	875.846812444
6.521	53.1954662025	9999.023	2908.42969176	9499.512	1377.96422446	10500.0	1369.34624686
6.522	47.7060746942	9999.023	3693.36400253	9498.047	1102.70266091	10498.54	1142.9782355
6.523	142.678428783	9997.559	2703.58652335	9508.301	838.462092275	10497.07	2141.48883461
6.524	52.34827098	9996.094	760.470867398	9496.582	404.531002725	10457.52	323.841987414
6.525	52.9419522263	9996.094	770.477644419	9496.582	882.82167342	10497.07	696.110441762
6.526	49.7047061043	9994.629	1291.54738704	9495.117	592.346403125	10501.46	468.681165825
6.527	56.6195610471	10000.49	1194.85701702	9486.328	473.049197205	10500.0	370.195180495
6.528	56.6064229439	9977.051	410.859049159	9499.512	821.845725368	10466.31	387.640809513
6.529	56.9208050527	9984.375	558.572162481	9527.344	256.677927502	10546.88	361.674116146
6.53	53.0416845677	10045.9	660.757026859	9539.062	459.84597003	10533.69	381.548042868
6.531	55.2413240197	10000.49	314.290155165	9536.133	529.987783058	10458.98	365.429851245
6.532	56.1099935591	9994.629	755.478983795	9490.723	500.667483579	10542.48	362.702628921
6.533	54.5410481587	10000.49	562.08541348	9546.387	492.229974249	10500.0	436.626312109
6.534	64.8337012541	9999.023	1319.61435188	9499.512	682.099158916	10546.88	665.211760055
6.535	111.623509204	9997.559	1935.33775087	9498.047	1170.34774792	10514.65	622.556598545
6.536	51.6306739595	9997.559	2587.96061603	9496.582	522.594984246	10548.34	363.967215142
6.537	56.8562853099	9996.094	2434.22493398	9496.582	875.519997599	10497.07	1869.57337784
6.538	64.5282398854	9994.629	2194.60440293	9495.117	1003.34167954	10495.61	1289.07679713
6.539	56.9518917567	9994.629	3338.8116998	9474.609	771.073672316	10494.14	1584.59176401
6.54	56.6370532272	9999.023	3263.9002445	9499.512	1577.6854718	10500.0	1236.7769634
6.541	56.4505353094	9999.023	4740.9671555	9498.047	975.8339885	10498.54	1215.15707223
6.542	54.0183732844	9997.559	4748.79422449	9498.047	1921.6216074	10497.07	1781.10392056
6.543	59.8469890256	9996.094	4377.59237501	9496.582	1269.09460588	10497.07	1648.98558281
6.544	53.5914258011	9996.094	3928.15886713	9495.117	1310.19570295	10495.61	2565.00383831
6.545	58.5242617905	9994.629	3771.2221315	9495.117	1587.75482121	10494.14	1176.31121867
6.546	57.7060336229	9999.023	3592.45258354	9499.512	1360.2454186	10500.0	2721.4079223
6.547	56.8963969957	9999.023	5033.07113931	9498.047	1814.07111212	10498.54	2552.60120505
6.548	116.744697112	9997.559	2930.98753886	9498.047	1838.94803322	10495.61	1888.44130759
6.549	59.7196090304	9997.559	2844.41416565	9496.582	1762.15832715	10497.07	1590.94428613
6.55	60.0858222003	9996.094	3090.84903246	9495.117	1498.6720215	10495.61	2150.17873594
6.551	58.4846696714	9994.629	1870.12109383	9495.117	1206.30412962	10494.14	538.965691587
6.552	57.1536821262	10000.49	2325.06966357	9499.512	708.073062598	10500.0	1026.96170449
6.553	275.841979807	9999.023	4492.92208363	9471.68	1228.09305965	10497.07	2540.18518991
6.554	59.0368327378	9997.559	1211.46803929	9498.047	413.211446826	10450.2	377.865524798
6.555	60.3596571379	9985.84	535.639678206	9496.582	1145.99977213	10450.2	345.644253874
6.556	56.1548080228	9996.094	584.317950101	9496.582	542.109827203	10495.61	610.000807826
6.557	62.5332746975	9994.629	893.566517562	9465.82	451.554416431	10461.91	324.236448197
6.558	63.0868595401	9960.938	483.687883251	9509.766	338.713312884	10488.28	487.915425836
6.559	58.9031685202	10038.57	238.338628338	9508.301	324.670837124	10539.55	366.534122937
6.56	64.4081645098	9994.629	363.157171138	9465.82	475.021629752	10536.62	355.104813507
6.561	68.758379234	9997.559	603.565895918	9498.047	340.456126952	10464.84	429.765618152
6.562	69.5432887117	9993.164	479.663150588	9468.75	510.086105555	10498.54	396.522898893
6.563	204.73331249	10007.81	1136.11172791	9481.934	982.992452059	10454.59	1187.31625238
6.564	69.0595201447	10044.43	278.594780619	9465.82	649.138239667	10494.14	314.972201727
6.565	67.9032860755	9999.023	550.704716372	9509.766	360.310663784	10498.54	380.260586271
6.566	62.9851367059	10037.11	486.967521459	9496.582	457.676530549	10469.24	412.248773698
6.567	70.5231873928	9971.191	593.061436761	9487.793	392.115250487	10523.44	340.412381857
6.568	69.1869918678	9996.094	1080.81102972	9527.344	429.518690601	10482.42	404.523874628
6.569	83.1323001285	9996.094	1227.46506375	9514.16	893.042733284	10495.61	521.695971239
6.57	114.485664064	9994.629	2890.32626019	9496.582	1044.82502079	10491.21	644.863332064
6.571	79.7356435877	9999.023	2529.07080102	9500.977	572.993810785	10476.56	488.678455545
6.572	66.1961258061	9999.023	2834.96231823	9499.512	1128.77172995	10498.54	978.825734185
6.573	71.5933427695	9997.559	2718.35966475	9498.047	1257.66431697	10497.07	988.147676909
6.574	65.2543920159	9996.094	3164.6949446	9496.582	1302.44825863	10497.07	1733.74565325
6.575	69.3546677446	9996.094	4457.41409381	9495.117	2342.36234617	10495.61	1846.1744091
6.576	63.3202798241	9994.629	3765.56300887	9495.117	2764.7790797	10495.61	1301.17374911
6.577	70.0105587261	9999.023	3950.18211437	9499.512	1069.76241413	10500.0	1455.84664331
6.578	67.4663309168	9999.023	4128.00591153	9498.047	966.041331198	10498.54	1963.94128405
6.579	69.2915735514	9997.559	5007.18741698	9496.582	1007.3850611	10498.54	1708.59011486
6.58	68.2590857641	9997.559	3603.76685756	9496.582	2045.22017451	10497.07	1520.67207165
6.581	65.9705828987	9996.094	5210.72087917	9496.582	1710.10630349	10495.61	1782.15902323
6.582	69.5423689746	9994.629	4509.3168296	9495.117	1854.04553254	10495.61	2400.03876551
6.583	62.2465330283	10000.49	4140.52217691	9499.512	2697.44301807	10500.0	1913.25534866
6.584	68.4458240838	9999.023	5152.55216556	9499.512	1781.78903808	10498.54	2159.83202773
6.585	69.3946106357	9997.559	4441.74002257	9498.047	1273.1091245	10498.54	2771.71875835
6.586	74.9256183681	9997.559	5101.61280963	9498.047	1834.98471338	10497.07	2454.91345602
6.587	588.621127691	9996.094	9642.92338038	9459.961	2585.74510929	10463.38	2514.21748357
6.588	70.3521083035	9996.094	5710.40451114	9498.047	796.489355492	10495.61	1293.87556004
6.589	66.207272326	9994.629	5308.24537116	9493.652	2516.39056093	10494.14	2098.56378355
6.59	71.2278764313	9999.023	3931.04828178	9499.512	1197.29427788	10500.0	2047.56715628
6.591	1521.19671109	9996.094	8969.70777133	9530.273	7487.16487564	10504.39	7030.02541597
6.592	77.9161397662	9997.559	1780.87025632	9498.047	906.025857611	10497.07	1497.18109035
6.593	73.3813277425	9996.094	1598.06514428	9496.582	1233.7541741	10495.61	816.661887195
6.594	76.8499911818	9996.094	1236.78561761	9495.117	852.289562293	10495.61	1025.72299458
6.595	75.7244056957	9994.629	902.100025647	9495.117	512.726803129	10469.24	505.23299221
6.596	74.4137438105	9999.023	1595.03637304	9500.977	640.480063868	10519.04	712.70800576
6.597	72.284481326	9999.023	1553.1285906	9498.047	630.280611008	10498.54	1202.87970928
6.598	73.0579009577	9997.559	1669.52546006	9498.047	1511.78221319	10497.07	581.819708782
6.599	76.7711133547	9996.094	1647.33870726	9496.582	919.419453043	10497.07	564.641098047
