# Both magnets, an/pol 45DEG, not looking at sample, but only at stripline
5.0	15730.4054111	9996.094	324219.566142	9511.23	96599.5696624	10505.86	75936.8989758
5.001	16372.1095016	9994.629	251639.956495	9487.793	93763.5925902	10541.02	94115.0600956
5.002	16974.4939581	10000.49	358261.933742	9541.992	207638.750087	10460.45	91338.4818837
5.003	17473.1884614	9999.023	238924.166113	9508.301	134861.946434	10513.18	79925.8280351
5.004	16968.7068674	9997.559	466681.766505	9462.891	84468.9466861	10495.61	90157.2491615
5.005	16109.7442227	9997.559	366321.539297	9509.766	99424.7000743	10451.66	109261.442736
5.006	15862.8427126	9996.094	455142.959958	9464.355	85304.6998257	10464.84	71192.4283204
5.007	16468.2364657	9994.629	394285.392399	9521.484	144031.468089	10524.9	110675.088432
5.008	16628.4587686	10000.49	283149.09549	9505.371	89874.5839651	10483.89	121799.758225
5.009	16155.6652241	9999.023	230649.510695	9525.879	123511.069575	10479.49	95905.6936259
5.01	15872.6633236	9997.559	323514.004347	9511.23	139769.658658	10456.05	68113.3614015
5.011	16127.6212818	9997.559	346297.017505	9530.273	105732.708424	10543.95	110409.386119
5.012	16734.6773848	9996.094	488035.33692	9528.809	90283.0816875	10526.37	92786.0819241
5.013	15729.5117463	10028.32	148760.319714	9547.852	120523.684549	10524.9	76390.962092
5.014	16390.2861915	9994.629	462925.584827	9461.426	112825.363911	10511.72	101942.363133
5.015	16317.2555463	9999.023	299811.876736	9454.102	202238.702167	10495.61	48651.5430642
5.016	15748.6977007	9999.023	174844.786857	9477.539	90054.2974885	10492.68	99658.549895
5.017	16572.949384	9997.559	264367.565266	9490.723	195105.424004	10504.39	89908.0867865
5.018	16860.9125766	9996.094	342951.813659	9452.637	105023.160022	10533.69	86876.1582747
5.019	14824.2070053	9996.094	334871.48035	9533.203	126294.290767	10519.04	69674.5690699
5.02	16448.5140066	9994.629	449610.0022	9539.062	67682.9843742	10502.93	70633.03007
5.021	15160.480318	10000.49	375590.181229	9477.539	102016.078488	10469.24	111354.274354
5.022	16413.6535493	9999.023	246781.918559	9455.566	113722.463179	10510.25	119542.377707
5.023	15302.1349589	9997.559	318498.282275	9512.695	139642.10224	10485.35	92153.8995884
5.024	16408.6383999	9996.094	301999.440535	9512.695	87330.9001364	10542.48	118297.366564
5.025	14427.5341873	9996.094	240576.205188	9486.328	115550.171706	10519.04	97478.2916436
5.026	15687.1375326	9994.629	214736.689323	9524.414	127896.364797	10466.31	58395.6840824
5.027	16869.4743359	9999.023	297712.344852	9537.598	115502.578535	10495.61	109746.044661
5.028	16162.6203416	9999.023	177711.528979	9539.062	116093.875437	10500.0	52410.5169908
5.029	15174.9586744	9997.559	145691.977744	9493.652	120761.48952	10454.59	61882.9702723
5.03	14938.5090197	9997.559	309792.173632	9476.074	94433.6048336	10520.51	59886.4433001
5.031	16611.2111934	9996.094	92791.1522728	9518.555	113573.687001	10543.95	85367.2182219
5.032	15096.3864623	9994.629	206768.558652	9492.188	131080.400384	10457.52	92289.9859233
5.033	14448.3536875	10000.49	157976.704117	9544.922	71427.2996471	10536.62	167672.546823
5.034	14972.6555379	9999.023	295823.252867	9509.766	85255.0022428	10541.02	198167.361099
5.035	14484.6877978	9997.559	130629.562261	9468.75	81246.8470242	10543.95	106288.427592
5.036	14561.9632239	9997.559	164315.360133	9493.652	64332.2753868	10532.23	116254.06084
5.037	14221.363206	9996.094	118806.617104	9541.992	67558.2523571	10475.1	144525.985744
5.038	13739.071217	9996.094	152079.366878	9465.82	68692.269911	10458.98	86352.6439819
5.039	14202.356054	9994.629	91141.0633735	9467.285	89287.496167	10526.37	71995.6347401
5.04	14482.0278016	9999.023	77738.1169816	9502.441	71293.5582423	10546.88	110887.83916
5.041	13287.2642669	10010.74	106506.19378	9493.652	69782.20447	10467.77	70869.9093212
5.042	13365.4006355	9997.559	76451.9314359	9470.215	80858.2655021	10495.61	65075.4306997
5.043	13179.6155011	9996.094	85022.4964385	9474.609	64109.9919629	10516.11	75724.8670286
5.044	12782.5540351	9996.094	98612.4159124	9498.047	86784.148951	10450.2	53485.8815292
5.045	13263.8599363	9994.629	166491.576209	9509.766	106708.62024	10500.0	108001.118827
5.046	12649.4998802	10038.57	120293.986677	9498.047	76924.3941835	10491.21	68702.2674905
5.047	12286.864921	9999.023	136802.164622	9546.387	100535.473254	10524.9	73255.7772489
5.048	12386.3289965	9997.559	94120.9495955	9511.23	70830.496343	10542.48	86895.0499621
5.049	11953.5092447	9996.094	225994.736769	9547.852	60832.1128082	10546.88	102883.7669
5.05	12734.0317389	9996.094	134402.481749	9530.273	85563.4243744	10495.61	66681.4330919
5.051	11846.0151741	9994.629	97672.2947418	9534.668	70949.4278534	10536.62	79429.4799436
5.052	11599.0131834	9999.023	113993.832325	9547.852	70145.659747	10466.31	70953.7927446
5.053	12831.9630398	9999.023	137932.909781	9543.457	55779.8223343	10542.48	66411.8265146
5.054	12090.1212371	9974.121	52157.2320228	9527.344	57554.5627177	10488.28	70152.7511668
5.055	11946.1364104	9997.559	106418.669863	9477.539	67999.8410581	10508.79	62151.968541
5.056	11193.3846924	10029.79	49575.2608554	9503.906	62865.5770991	10500.0	68718.4509021
5.057	11234.7309006	9994.629	104839.727213	9483.398	69644.3809737	10508.79	71397.0583705
5.058	10643.5193809	10000.49	125490.58214	9531.738	57465.0314383	10524.9	77618.7023899
5.059	11394.5025441	10009.28	98384.107138	9503.906	84458.6181813	10546.88	92096.136745
5.06	10687.772556	9997.559	150223.117855	9467.285	38202.9160274	10526.37	76533.6584076
5.061	10871.6798238	10029.79	83724.3892871	9483.398	40620.2459036	10469.24	43096.1691049
5.062	11234.38725	9996.094	69316.2625853	9479.004	61267.5374839	10500.0	68092.1238697
5.063	10447.9780459	9994.629	83603.5858285	9528.809	90615.9175681	10536.62	69788.127771
5.064	9848.97985825	9994.629	96961.239371	9549.316	50593.0999325	10524.9	57977.2664714
5.065	10328.7949146	9999.023	127493.531578	9471.68	126973.30462	10510.25	48071.4562525
5.066	10385.0116575	9999.023	108621.085966	9518.555	62795.8970418	10450.2	68544.8497346
5.067	9854.88876085	9950.684	87712.85824	9530.273	45655.875123	10478.03	40823.0296178
5.068	10372.2443443	9953.613	40553.9267788	9468.75	61810.2783377	10513.18	31733.8173339
5.069	8956.63230424	9996.094	69440.2523686	9520.02	53737.1547664	10479.49	41135.8419559
5.07	9310.32092043	9982.91	99026.2637279	9509.766	46209.4679609	10464.84	47509.2313939
5.071	9670.50501371	10012.21	90773.7693605	9531.738	52348.6896002	10533.69	63374.6509389
5.072	9850.56300668	10041.5	75295.802529	9536.133	77056.5108452	10492.68	77962.5527679
5.073	9360.28838561	9997.559	93854.2369271	9506.836	70070.7538281	10497.07	90954.3011513
5.074	9462.29496221	9997.559	95711.075388	9539.062	54154.6622636	10526.37	49694.3503879
5.075	9258.3392938	9982.91	78682.6548649	9455.566	35644.9344827	10542.48	67117.5855229
5.076	8881.11121491	9994.629	115282.683179	9483.398	58055.9707408	10458.98	62340.7988332
5.077	8826.69923419	9979.98	66758.2487745	9462.891	37304.5788612	10473.63	75963.6627814
5.078	8722.98391733	9999.023	102391.226076	9468.75	43897.8965639	10529.3	48794.0635135
5.079	8504.56591962	9974.121	63562.3005053	9490.723	44373.9019484	10497.07	63740.8501844
5.08	8790.53690684	9950.684	67679.773587	9537.598	49330.193809	10542.48	43836.7788129
5.081	8899.10608028	9996.094	76237.5097855	9500.977	51943.787781	10511.72	64891.8379196
5.082	8682.2885226	10023.93	97749.3485136	9473.145	54091.7344877	10536.62	55967.739403
5.083	8574.14709834	9956.543	89212.4623353	9483.398	36529.7725159	10489.75	58477.8441197
5.084	9044.2370571	9999.023	80715.6193461	9498.047	74792.1261906	10543.95	42032.552929
5.085	8713.1297267	9997.559	64475.8073474	9533.203	67275.2859233	10511.72	67759.0219623
5.086	8292.1296695	9962.402	60258.4772302	9505.371	51812.8318234	10529.3	111824.008024
5.087	8101.86679934	9996.094	167499.070974	9521.484	32105.6010486	10483.89	41855.5867899
5.088	7939.46430312	10019.53	35999.385215	9533.203	40225.9494418	10524.9	46360.4237367
5.089	8332.55885624	10041.5	59727.7974833	9508.301	52017.5597162	10492.68	46494.8649742
5.09	8168.74894707	9999.023	62440.3320968	9490.723	54139.6069408	10524.9	39611.2145766
5.091	7842.39084915	10032.71	54193.3452431	9457.031	44416.9952671	10520.51	49544.4727959
5.092	8351.86320665	9997.559	100291.038897	9531.738	42426.0154088	10545.41	49006.8818734
5.093	8053.66772813	9997.559	74787.7756542	9512.695	83416.1753911	10521.97	66586.5431477
5.094	7979.39179742	9994.629	79902.8269073	9484.863	40002.8750585	10497.07	63991.126837
5.095	8302.97969768	9994.629	58955.6955635	9527.344	35107.769317	10533.69	40961.065341
5.096	8170.71121478	9999.023	53449.3025445	9505.371	84244.0306292	10480.96	56961.7748452
5.097	8537.28299821	10026.86	54640.5208058	9541.992	50241.7742088	10516.11	72226.2040205
5.098	7635.13188423	9997.559	144177.958285	9524.414	60125.772461	10463.38	36426.7747309
5.099	8353.97397307	9996.094	88905.3022366	9483.398	53092.7577699	10508.79	51642.5911383
5.1	7639.96812263	9996.094	70969.9992171	9517.09	33218.7420886	10545.41	54106.7731159
5.101	8541.53726932	9994.629	102483.139341	9502.441	62407.9447983	10479.49	57972.6957791
5.102	7944.7254919	10000.49	181410.208728	9520.02	22630.0236841	10516.11	58246.9780378
5.103	8070.37908376	9999.023	144926.134109	9530.273	45782.9867314	10479.49	33909.8182789
5.104	8217.79394919	9997.559	225501.366961	9544.922	53951.2072017	10507.32	54641.0428755
5.105	7832.16031531	9997.559	248797.026025	9489.258	69019.4288265	10501.46	45639.5413525
5.106	8209.92709549	9996.094	129320.205846	9544.922	27307.5234001	10476.56	30652.3341404
5.107	6934.29382293	9994.629	163426.021539	9547.852	49166.0358211	10463.38	38852.2315281
5.108	8278.90460524	10000.49	93456.3368454	9458.496	37525.4392294	10527.83	36880.7345789
5.109	6956.60992905	9999.023	154520.571395	9464.355	35911.3631292	10466.31	108385.523763
5.11	7806.54701505	9999.023	141246.705919	9536.133	54451.1348005	10473.63	65956.814096
5.111	7737.08005344	9997.559	226400.147349	9495.117	77953.3160237	10454.59	41139.8161166
5.112	7710.18162926	9996.094	102184.62582	9457.031	49646.6276467	10519.04	31050.7573426
5.113	7457.75148776	9996.094	117054.324513	9515.625	41804.1143159	10486.82	50672.8122149
5.114	7908.45870935	9994.629	196261.530624	9503.906	48101.8463686	10464.84	35779.2381803
5.115	7485.38370845	9999.023	220512.851507	9473.145	41897.5601183	10538.09	42930.8158027
5.116	7878.85063961	9999.023	157047.744994	9479.004	53551.1563431	10541.02	48909.4957586
5.117	7960.16955665	9997.559	263400.173324	9464.355	50050.3974907	10542.48	50548.5268957
5.118	7622.48948992	9996.094	361956.96967	9455.566	66960.3000387	10507.32	58084.5239804
5.119	8147.10060982	9996.094	221438.782656	9467.285	54278.5244369	10510.25	48003.356738
5.12	8077.38485888	9994.629	360259.516748	9527.344	37643.1289879	10508.79	45336.8822004
5.121	7710.72301766	9999.023	288375.388786	9527.344	48210.7264185	10538.09	52450.7802366
5.122	7803.70325297	9999.023	224933.8678	9547.852	37840.4992717	10546.88	65060.4802352
5.123	7951.72930991	9997.559	270700.867791	9520.02	50101.5583588	10510.25	68383.9423007
5.124	7386.83460488	9996.094	201833.570966	9480.469	51860.7094669	10451.66	53802.7381127
5.125	7342.39286995	9996.094	335501.935769	9464.355	39990.7745705	10549.8	25696.3982151
5.126	7344.1551211	9994.629	342682.076276	9544.922	75284.3085825	10464.84	41454.5518213
5.127	7408.18761336	10000.49	261220.028667	9517.09	42853.9618948	10472.17	32578.2198145
5.128	7117.99407531	9999.023	421844.049185	9479.004	77889.8629394	10517.58	61554.8593331
5.129	7417.63335462	9997.559	184501.104596	9454.102	61702.187606	10526.37	58225.5786153
5.13	7211.33199351	9997.559	318387.094736	9462.891	34139.4461109	10466.31	86623.8903285
5.131	7199.60757163	9996.094	455193.334016	9541.992	54096.6561712	10450.2	46556.6770698
5.132	7866.98027382	9994.629	276395.800906	9455.566	43085.5588454	10457.52	50291.633704
5.133	7067.94271097	10000.49	291024.393448	9496.582	40841.8864105	10546.88	43988.5361509
5.134	8116.76251198	9999.023	417271.773153	9459.961	53961.542045	10472.17	40670.7766399
5.135	7539.41153836	9997.559	211062.088564	9476.074	52433.9697878	10497.07	34185.5187056
5.136	7259.7602974	9997.559	116298.46552	9498.047	46003.0334986	10517.58	49893.1566582
5.137	7399.98859501	9996.094	271546.362502	9521.484	48234.6120435	10526.37	50080.1759785
5.138	8107.84553442	9996.094	231792.36132	9512.695	33283.5736009	10521.97	57504.6964043
5.139	7836.22946721	9994.629	212711.20148	9476.074	44001.6153676	10467.77	47654.7494696
5.14	7555.42864529	9999.023	318115.42848	9521.484	43296.7214006	10541.02	37633.3475032
5.141	7716.23217412	9999.023	198764.43291	9539.062	65235.9399485	10463.38	42042.4082537
5.142	7579.72352411	9997.559	319742.578521	9546.387	60919.1377644	10546.88	63806.8598293
5.143	7618.17705358	9996.094	334435.198644	9459.961	52263.9548333	10495.61	47982.9213851
5.144	8570.14974644	9996.094	351015.660857	9483.398	37319.5948462	10504.39	55816.151092
5.145	8695.26997346	9994.629	355058.222594	9530.273	71048.7031404	10463.38	61230.5487513
5.146	8264.19248982	9999.023	507025.233751	9499.512	55602.3279941	10532.23	66634.4097351
5.147	8693.67783814	9999.023	241750.877987	9479.004	39596.5246347	10507.32	78736.017275
5.148	8675.48603486	9997.559	387991.907949	9536.133	38356.1128679	10458.98	64362.5527033
5.149	8780.95509473	9996.094	172360.218057	9521.484	42540.0344774	10473.63	65599.8417778
5.15	8623.80068206	9996.094	208159.973195	9483.398	88075.8008733	10511.72	37723.056173
5.151	8795.56111285	9994.629	210043.035996	9489.258	38011.0657934	10538.09	37879.8536551
5.152	8883.99180218	10000.49	171702.126815	9471.68	49748.3956659	10495.61	99544.2292464
5.153	9297.99311135	9999.023	423096.390258	9544.922	85635.9464527	10546.88	67748.0972858
5.154	9635.86080097	9997.559	340226.842791	9531.738	43426.6691884	10539.55	54212.5789112
5.155	9303.72876091	9997.559	239661.291999	9461.426	62402.2795939	10532.23	77784.094048
5.156	9691.13585467	9996.094	222840.922032	9489.258	59866.5988361	10463.38	44126.6588787
5.157	10049.2047433	9994.629	259916.303931	9522.949	65070.4596199	10543.95	73721.6473971
5.158	10217.1195165	10000.49	136154.7176	9499.512	77370.6205267	10486.82	56052.2140631
5.159	10346.3731977	9999.023	305671.071732	9543.457	56029.1944272	10527.83	61562.5095565
5.16	10567.2507162	9999.023	132216.063528	9544.922	73164.1164326	10451.66	70833.8061042
5.161	9964.22462557	9997.559	237006.072023	9468.75	55265.8365701	10467.77	45145.9453402
5.162	11261.603769	9996.094	155017.19767	9483.398	73585.5187456	10483.89	43158.0042619
5.163	10621.9387318	10037.11	82590.7073486	9546.387	43695.8525483	10513.18	69523.2524313
5.164	11140.1950057	9994.629	158141.190221	9495.117	85734.2345011	10539.55	97268.9912042
5.165	11948.3202902	9999.023	264020.242588	9452.637	87464.3266134	10530.76	55543.7805033
5.166	11293.0499292	9999.023	150707.026881	9455.566	70437.8241794	10527.83	77305.1980994
5.167	12021.0896225	9997.559	161328.700579	9540.527	67669.76444	10532.23	64553.7353618
5.168	11844.7947715	9996.094	242029.358736	9525.879	60938.0035142	10469.24	71789.6650022
5.169	12118.0961694	9996.094	143289.950763	9522.949	66057.281728	10505.86	72041.7676604
5.17	12097.0582282	9994.629	264110.382827	9459.961	61194.7871287	10463.38	115752.157832
5.171	11750.9178067	9999.023	149986.05899	9486.328	87905.5245011	10520.51	94335.6978422
5.172	11484.9729712	10040.04	86925.0956455	9527.344	77640.5574581	10486.82	70498.6203304
5.173	13023.6506641	9997.559	109133.050509	9511.23	54088.805907	10505.86	82706.3307101
5.174	12306.3932998	9996.094	120861.437045	9496.582	74042.8316421	10536.62	137335.250819
5.175	12406.9881642	9996.094	138408.188024	9476.074	95661.2814969	10454.59	84591.1497325
5.176	12197.5108909	9994.629	230578.714296	9540.527	76905.5868959	10457.52	88679.3502427
5.177	12523.535578	10000.49	162119.470497	9458.496	54884.551925	10532.23	65865.6607057
5.178	13321.8429002	9999.023	90221.1911718	9520.02	48858.715569	10549.8	84789.4630793
5.179	12208.0505661	9997.559	138126.286392	9467.285	81061.7610286	10542.48	66996.9307554
5.18	11927.124224	9978.516	127834.211008	9468.75	65335.3352936	10546.88	87983.5726734
5.181	12495.7158421	10047.36	60437.385129	9480.469	86770.5973229	10491.21	86899.7534305
5.182	12496.5751939	10001.95	127537.91685	9490.723	81333.6410571	10508.79	141412.475969
5.183	12036.4598098	10016.6	75023.6609963	9486.328	59407.1358464	10538.09	66605.4211206
5.184	12171.695923	10029.79	62211.549486	9539.062	76208.4461745	10529.3	73847.677603
5.185	10752.6032037	10004.88	109732.211885	9480.469	72623.0174911	10529.3	107850.740375
5.186	11484.1067378	10010.74	81789.5282944	9541.992	164132.020181	10479.49	93346.5915597
5.187	11242.7487954	10019.53	57407.8711673	9511.23	69645.2324317	10521.97	84292.9848125
5.188	11166.3210675	9985.84	48611.4939488	9455.566	86572.3809592	10539.55	45635.2025226
5.189	10768.4237839	9994.629	79766.3170763	9465.82	55459.2218141	10523.44	66044.2691241
5.19	10560.5234232	9999.023	205568.223639	9540.527	48768.0927418	10533.69	69850.8142778
5.191	10648.2008757	9999.023	110191.993873	9499.512	65343.0133102	10454.59	49886.9914629
5.192	10202.3714108	9997.559	357030.903406	9492.188	74663.8934173	10517.58	68940.2352456
5.193	9654.95958072	9996.094	143390.943756	9489.258	125303.534618	10516.11	61613.2844382
5.194	9630.39329464	9996.094	206717.769422	9524.414	55652.6576892	10457.52	47349.823498
5.195	9916.38032212	9994.629	274927.163955	9499.512	62049.1786712	10523.44	93500.2510313
5.196	9616.03562372	9999.023	338382.491799	9465.82	44104.6365065	10510.25	53420.7855849
5.197	9239.10603939	9999.023	266191.154563	9511.23	63419.7115853	10532.23	60492.4526093
5.198	9631.90425107	9997.559	203101.732438	9452.637	115178.632907	10536.62	79466.249374
5.199	9597.53865464	9996.094	196592.770401	9461.426	85801.3952105	10466.31	55383.877108
5.2	9206.47331298	9996.094	106594.738409	9521.484	43835.4368114	10542.48	66963.5823509
5.201	9166.20988245	9994.629	168829.51638	9492.188	45204.8625648	10451.66	66026.7692359
5.202	9138.75623837	10000.49	107909.952577	9512.695	45779.6727909	10545.41	58856.3779544
5.203	8855.24900319	9999.023	168352.166586	9484.863	33924.7384436	10476.56	55648.1079451
5.204	8696.74908691	9997.559	80948.6239597	9464.355	74902.5326483	10546.88	60271.0914247
5.205	8045.90826882	9997.559	257724.719363	9509.766	29962.1747906	10502.93	48746.8214919
5.206	8351.75972437	9996.094	167737.916672	9452.637	47755.6829301	10460.45	52112.6315473
5.207	8689.19713774	9994.629	109274.50477	9487.793	52598.0086107	10461.91	63457.7592703
5.208	7919.33746015	10000.49	114551.809864	9461.426	56638.9547241	10511.72	40334.0506388
5.209	7915.43917767	9999.023	185744.225531	9512.695	46273.7741772	10451.66	62284.1488997
5.21	7747.81834885	9997.559	85514.6013086	9512.695	39632.9369051	10511.72	47828.5823171
5.211	8290.98971143	9997.559	96089.451934	9525.879	43068.2692577	10482.42	49092.8697689
5.212	7772.90007265	9996.094	52327.2451033	9483.398	42193.6738513	10485.35	39886.8710204
5.213	7868.04750549	9996.094	85113.2365892	9451.172	30735.0734933	10478.03	58031.4820415
5.214	7285.83971749	9994.629	46892.5189522	9541.992	38471.8710787	10523.44	36244.2478954
5.215	7833.07437559	9999.023	75367.1114632	9509.766	37738.4826211	10535.16	62489.8461897
5.216	7247.80884326	9999.023	53224.0380976	9508.301	45414.9444622	10492.68	69789.373302
5.217	6945.23097689	10021.0	41016.2139174	9527.344	47835.1218681	10501.46	54484.5879187
5.218	7154.27701409	9965.332	33677.3979245	9455.566	54742.796423	10532.23	31096.68648
5.219	6962.74347135	9974.121	63007.6228242	9457.031	55794.5557134	10482.42	52773.4563063
5.22	6900.79075458	9994.629	55484.3289633	9540.527	36624.0597686	10502.93	38392.6435348
5.221	6748.55171779	9956.543	52913.4010562	9477.539	53476.2909914	10470.7	35975.4568012
5.222	6803.96826587	10015.14	69578.4377107	9461.426	41020.5336839	10458.98	55103.5635647
5.223	6397.35393031	9997.559	52197.5853091	9458.496	38098.1468863	10513.18	29444.6540762
5.224	6451.41438542	10018.07	43033.4761062	9515.625	47778.2783738	10495.61	27090.4655562
5.225	7653.41072001	10004.88	48170.0708818	9503.906	45144.6049262	10539.55	29365.9597364
5.226	6110.47393945	9994.629	40474.8959452	9509.766	43278.6479718	10485.35	29666.8081093
5.227	6090.52840386	10037.11	31347.7994703	9506.836	38077.4399914	10545.41	25592.8416016
5.228	6090.54529697	9999.023	78668.606457	9486.328	44580.4518596	10532.23	37642.4480204
5.229	6217.84999576	9997.559	40050.1182606	9489.258	28229.3734815	10539.55	24399.5695966
5.23	5634.23713701	9997.559	75827.4178574	9474.609	42793.0817977	10546.88	33281.8632204
5.231	5301.15813672	9996.094	147627.792457	9490.723	31111.8267495	10508.79	36015.8545374
5.232	5269.96603949	9994.629	44348.2025498	9527.344	36092.2936722	10475.1	24766.4959669
5.233	5500.07233966	10000.49	132038.01765	9480.469	46651.4675248	10497.07	35473.5258488
5.234	5274.42863946	9999.023	59556.3804007	9465.82	31745.2015263	10535.16	26249.4348614
5.235	5377.77014217	9997.559	79801.9921751	9470.215	29604.6701909	10532.23	33276.178674
5.236	5417.21979195	9997.559	26276.4941222	9549.316	22492.0519173	10489.75	53507.3972891
5.237	4897.0731872	9996.094	46784.5925752	9461.426	46427.4021932	10495.61	22394.6995203
5.238	4949.38502587	9956.543	35253.3867484	9496.582	53641.1859422	10538.09	23375.2403251
5.239	5080.46634049	9994.629	43085.2039913	9540.527	25032.0655646	10519.04	33184.0769501
5.24	5088.99601654	9999.023	27691.6831322	9459.961	27244.9122415	10500.0	26009.4914445
5.241	4719.15024178	9997.559	28061.137119	9489.258	18214.0021187	10508.79	20180.3349015
5.242	4556.01040346	9997.559	18335.4647514	9481.934	30271.8900426	10497.07	23231.9749627
5.243	4349.50451443	9997.559	42846.2836339	9544.922	35604.5660032	10543.95	19761.0620792
5.244	4651.85371557	9996.094	20900.9244532	9537.598	43288.2904849	10502.93	50490.2139047
5.245	4465.53893117	9994.629	23398.8723938	9522.949	26382.2804906	10533.69	38806.3971575
5.246	4490.54810198	9993.164	21302.0198651	9525.879	33252.8055092	10504.39	34010.5970507
5.247	4078.25905128	9999.023	31742.4791156	9496.582	32224.55604	10489.75	35704.2078064
5.248	4286.57197603	10035.64	24684.8136541	9471.68	39233.6858061	10517.58	19968.9653467
5.249	4442.12574719	9996.094	56263.4990854	9511.23	26189.9085286	10460.45	14936.0588532
5.25	4117.4239402	9996.094	49912.069844	9484.863	25623.3464284	10536.62	32595.2746118
5.251	4036.01797097	9994.629	37560.610424	9499.512	20728.3324614	10482.42	20043.6198091
5.252	4126.97148898	9965.332	32429.1932442	9521.484	20607.3683158	10466.31	22339.5890917
5.253	4195.53908799	9999.023	48622.7023641	9498.047	40071.0180434	10527.83	15857.9014736
5.254	4004.38394834	9997.559	56039.5142038	9517.09	21660.850059	10480.96	38008.24122
5.255	4017.89285585	9997.559	39872.2851422	9487.793	21170.1356762	10479.49	26965.3082459
5.256	3902.76507025	9996.094	54134.1033459	9499.512	58834.5772516	10461.91	29960.2393005
5.257	3728.46667473	10000.49	39341.8606393	9496.582	28601.6797946	10469.24	25255.6071048
5.258	3610.20690225	9999.023	36468.8508487	9489.258	21462.1130595	10464.84	22973.8499987
5.259	3740.90861097	9999.023	79889.6227627	9490.723	44741.376296	10527.83	26290.8332471
5.26	3483.2787086	9997.559	83496.3108534	9454.102	28429.23897	10543.95	13367.4161111
5.261	3665.61301323	9997.559	92021.0333971	9484.863	42292.1549983	10542.48	28666.0170155
5.262	3322.05770552	9996.094	116329.429127	9512.695	20855.1449085	10456.05	12957.4744209
5.263	3378.64685953	9994.629	43871.9431715	9549.316	24671.6425636	10450.2	19864.0842086
5.264	3327.01773233	9994.629	97652.8929596	9528.809	20222.8503348	10478.03	16518.9998841
5.265	3367.63978268	9999.023	74848.6227465	9486.328	26551.2087258	10480.96	16674.0354625
5.266	3518.59599338	9960.938	32380.2543749	9457.031	31574.0905118	10473.63	32229.9077111
5.267	3376.21207929	9997.559	39429.942469	9483.398	17126.355165	10497.07	10326.8298397
5.268	3397.56633799	9996.094	44758.1023068	9454.102	30384.3785836	10548.34	27343.2772461
5.269	3593.24106837	9996.094	58420.2446314	9492.188	19618.1311001	10541.02	22925.7451679
5.27	3790.36789465	9994.629	43129.4199042	9528.809	20121.2099495	10489.75	20346.3294791
5.271	3458.87827996	9999.023	45370.9069682	9487.793	26222.1261659	10489.75	21145.3380793
5.272	3313.66125156	9999.023	33227.9581947	9455.566	22056.5809017	10494.14	15400.6556371
5.273	3593.97050486	9997.559	28567.7627691	9527.344	27951.2619711	10498.54	36659.165138
5.274	3142.93986575	9994.629	30126.5013758	9543.457	25676.3263847	10502.93	21303.792198
5.275	3230.2080134	9996.094	67521.1949462	9492.188	22535.356293	10517.58	20058.3029735
5.276	3402.58218575	9994.629	24887.4714978	9495.117	18492.1236031	10549.8	11750.0759491
5.277	3335.53773664	10000.49	65376.1778829	9461.426	15793.2740143	10482.42	11919.2237757
5.278	3306.09822564	9978.516	19782.6411214	9470.215	24376.2712555	10451.66	31601.6512873
5.279	3322.71320018	10040.04	13731.6111803	9462.891	26469.7291797	10521.97	14698.6658873
5.28	3592.83396465	10006.35	22968.6251369	9455.566	14175.2286588	10526.37	30179.6039869
5.281	3266.44209857	9996.094	57966.6268206	9471.68	15331.860136	10488.28	27127.4503308
5.282	3150.86533765	9982.91	18446.9284134	9546.387	21598.0103466	10475.1	15803.3743143
5.283	3377.00121559	10029.79	23665.4612007	9477.539	15243.9426065	10491.21	20548.9422357
5.284	3229.08964872	10021.0	27286.2835996	9467.285	20119.177529	10476.56	18493.7650555
5.285	2988.10950834	9997.559	27899.9014166	9525.879	13985.0250438	10511.72	16603.5302768
5.286	3252.94182368	10012.21	20697.3263239	9527.344	17366.3024665	10478.03	13879.5007521
5.287	3400.73521447	9996.094	41042.1821865	9525.879	14229.6007371	10489.75	33847.9725165
5.288	3178.84097778	9996.094	48646.5191615	9531.738	24125.880228	10460.45	13073.3831601
5.289	2982.93715396	9994.629	28704.9228015	9517.09	15683.6143395	10523.44	20856.2290173
5.29	3204.20112995	9999.023	39194.4362714	9503.906	20929.7825477	10500.0	12157.060354
5.291	3255.52857824	10013.67	15762.447545	9541.992	32101.7546047	10497.07	20583.9706814
5.292	3086.07670224	9997.559	44584.1849228	9533.203	26041.5186088	10513.18	14581.5316996
5.293	3009.80792677	9969.727	13178.3025097	9462.891	14904.2339465	10472.17	21621.7909644
5.294	3189.82722027	10048.83	17592.1502047	9533.203	27133.2321268	10473.63	22596.7480308
5.295	3278.3289257	9994.629	20475.0853932	9505.371	20913.7332074	10511.72	13141.3328717
5.296	3077.57300063	9999.023	27186.3358253	9462.891	36032.9805579	10548.34	15006.1383769
5.297	2982.60725267	9999.023	29874.5438108	9522.949	21257.3410381	10473.63	18144.3706591
5.298	3006.4104037	9997.559	29374.8384548	9539.062	13534.6389779	10523.44	33997.5246817
5.299	3052.76679537	9997.559	25489.7393642	9452.637	17765.9439795	10478.03	15441.7468091
5.3	3036.73143694	9996.094	32031.1302332	9528.809	22011.7276591	10500.0	24125.6557501
5.301	2996.01043332	9994.629	22487.432314	9454.102	21895.9344863	10480.96	17592.0894863
5.302	2910.46455403	10038.57	15297.4114142	9537.598	19146.2627457	10470.7	35974.5808924
5.303	2811.8920499	9996.094	32277.4279164	9537.598	14625.6653225	10485.35	33238.8295299
5.304	3011.88725429	9997.559	17097.1704753	9483.398	16328.5803098	10549.8	16466.7845733
5.305	2899.09445237	9965.332	22253.8597737	9546.387	24797.5120567	10527.83	25963.2962181
5.306	2954.33765613	9996.094	44142.8319677	9547.852	9594.92867383	10519.04	27382.4814148
5.307	2845.39038678	9994.629	36534.5162692	9451.172	17766.2505484	10511.72	16436.7802113
5.308	2729.98360715	10000.49	30648.8857542	9508.301	19292.7385605	10469.24	20420.8455775
5.309	2819.01246025	10041.5	19366.8904374	9484.863	13825.53487	10508.79	17922.293986
5.31	2640.98416568	9999.023	23375.6254973	9539.062	20810.7519871	10495.61	20086.2789183
5.311	3015.80235957	9993.164	19619.8629213	9506.836	14435.0663972	10502.93	15931.8395786
5.312	3005.62918175	9996.094	21378.0291512	9531.738	18307.0643497	10482.42	19020.4708937
5.313	2994.70658182	9996.094	33533.3522722	9500.977	18212.9504356	10546.88	10597.0726622
5.314	2802.10255877	10034.18	27049.1079186	9471.68	14905.5837499	10505.86	17289.4890953
5.315	3007.59820694	9985.84	30906.2608306	9458.496	19832.2679384	10494.14	18969.7114552
5.316	2851.67876019	9952.148	16215.4392553	9459.961	16890.9413877	10545.41	17720.9314627
5.317	2744.34101407	9977.051	17510.8233647	9477.539	19170.6360813	10467.77	21808.5781782
5.318	2792.50229925	9988.77	23606.0543005	9514.16	19321.3238112	10469.24	15034.3323658
5.319	2764.80995933	9953.613	13595.5394051	9500.977	13369.5744997	10461.91	12084.4929881
5.32	2686.78637371	9994.629	12475.4308025	9479.004	20477.7980389	10460.45	14617.6183899
5.321	2591.4596969	9963.867	12712.640332	9506.836	30671.9346776	10451.66	20016.5227532
5.322	2847.164178	10040.04	16269.1459445	9528.809	14353.3127997	10488.28	13395.0327711
5.323	2700.32978869	9997.559	20621.1709566	9484.863	16745.9191524	10479.49	18903.7281457
5.324	2659.83116964	10021.0	24514.9137909	9522.949	12523.4549543	10460.45	16245.3721377
5.325	2846.17423461	10029.79	32007.9974341	9524.414	12625.1679568	10514.65	18016.8063713
5.326	2870.07197234	10040.04	19954.2178081	9549.316	9744.31578964	10505.86	12316.7480155
5.327	2712.79340037	10028.32	16126.3756441	9468.75	15175.7380498	10502.93	27871.0816189
5.328	2659.23523029	10034.18	29075.5981094	9540.527	19520.3685445	10494.14	15465.6467648
5.329	2748.70716757	9966.797	20999.3799504	9512.695	14643.4333826	10516.11	18475.6633906
5.33	2806.39983369	9978.516	12730.7359386	9492.188	18323.7240484	10511.72	23891.2508613
5.331	2831.42557537	9968.262	18488.3610184	9539.062	18288.6183961	10489.75	15298.856083
5.332	2858.91319954	9994.629	14048.2881255	9480.469	21578.4387841	10545.41	21898.5801637
5.333	2943.69735173	10034.18	33491.49625	9480.469	14726.5149784	10486.82	25994.5231734
5.334	2704.18733239	9999.023	41372.5881184	9470.215	19457.9187214	10450.2	33828.0488597
5.335	3188.15258423	9997.559	28478.0900848	9508.301	20799.4260064	10543.95	14769.1106379
5.336	2891.98550768	9997.559	55890.2942506	9457.031	17705.0267661	10453.12	23124.923857
5.337	3140.35644891	9996.094	26677.2220414	9518.555	11634.5089911	10473.63	12017.48701
5.338	2776.92343578	9952.148	21573.7642125	9487.793	27672.4587654	10514.65	24953.5760127
5.339	3032.85918794	9996.094	36598.4276534	9541.992	14946.5053817	10501.46	19963.1621328
5.34	2925.02006546	9999.023	21190.4381631	9517.09	11883.1661561	10517.58	20529.9652602
5.341	2878.31313803	9969.727	18564.5649658	9479.004	18276.7024316	10453.12	15186.3663405
5.342	3019.83418875	10019.53	17387.7672259	9549.316	18939.2925275	10524.9	16128.1225411
5.343	3029.38799154	9996.094	36019.5132382	9458.496	24668.2918444	10517.58	21152.3053587
5.344	3215.65853637	9996.094	43971.8129906	9458.496	31920.5798611	10526.37	26711.1259386
5.345	3253.9869794	9994.629	51103.5641647	9474.609	26133.5309035	10548.34	13741.7617227
5.346	3166.67771863	9999.023	28890.1769143	9536.133	11293.7161052	10510.25	21675.5108596
5.347	3052.40795246	9999.023	27656.7379344	9452.637	22213.3925462	10450.2	26166.4108289
5.348	3312.99959858	9997.559	29347.5464221	9457.031	15727.0682793	10467.77	20175.1484363
5.349	3302.25744945	9996.094	46761.1120748	9508.301	28897.9111388	10521.97	22544.9794018
5.35	3405.94393595	9996.094	18577.6413305	9476.074	26615.3510305	10523.44	28411.6016061
5.351	3323.25878353	9994.629	16331.1910507	9527.344	8491.56463061	10460.45	29416.4410283
5.352	3416.41369169	9994.629	25117.273282	9484.863	22092.2186121	10460.45	18439.8957315
5.353	3560.29405793	10032.71	18126.5424869	9522.949	21521.3351709	10524.9	21217.7407644
5.354	3597.00120462	9997.559	66230.9610531	9458.496	23664.2751797	10546.88	17034.2307995
5.355	3336.83009378	9997.559	19471.6414697	9515.625	24775.7668276	10494.14	19350.8002458
5.356	3433.18396056	9962.402	31718.3396186	9514.16	18277.8696044	10491.21	16742.8108187
5.357	3597.32503365	9975.586	14771.6600402	9502.441	27261.5270382	10479.49	12565.9350476
5.358	3490.43299781	10009.28	26003.3289337	9499.512	20145.2478064	10488.28	19118.9340925
5.359	3647.97765042	10022.46	18185.2283484	9517.09	28493.7074521	10523.44	32807.7678864
5.36	3932.42745519	9999.023	25331.5961851	9536.133	24648.257904	10527.83	27883.0515678
5.361	3881.98876727	9955.078	31006.4025999	9490.723	46751.1732119	10526.37	22268.3902677
5.362	4022.04903614	9996.094	29012.0616322	9536.133	27561.3503578	10491.21	29045.6913531
5.363	3832.10715589	9994.629	33141.6216032	9499.512	23904.6736121	10539.55	46895.3639985
5.364	3833.53804482	9962.402	23721.2975435	9458.496	35471.3323674	10536.62	30028.8296298
5.365	4122.10694898	9975.586	17433.0407815	9486.328	23209.3002211	10467.77	40668.6831966
5.366	3991.53978399	10035.64	31102.2348896	9533.203	22437.2312242	10545.41	25386.825932
5.367	4080.78017925	10029.79	26131.7726084	9452.637	26397.5375474	10456.05	32784.439201
5.368	3997.19344427	9996.094	29201.4193081	9534.668	16524.0345223	10526.37	33075.9125761
5.369	4392.0301308	9996.094	43335.837958	9490.723	18599.5340639	10520.51	19300.4515999
5.37	4149.27983215	9994.629	36611.5421442	9543.457	21602.3809176	10454.59	35767.0796
5.371	4604.84595585	9999.023	38505.6720056	9518.555	29225.7170623	10524.9	46545.3118921
5.372	4656.3116336	9999.023	54499.2796623	9490.723	32745.3929552	10536.62	36872.0202952
5.373	4563.50729103	9968.262	31367.1202958	9521.484	34549.6033532	10476.56	34511.5454804
5.374	4391.54933524	10012.21	36405.7327792	9477.539	35480.4523681	10513.18	32377.0744983
5.375	4574.41942162	9960.938	49432.9987528	9502.441	30074.0790344	10457.52	48114.6029202
5.376	4783.38706807	9994.629	39941.461541	9533.203	47857.5290429	10502.93	43522.1686947
5.377	4654.92200931	9956.543	25572.8494822	9505.371	32239.8175542	10539.55	27012.9553701
5.378	4817.7451755	9999.023	37980.3551586	9452.637	41238.5914596	10505.86	28028.8284328
5.379	5395.0456608	9974.121	31153.4785597	9547.852	29858.9537893	10519.04	29889.8885522
5.38	5339.49986138	9997.559	57244.339926	9540.527	35667.8748012	10457.52	32327.8806938
5.381	4839.90415049	9981.445	25716.3612816	9543.457	51025.6008292	10524.9	39452.8868677
5.382	5172.53064753	9958.008	35218.6762186	9528.809	43848.5864958	10491.21	40180.2869873
5.383	4876.63091711	10000.49	55637.2675604	9471.68	23560.8730925	10467.77	27283.735067
5.384	5133.2050236	9985.84	26046.3702163	9490.723	46563.6957251	10491.21	26084.2602481
5.385	5390.11397951	10032.71	44553.6026132	9509.766	34513.8281685	10483.89	37112.4126157
5.386	5765.1801865	10047.36	40308.3290793	9465.82	39087.8112775	10457.52	20191.2336828
5.387	5508.92608281	9996.094	53015.1271421	9477.539	50814.0626117	10491.21	32018.0335464
5.388	5918.94940201	10007.81	23904.0995598	9502.441	45064.5129633	10497.07	37888.164594
5.389	5754.44933808	9965.332	37603.9912961	9486.328	29965.722236	10500.0	24290.7924675
5.39	6015.04363586	9991.699	36086.5815147	9533.203	39250.3353289	10476.56	28277.2345538
5.391	6058.74498271	9953.613	30649.2463241	9534.668	35461.3507201	10520.51	51762.8202876
5.392	6700.48344338	10044.43	54704.5067638	9528.809	33999.8240775	10500.0	40336.4837088
5.393	6326.73648018	10032.71	27479.4619069	9471.68	30624.7236805	10516.11	43742.1743999
5.394	5952.12493561	9968.262	29884.3346126	9492.188	47682.3965922	10466.31	38370.1127826
5.395	6394.00206729	10031.25	38606.6625497	9517.09	38158.1540744	10472.17	32626.2812315
5.396	6707.03308508	9971.191	39661.7165813	9546.387	42789.357443	10530.76	74876.9161308
5.397	6580.18780653	10016.6	61014.3795041	9539.062	39669.1125179	10451.66	68666.0609461
5.398	6902.88723616	9994.629	48441.0598265	9454.102	66578.892978	10539.55	47339.0082127
5.399	6683.01855006	9963.867	45873.1798867	9546.387	28455.0555735	10489.75	28516.3799436
5.4	7276.08350851	10003.42	38823.938923	9473.145	36953.0375026	10454.59	36300.9323638
5.401	7349.0683152	9962.402	68026.018451	9471.68	37840.7263686	10505.86	33036.0867275
5.402	7950.77784577	10010.74	44796.2269737	9524.414	46057.5015781	10454.59	70713.1566353
5.403	7338.65707066	9999.023	60161.6513893	9520.02	56969.5839681	10500.0	45177.4856109
5.404	7867.30286223	10028.32	45210.1216242	9498.047	30860.2201057	10498.54	42060.531715
5.405	7416.11404344	9985.84	49866.0255266	9544.922	47924.3800171	10451.66	38579.7521227
5.406	7847.22447592	9956.543	55960.1227446	9462.891	58747.0632419	10542.48	40595.6762489
5.407	7890.32494604	9999.023	51917.7216575	9470.215	37389.6999073	10504.39	58508.8215825
5.408	7797.79967092	9994.629	47517.2376735	9495.117	39304.4537512	10535.16	61936.0382454
5.409	7746.32984461	9999.023	58061.8525136	9467.285	75523.0595318	10526.37	45048.1041999
5.41	7595.96732363	10013.67	35092.3226649	9517.09	50330.6849648	10535.16	52568.4010151
5.411	8910.18242759	9975.586	76475.3344885	9455.566	45569.5493542	10507.32	83161.0372755
5.412	8723.85625062	10018.07	53879.3341939	9483.398	51488.2000138	10502.93	68128.0925283
5.413	8197.70623798	9977.051	52365.9647982	9483.398	58237.4204788	10453.12	53150.9242131
5.414	7727.52828012	10001.95	47480.1058991	9539.062	41685.9263015	10530.76	47834.0910574
5.415	8768.63658084	9993.164	49264.3291408	9540.527	59472.885916	10460.45	59823.9256702
5.416	8411.27328343	10025.39	45902.8139421	9477.539	46698.9739462	10549.8	41303.5157494
5.417	8908.20242201	9997.559	68416.2105168	9514.16	58689.4652027	10463.38	41909.9417376
5.418	8270.12425208	10034.18	52876.8842854	9518.555	37608.38893	10470.7	77768.6858589
5.419	8938.37362479	9996.094	43842.6905776	9473.145	43846.5625076	10500.0	98298.2528961
5.42	8608.57942723	9994.629	38104.4517925	9465.82	72087.3514751	10488.28	57326.2317363
5.421	10300.2866529	10015.14	52752.2621183	9514.16	57287.7645743	10479.49	54830.6297696
5.422	8156.89989323	10040.04	59942.8993588	9459.961	51830.7203984	10526.37	65402.0451771
5.423	9131.78702147	10000.49	98260.7009264	9474.609	84601.6420621	10479.49	54772.355845
5.424	9417.17627082	10013.67	42807.5099567	9511.23	57734.9465359	10488.28	51585.3818647
5.425	9557.27056688	9982.91	39434.6228778	9512.695	50958.5141356	10545.41	44224.5208753
5.426	9146.36312089	10045.9	38693.2421418	9536.133	58707.9143913	10549.8	32842.3616238
5.427	9073.38042256	10022.46	63224.0312869	9492.188	59854.771796	10526.37	36317.0477113
5.428	9133.09647034	10022.46	51823.3018313	9518.555	78057.2443621	10527.83	47514.0593938
5.429	9517.64778419	9975.586	71074.0808573	9490.723	57427.7895734	10530.76	57056.9304698
5.43	9144.33360589	10006.35	42475.3517038	9457.031	58792.0208548	10514.65	53687.5682113
5.431	9525.93820704	9955.078	73306.0070329	9468.75	55260.0399828	10488.28	81615.8142753
5.432	8167.25320703	10025.39	57628.6770435	9474.609	45552.6324663	10517.58	57206.8297315
5.433	8349.12532876	9994.629	58929.3328076	9509.766	44013.7239185	10542.48	68924.3848435
5.434	9008.14878061	10003.42	58870.1695131	9547.852	53361.9472446	10517.58	70242.8353612
5.435	9222.27398732	10022.46	61195.7818298	9487.793	49287.1449564	10480.96	65202.7148135
5.436	8978.74663508	9960.938	80310.0937727	9544.922	46877.4860663	10533.69	82071.8829328
5.437	8870.16186957	9993.164	47318.4248506	9518.555	45831.8595708	10521.97	62734.3335512
5.438	9209.51859191	9971.191	67254.4218288	9493.652	54601.3442674	10464.84	66062.5789366
5.439	9223.21159557	9982.91	34957.4796333	9506.836	79800.5128454	10475.1	68911.2497247
5.44	8712.94070866	9972.656	79319.0931928	9500.977	53179.5617311	10456.05	63643.7706508
5.441	8309.90387872	9971.191	67244.9389514	9470.215	70559.1827946	10548.34	85080.6998348
5.442	8612.63342015	9963.867	53817.7116931	9527.344	98318.1385894	10507.32	75972.3975636
5.443	8105.67090396	9969.727	58848.2602637	9464.355	57593.7336852	10467.77	59651.3478654
5.444	9179.84029629	9974.121	68774.0330537	9512.695	82586.1187953	10548.34	60425.4946785
5.445	8103.26305357	10003.42	67827.4541748	9474.609	41561.4029877	10476.56	57673.2623169
5.446	8896.0635736	10042.97	56514.9754516	9546.387	55890.4606065	10451.66	76885.1609791
5.447	8882.0996255	9979.98	39328.1254677	9492.188	27855.3345537	10542.48	47380.7999656
5.448	8409.30536518	10001.95	28755.7884517	9470.215	41195.1165089	10536.62	58117.6772804
5.449	8124.93153091	10023.93	48796.1165832	9483.398	60374.6412515	10467.77	57932.032846
5.45	8202.70726909	10041.5	80609.2094642	9528.809	38585.0820656	10543.95	47865.6048162
5.451	7429.6356874	10003.42	50912.7973215	9467.285	57090.9870057	10529.3	53577.7718061
5.452	7355.36468874	9996.094	37851.8492491	9547.852	29833.8623547	10521.97	51219.1136515
5.453	7547.9053137	10040.04	71297.7631321	9458.496	51265.0823426	10502.93	43313.6459713
5.454	7933.61165779	9997.559	41943.7559272	9502.441	45270.6225069	10536.62	84543.7886949
5.455	7295.95015162	10019.53	41130.5501999	9454.102	48450.8217844	10523.44	64504.6231948
5.456	7790.27252653	9978.516	51692.6903579	9486.328	42108.0856644	10510.25	52128.2661124
5.457	7107.90588138	9994.629	66360.0138507	9493.652	34510.8608195	10464.84	48128.1721002
5.458	7195.63187647	9952.148	72311.053798	9520.02	42208.1530071	10507.32	53652.7358269
5.459	7120.07888996	9978.516	51086.442503	9502.441	44407.1232484	10470.7	48652.1117396
5.46	7191.89984086	9958.008	48377.7894219	9537.598	43302.8952922	10483.89	44532.4977228
5.461	6537.64853302	9999.023	55880.7606583	9465.82	34680.6248724	10538.09	37866.1341461
5.462	6711.63092976	10015.14	48760.2188858	9467.285	59559.2912049	10549.8	52775.4155988
5.463	7243.96063122	10004.88	49198.2111406	9534.668	31604.0630161	10538.09	64259.676352
5.464	6795.67368554	9996.094	58666.919256	9511.23	53929.5702959	10500.0	69832.7129852
5.465	6843.34991663	10025.39	75735.6601893	9461.426	37704.7583511	10517.58	37044.1393888
5.466	6668.86975566	10038.57	36898.0625201	9525.879	41049.9628649	10491.21	63990.430771
5.467	6703.14785638	9997.559	57728.4118982	9452.637	32202.8271268	10536.62	25272.4802403
5.468	6474.07775283	9975.586	40014.3346757	9487.793	35660.8644906	10504.39	23885.9048079
5.469	6252.31524448	9969.727	46238.1709512	9462.891	32441.8097132	10516.11	32142.0519118
5.47	6423.8291644	10042.97	33146.5373364	9457.031	51701.8900823	10521.97	51129.2399464
5.471	6341.70806895	10031.25	24645.3599618	9514.16	38025.7200558	10460.45	44099.9403781
5.472	6115.28579003	9997.559	44037.8600538	9503.906	54034.0652859	10513.18	49057.8823029
5.473	6663.68336592	10004.88	27584.7276959	9495.117	27882.3491169	10458.98	38085.2607748
5.474	6005.3226805	10023.93	62418.5247872	9506.836	39551.5221226	10523.44	22349.8350705
5.475	6351.00239774	10047.36	64689.0015692	9500.977	34810.595824	10546.88	29826.232516
5.476	6076.93878983	9987.305	35933.1528288	9457.031	43022.2403665	10498.54	57365.0093048
5.477	6203.87318989	9965.332	36477.6585248	9543.457	49218.1818221	10470.7	35201.0247299
5.478	6302.33833649	10038.57	33928.4327377	9499.512	42487.2931932	10466.31	38431.2439126
5.479	5914.33541532	10031.25	32003.7932778	9530.273	46773.3624534	10485.35	36700.515767
5.48	6134.87261383	10026.86	32349.1121831	9543.457	28226.2524675	10514.65	32559.050157
5.481	6282.15272683	10044.43	31167.408417	9468.75	44651.0797983	10507.32	44653.1618921
5.482	5670.55917133	10045.9	48830.7471196	9509.766	34201.6168127	10463.38	45057.5401303
5.483	6355.89084145	9965.332	48548.9493287	9543.457	28864.7486499	10524.9	27515.2802987
5.484	6351.0119768	10001.95	53262.4469113	9474.609	29848.6336009	10511.72	39535.9020855
5.485	6069.99109436	9952.148	51659.3061472	9512.695	33795.3333658	10497.07	43993.2480142
5.486	6173.85695518	9965.332	42181.1154271	9518.555	25667.500559	10502.93	34733.7631574
5.487	6230.04482728	9984.375	28436.0155656	9531.738	27896.3426731	10542.48	55322.0937492
5.488	5836.80905713	10047.36	49021.1950821	9459.961	44801.2214713	10536.62	50715.7379491
5.489	5620.37985799	10041.5	48983.2159238	9512.695	50573.1227883	10545.41	65538.5741234
5.49	6198.04393502	9968.262	30604.4021957	9461.426	22328.5929279	10535.16	25620.0434767
5.491	6150.98502807	10032.71	31140.6871012	9502.441	30085.6245738	10483.89	36301.2016759
5.492	6245.6027692	10023.93	36888.5724668	9518.555	45751.3194567	10463.38	29314.2586064
5.493	6302.49980615	10009.28	37979.4935601	9520.02	53412.9038368	10501.46	33509.2674547
5.494	6361.5943824	10015.14	43727.7818174	9509.766	31373.0543566	10479.49	29738.0691698
5.495	6295.33188589	10047.36	35102.8809311	9461.426	39949.3845141	10545.41	22540.9237956
5.496	6150.76419337	9985.84	36502.7219087	9527.344	27155.6613733	10507.32	55769.1721291
5.497	6064.15016846	9963.867	29520.6352545	9490.723	66730.0701132	10453.12	52155.2460802
5.498	6275.19619263	9968.262	31292.42976	9528.809	34526.9423973	10497.07	30458.0689755
5.499	6196.70728023	9971.191	30498.8417611	9495.117	62544.0536167	10478.03	51439.1331065
5.5	5728.63001644	10032.71	25201.5442349	9543.457	51471.3561714	10475.1	30782.2654232
5.501	6503.37928305	9987.305	33578.2016402	9515.625	36329.1378047	10461.91	47379.0980426
5.502	6497.90616819	9991.699	38227.3160298	9549.316	33672.9287716	10523.44	44514.5279466
5.503	6091.58660556	9987.305	36783.708942	9506.836	42086.5650821	10463.38	40103.1679698
5.504	7001.44425473	9963.867	41811.0627026	9521.484	30867.1713732	10507.32	31390.3102674
5.505	6411.17036613	9952.148	25470.1107434	9461.426	34740.0686842	10494.14	46568.4116315
5.506	6560.74346229	9984.375	36388.7485839	9465.82	36558.4960237	10478.03	44329.9725121
5.507	6534.32890627	9990.234	52957.6344164	9534.668	35184.0939487	10480.96	48529.7972828
5.508	6689.38387552	10038.57	38766.1525104	9547.852	32746.3161648	10476.56	36448.7198785
5.509	6907.29041623	9963.867	45555.1577662	9531.738	35975.8818051	10510.25	46994.4815405
5.51	6906.40803854	10016.6	54295.4656882	9457.031	37401.6301822	10536.62	39522.0369955
5.511	6683.35395915	9962.402	41362.4698903	9470.215	35313.1792386	10545.41	26866.9751542
5.512	6931.80391627	9982.91	69999.9340781	9496.582	41846.7674313	10514.65	51146.9894523
5.513	7036.70250336	10025.39	53213.769852	9506.836	50697.69172	10532.23	51807.3673831
5.514	7469.44238221	9975.586	36641.8677535	9515.625	45802.5726327	10526.37	34754.5106684
5.515	7294.47431173	10006.35	85201.008277	9520.02	61943.1335805	10488.28	46872.9753528
5.516	6955.47463495	10032.71	44553.1446478	9457.031	50828.6060728	10516.11	37889.8284884
5.517	7383.88636527	10000.49	66894.7334954	9489.258	37510.074852	10530.76	45769.026753
5.518	8078.40055518	9981.445	65067.7979602	9537.598	45263.6884435	10541.02	35114.1474942
5.519	7706.45391153	10015.14	40994.6890375	9496.582	65388.5170479	10541.02	66297.1288502
5.52	7529.53327579	9991.699	34297.2286319	9500.977	72164.9992274	10539.55	74710.9923654
5.521	8213.12457947	10018.07	55410.8341255	9467.285	49876.946997	10483.89	59922.0322795
5.522	8106.0055319	10038.57	44620.9129158	9543.457	72997.4248472	10456.05	35546.9590111
5.523	8287.40594804	9965.332	64686.9517079	9452.637	34862.7039909	10526.37	45481.0471565
5.524	8377.00529133	9960.938	52672.397971	9465.82	48408.9371998	10498.54	73956.804452
5.525	8070.62507825	9962.402	70889.5176534	9502.441	38202.3678139	10524.9	51323.3053689
5.526	8225.48072557	10031.25	59343.8596603	9496.582	63964.7566439	10517.58	76324.6799245
5.527	8778.5736433	10042.97	55126.8233312	9468.75	69654.803404	10526.37	57819.2882626
5.528	8776.75448367	10037.11	66965.2147978	9477.539	52561.9242885	10532.23	56407.2323695
5.529	8422.52071964	9955.078	51899.1957697	9480.469	61385.6230485	10527.83	61018.3744617
5.53	9046.93547377	9950.684	48133.8639642	9495.117	35423.786883	10478.03	49829.5813078
5.531	8917.62620504	9968.262	70608.7395734	9495.117	48887.5966941	10489.75	40391.0332902
5.532	9052.94726528	9953.613	76785.3548727	9486.328	41520.2251298	10520.51	66517.4269388
5.533	9179.55659616	10042.97	40734.1192989	9511.23	55181.7363456	10511.72	52691.4774927
5.534	9418.86375426	9958.008	66839.7959304	9512.695	58981.1064782	10485.35	49643.4473846
5.535	8919.63066155	9985.84	49306.0858638	9525.879	53420.9034934	10476.56	99883.9733246
5.536	9541.00601824	9972.656	65714.8149906	9455.566	65622.0912755	10538.09	86631.0660363
5.537	9440.32632745	9974.121	41657.9007566	9454.102	68866.0085581	10454.59	48973.5760063
5.538	9810.06024057	9974.121	50714.5807979	9537.598	51818.6765245	10520.51	61434.7677973
5.539	10032.7830318	10042.97	43498.9667194	9515.625	61026.5761026	10526.37	47677.9015516
5.54	10372.6295854	9978.516	78806.0138583	9514.16	71275.1122685	10480.96	92053.3919051
5.541	9901.21045796	9975.586	45028.4436756	9503.906	78362.6046424	10480.96	36209.0567873
5.542	9442.96168	10019.53	61008.521051	9520.02	58794.4004786	10478.03	108462.623259
5.543	10213.3087767	9959.473	77150.8869714	9540.527	79645.6602255	10453.12	54657.6080509
5.544	9944.12822406	9950.684	60335.5044238	9549.316	67895.4959331	10461.91	51411.2829051
5.545	9967.61196074	9977.051	109283.154631	9508.301	110946.894484	10482.42	60709.535868
5.546	10343.8838047	10038.57	42021.3924238	9495.117	99576.4055713	10516.11	72174.0164742
5.547	10907.1106271	10038.57	52803.8861244	9489.258	54760.5857045	10500.0	91368.6426927
5.548	10678.8056073	10004.88	61329.1057235	9454.102	54784.2624718	10475.1	88031.7286312
5.549	9984.1246844	9969.727	58401.2898923	9522.949	70488.0469322	10516.11	89856.7293084
5.55	11321.3938184	9997.559	47106.4211781	9499.512	73263.1558623	10466.31	105248.808714
5.551	10824.4902257	9991.699	55368.9569337	9511.23	69838.4424493	10519.04	45219.5918057
5.552	11474.4972735	9969.727	75827.2320542	9521.484	45752.2367026	10489.75	64592.9146291
5.553	10721.7404221	9962.402	74070.6419864	9455.566	55056.3778776	10536.62	51092.7825663
5.554	11453.3738887	9960.938	137019.338317	9476.074	128272.452408	10519.04	101753.228559
5.555	11328.575416	10021.0	67780.5522702	9537.598	62122.7906407	10516.11	67649.6255487
5.556	11115.6291155	10023.93	79148.7575128	9471.68	94243.5034196	10497.07	74190.780224
5.557	11420.3136832	10023.93	76287.6722674	9531.738	68810.4979501	10469.24	107780.279001
5.558	10291.8189992	10034.18	65683.899264	9522.949	55006.061799	10450.2	109937.430966
5.559	11197.3140419	10018.07	58984.7940562	9517.09	110046.949967	10469.24	89483.8928061
5.56	11286.3114184	10029.79	60105.3101074	9511.23	76539.2420812	10491.21	83116.5779798
5.561	11585.6060904	10009.28	63160.236961	9477.539	62058.3632406	10513.18	59786.6364984
5.562	11198.4594209	10009.28	75416.4646697	9454.102	76493.4781049	10546.88	58860.3798413
5.563	10984.6929278	9969.727	71776.591087	9512.695	40341.9540799	10513.18	59390.9896698
5.564	10959.7033354	9996.094	89094.0517419	9527.344	155221.885575	10545.41	78330.1291098
5.565	11099.0508816	10000.49	44320.0488964	9465.82	85429.4036892	10479.49	44365.9394194
5.566	10852.1996029	10022.46	59979.5097698	9479.004	60140.4570045	10495.61	95545.6928645
5.567	11105.6406917	9974.121	38874.6205939	9530.273	84133.5240982	10546.88	81731.6404545
5.568	11635.8639551	9988.77	54297.396352	9473.145	116250.924953	10524.9	64332.5700906
5.569	10791.9262818	9977.051	88514.1715117	9524.414	58682.3877094	10482.42	65522.4981639
5.57	10464.3475919	9999.023	76535.7983315	9500.977	71560.8104307	10517.58	55847.2885492
5.571	10571.1437849	10032.71	70714.0879644	9483.398	68204.9143271	10513.18	67226.274903
5.572	10752.3954235	10001.95	50020.0521989	9533.203	47848.1385147	10520.51	70134.6651089
5.573	11566.8400133	10022.46	58605.3080818	9511.23	55396.1564609	10542.48	52679.0501745
5.574	10103.8870451	9987.305	49138.2325621	9518.555	52843.7883792	10500.0	57154.7737015
5.575	10701.2912441	9999.023	60690.6797952	9503.906	80507.1695755	10467.77	76375.1268377
5.576	10724.1870162	10042.97	71844.6496101	9455.566	100612.770862	10535.16	57072.2760673
5.577	10232.1513527	9959.473	84472.4978804	9496.582	68801.3989073	10453.12	113826.917285
5.578	10150.9467955	10001.95	65910.1079474	9534.668	72031.7859302	10549.8	70438.4910113
5.579	10098.3230305	10001.95	41425.8737909	9471.68	41218.9248939	10486.82	72811.2713815
5.58	9613.27564565	10006.35	66635.354524	9477.539	84968.2268544	10548.34	59554.2558418
5.581	10122.597428	9962.402	35825.3732801	9547.852	71490.0380795	10543.95	78515.9203419
5.582	10402.3969225	10015.14	39201.8152245	9543.457	49785.2388199	10511.72	45001.4237716
5.583	9827.9893245	10029.79	101470.108404	9474.609	78558.9768675	10530.76	45592.3419022
5.584	9766.3891477	10012.21	51503.3556498	9528.809	73719.7836511	10476.56	51153.8618077
5.585	11320.1490213	9981.445	57737.3851365	9495.117	37229.2808885	10511.72	69270.1699944
5.586	10453.1787222	9981.445	42843.9607944	9517.09	91094.8827966	10489.75	97824.6429589
5.587	9710.06853416	9963.867	57772.7793166	9492.188	49535.5471566	10456.05	63607.5695254
5.588	9514.80188712	9996.094	48659.3348207	9459.961	40344.7637809	10511.72	71681.9732029
5.589	10177.9770535	9988.77	92989.0638956	9481.934	58888.0673058	10480.96	77902.5614066
5.59	10091.8484246	9993.164	61260.7866131	9489.258	61902.579442	10510.25	60107.2007703
5.591	9891.12222203	9987.305	84931.5144973	9455.566	80194.0672424	10486.82	50246.6443823
5.592	10708.5506937	9969.727	70057.0317308	9541.992	65233.4307252	10511.72	106481.011122
5.593	9722.13369242	10042.97	63915.2760999	9549.316	61866.333558	10479.49	47547.5858062
5.594	9763.07625733	9978.516	70251.3392899	9531.738	98312.4407974	10478.03	59675.1064327
5.595	8849.12242085	9984.375	82718.1649214	9465.82	63955.4482628	10533.69	57860.3185961
5.596	10165.4835376	9977.051	67431.3078887	9521.484	54115.1377719	10511.72	64852.9737375
5.597	9628.7138041	10047.36	77070.9465148	9521.484	28946.0711813	10505.86	77937.0361229
5.598	10344.0771976	10041.5	59707.6020792	9543.457	61001.0813281	10519.04	78522.1793701
5.599	9650.10008457	9993.164	53625.8539684	9525.879	54908.0407066	10489.75	78648.8686206
5.6	9419.94576037	9996.094	71732.1929963	9479.004	50858.7901948	10488.28	46129.7383518
5.601	9744.14602623	9952.148	38306.4618178	9499.512	54925.2717563	10486.82	84884.556925
5.602	8927.76261191	9984.375	64736.1927889	9457.031	73584.4795646	10516.11	76927.8529772
5.603	9444.88940155	9987.305	58744.4525773	9518.555	51445.5416494	10495.61	40995.4899789
5.604	9764.0519572	10025.39	59610.4892046	9517.09	67289.5278626	10516.11	43316.7076362
5.605	9541.28920754	10045.9	75356.5267711	9461.426	52385.0009046	10460.45	68400.1749854
5.606	9091.47251556	10032.71	34831.8028068	9540.527	51389.0527921	10461.91	42762.9511686
5.607	9257.36798106	10022.46	64568.8610252	9536.133	76625.3840624	10526.37	35103.109198
5.608	9324.98900564	9955.078	59552.0117529	9495.117	59737.23684	10532.23	58886.2987537
5.609	9315.69148902	10038.57	44853.5616558	9528.809	58018.9792709	10454.59	56110.7343412
5.61	9207.47835344	9963.867	46104.2335874	9533.203	45435.6799924	10527.83	46030.7442407
5.611	8657.35309465	10048.83	33228.5344	9525.879	73782.0633398	10545.41	33919.5587503
5.612	9314.36455245	10022.46	70351.7971882	9471.68	66429.5240356	10488.28	42726.906583
5.613	8510.24930772	9958.008	58137.6265085	9503.906	51174.0193749	10539.55	58829.4876795
5.614	8542.56677798	9958.008	56143.7894857	9506.836	81490.8624618	10538.09	52864.7889115
5.615	10154.7078068	9953.613	37681.3555061	9452.637	106211.178445	10529.3	66796.1503883
5.616	8522.10485981	10038.57	57830.9127838	9547.852	73691.4265006	10478.03	38751.8592878
5.617	8516.7273212	9966.797	54788.7251678	9536.133	46310.6925212	10470.7	42427.619538
5.618	8691.09920731	9958.008	65713.5967303	9536.133	59821.4989708	10485.35	55339.6755061
5.619	8752.21494256	9991.699	53101.3866363	9480.469	44727.321508	10469.24	49165.2503703
5.62	8370.17523034	9968.262	63836.9229069	9517.09	97074.5129557	10505.86	43816.7281337
5.621	7958.11861558	9969.727	58854.6398937	9489.258	58440.1238877	10517.58	51265.495955
5.622	8315.40753488	9952.148	68360.7592123	9511.23	47478.9274371	10530.76	42189.3580759
5.623	8483.5214553	10032.71	61439.8512768	9509.766	50796.0010148	10545.41	68190.434078
5.624	8091.58710788	10012.21	71744.3937942	9544.922	48774.9824182	10500.0	49646.062677
5.625	8293.92840785	10025.39	65538.1288384	9455.566	54952.7736268	10469.24	49078.424643
5.626	7925.72125628	9975.586	44035.8232795	9527.344	40741.8793986	10461.91	30722.6192471
5.627	8023.55614603	10029.79	59241.9026283	9508.301	29790.4791118	10478.03	102845.181457
5.628	7321.19347918	9999.023	39485.3866646	9471.68	71970.5780872	10549.8	49863.9515551
5.629	7527.76173144	9996.094	69194.3113686	9455.566	40279.2412526	10549.8	36536.370735
5.63	8029.61474858	9982.91	40132.2087163	9465.82	55783.1280449	10450.2	32585.4658309
5.631	8097.48519541	10013.67	64224.7587547	9468.75	43892.5492726	10536.62	44787.0163558
5.632	7468.37968795	9994.629	48971.8891574	9530.273	35258.1561854	10526.37	71455.6737834
5.633	7634.124687	10010.74	51172.159696	9549.316	25651.2152047	10536.62	34420.3314737
5.634	7200.28369175	9952.148	39022.656822	9462.891	37390.8306652	10482.42	46092.4293917
5.635	7323.09366543	10047.36	28749.5340947	9455.566	59303.6085086	10539.55	54779.8412203
5.636	6730.95605637	10013.67	51950.9725675	9492.188	51256.1568406	10526.37	35717.7801077
5.637	6901.32021339	9997.559	46719.2546248	9534.668	49194.3701724	10451.66	41433.402815
5.638	6782.46105007	10004.88	62761.3362233	9544.922	55981.4587513	10500.0	37683.9198256
5.639	6689.15613517	10015.14	41031.3311149	9531.738	54486.0679038	10456.05	42939.3396987
5.64	6688.87934907	9997.559	49032.7598787	9502.441	32250.4804785	10526.37	37376.2879442
5.641	6434.82186947	10015.14	32475.303514	9481.934	27830.5788078	10505.86	24519.7849365
5.642	6547.78217675	10040.04	35043.3999962	9454.102	53396.5415227	10533.69	60402.596379
5.643	6390.90467896	10001.95	28244.4727488	9481.934	56144.2114784	10504.39	55843.1403599
5.644	6154.0665465	9956.543	41383.3885498	9521.484	30935.5881769	10514.65	34527.303062
5.645	5940.73729108	9985.84	57618.9589539	9512.695	48935.4956185	10546.88	32656.640179
5.646	6025.41522112	9975.586	62215.4749112	9457.031	68251.9341591	10473.63	46876.9791553
5.647	5977.60703217	10035.64	44948.5666577	9525.879	46539.4524274	10543.95	43285.7364101
5.648	5831.10467689	9979.98	27485.9133696	9451.172	52514.5479486	10520.51	32149.6376207
5.649	5854.20994015	9996.094	25209.1464532	9492.188	25766.9497773	10475.1	49026.6475424
5.65	5526.28737006	10018.07	37444.0514256	9483.398	33811.5955539	10549.8	24555.6812684
5.651	6059.05355632	9979.98	49941.3702453	9539.062	21124.491777	10457.52	53964.162649
5.652	5600.04797249	10028.32	37590.4897371	9541.992	31781.3387865	10461.91	33980.6236754
5.653	5632.03004822	10032.71	34535.5821902	9452.637	34458.2824122	10505.86	23564.8556955
5.654	5616.7876708	10048.83	23275.546975	9489.258	26892.6757125	10470.7	48923.9127838
5.655	5429.5028797	9968.262	38462.7821836	9512.695	33752.0296722	10450.2	20885.3873304
5.656	5224.75767117	9966.797	35706.4081511	9511.23	35294.9320707	10483.89	29100.6019791
5.657	5813.14526729	9974.121	36295.2897076	9459.961	37795.0893634	10517.58	43781.7343116
5.658	5320.28124448	10022.46	55642.2517525	9503.906	30600.0714423	10486.82	27255.3275979
5.659	5229.74857718	10029.79	25687.8137101	9522.949	27663.7460651	10535.16	32044.5350173
5.66	5251.22901486	9990.234	25789.7435123	9462.891	31123.6233526	10521.97	43251.3444976
5.661	5045.56609383	9981.445	40901.7959562	9511.23	41389.3985942	10475.1	35861.2955111
5.662	5384.41015593	9982.91	32688.8335645	9477.539	66121.4009399	10505.86	35015.3446409
5.663	5175.61962574	10028.32	40205.371279	9489.258	22017.8635356	10460.45	35709.6007262
5.664	5123.15526693	10040.04	34817.3133041	9500.977	43752.3776667	10504.39	38108.9786326
5.665	5240.18204294	10034.18	51522.6137474	9515.625	38388.7030743	10494.14	25353.3731877
5.666	5160.00597149	9965.332	23625.8271647	9464.355	43993.4249677	10501.46	25116.3562828
5.667	5199.82136211	10035.64	46183.8503173	9511.23	40153.8306078	10548.34	41689.0897544
5.668	4762.79818296	10037.11	32422.3174352	9495.117	35961.7300766	10476.56	50864.1442788
5.669	4973.74252052	9968.262	59929.9675063	9547.852	34995.2953473	10510.25	54721.0240761
5.67	4842.9898298	9982.91	61774.6606152	9470.215	45799.9967741	10517.58	23778.5160957
5.671	4810.05634526	9975.586	34380.6095607	9543.457	23453.8610588	10529.3	51765.4332884
5.672	4939.86674246	10044.43	33933.3885786	9477.539	22562.6555062	10463.38	18594.9062076
5.673	5065.36519057	10038.57	32350.0427308	9486.328	28595.7316852	10472.17	18973.4219103
5.674	4443.54174473	10035.64	23657.7721228	9454.102	33662.6558751	10458.98	26239.6191299
5.675	4578.19543599	10018.07	34984.2311601	9518.555	31280.8415563	10548.34	23738.7223227
5.676	4482.12833076	9979.98	27586.034909	9464.355	30291.3029825	10492.68	24897.8303225
5.677	4723.45124664	10006.35	22810.6669393	9499.512	40772.7873335	10505.86	21298.3923515
5.678	4463.42754082	9984.375	31190.1411802	9530.273	41044.0154105	10514.65	42388.0936441
5.679	4283.68714604	9987.305	21034.8850915	9530.273	27597.6278483	10523.44	25245.621984
5.68	4241.57535799	10015.14	29707.3087185	9514.16	31007.9693277	10478.03	27163.3148896
5.681	4133.62661932	9977.051	26244.6890589	9520.02	30579.6244824	10548.34	28969.8017212
5.682	4018.97982	10004.88	32807.9566024	9483.398	15186.2249392	10527.83	23549.8967647
5.683	3567.50135743	9965.332	18211.5604972	9522.949	28956.3650338	10489.75	30997.373621
5.684	3750.62508212	10013.67	18741.6524673	9508.301	23102.2920305	10548.34	24921.1434439
5.685	3476.21701347	9952.148	32172.9360403	9534.668	21549.4979565	10497.07	9191.32812959
5.686	3475.6292918	9959.473	30756.1870674	9543.457	14927.9416748	10521.97	19322.5112045
5.687	3292.56645251	9999.023	15452.1636918	9498.047	26099.0869877	10507.32	22962.6956526
5.688	3207.1458983	10015.14	15681.1796583	9517.09	13760.0328708	10529.3	22404.6176382
5.689	2882.58873092	10000.49	13743.1004895	9521.484	18758.4092438	10524.9	32510.9334282
5.69	2738.83868648	9974.121	22554.1701215	9496.582	13483.0781168	10501.46	12523.0769315
5.691	3046.97972238	9994.629	14972.713702	9528.809	19873.7070287	10500.0	14112.2143114
5.692	2739.72765289	9962.402	12668.6050509	9525.879	16546.5758402	10482.42	24608.3006094
5.693	2772.04733899	10018.07	14337.8481747	9527.344	11052.1027798	10546.88	10443.440823
5.694	2984.35192184	9997.559	27174.3713411	9464.355	12472.717932	10523.44	14765.3683443
5.695	2625.96282613	10007.81	10267.217267	9471.68	12749.5031053	10507.32	12520.1291974
5.696	2573.74090083	10031.25	15602.4735975	9454.102	13746.7235609	10529.3	18628.6342149
5.697	2486.31062107	9999.023	21155.3173276	9480.469	19685.1207357	10478.03	17166.4525293
5.698	2519.5190374	10016.6	13910.5805806	9525.879	14742.1059333	10511.72	16137.5867318
5.699	2588.09090401	9984.375	9285.80523539	9522.949	15467.9492015	10486.82	13687.7401728
