# Slightly diff IF
5.5	14065.90962	9996.094	166455.080449	9489.258	49687.5730772	10511.72	43894.913664
5.501	12937.0483076	9963.867	73481.5406434	9489.258	81943.0920767	10541.02	76421.0684296
5.502	13047.6488457	9987.305	61802.5522953	9506.836	65825.581249	10482.42	62080.8448676
5.503	12176.1532688	9952.148	120188.922994	9483.398	63481.1373031	10511.72	85179.9989047
5.504	13551.894944	9952.148	86752.199844	9489.258	72154.1367073	10511.72	45194.3073369
5.505	12915.5094002	9966.797	64445.2801817	9454.102	99663.2222095	10541.02	71251.6122277
5.506	13507.6536965	10040.04	102109.779858	9471.68	65957.9590144	10546.88	65304.321423
5.507	12427.9487909	10037.11	98500.3545199	9489.258	77708.2728437	10485.35	75395.3460945
5.508	14126.0237461	9952.148	101558.674793	9530.273	63263.8351569	10541.02	50789.7917722
5.509	12342.9532733	9999.023	72013.1982681	9477.539	61120.6162549	10488.28	99130.7307601
5.51	13318.4621986	9990.234	74913.4830545	9503.906	56445.9575081	10502.93	97152.8987398
5.511	12703.4861237	10048.83	43003.680482	9498.047	46865.5268407	10456.05	79731.6685827
5.512	13785.8932925	10042.97	56311.256327	9489.258	67840.1591367	10450.2	94439.9570034
5.513	13276.2661502	9963.867	88151.1288651	9512.695	69938.2831251	10546.88	68653.3871206
5.514	12417.0053894	10048.83	71022.3253648	9527.344	117037.723518	10549.8	60609.9470848
5.515	13070.9801645	10025.39	81094.6032207	9530.273	71818.9839827	10535.16	69200.9298628
5.516	12713.7584953	9999.023	62924.8660431	9492.188	66799.1083482	10526.37	49205.0156065
5.517	13134.3496703	9960.938	92148.8310592	9457.031	96506.6522737	10535.16	89442.5456627
5.518	11894.1907086	9996.094	110199.929822	9536.133	59401.2846122	10494.14	59255.2340687
5.519	11569.6652857	9969.727	68032.2601723	9474.609	48878.847904	10520.51	69857.2528689
5.52	12221.6461575	10016.6	127006.054139	9512.695	73864.3504077	10523.44	42830.3597966
5.521	12472.9429394	9996.094	66037.447005	9495.117	71420.5689543	10497.07	64868.9806566
5.522	12784.9084885	9984.375	61103.7846334	9495.117	100964.333456	10529.3	64555.4479723
5.523	12099.2407105	10048.83	69843.5027069	9544.922	40440.2302608	10505.86	72784.1927134
5.524	13482.5939255	10042.97	82439.311343	9539.062	75012.166841	10511.72	79461.5414775
5.525	13246.4731879	9996.094	66014.4333317	9547.852	59473.891154	10549.8	55693.6735377
5.526	12790.449659	9960.938	79502.1357034	9500.977	107458.654747	10494.14	109270.833771
5.527	12848.7006788	10019.53	105313.56199	9459.961	90087.8210306	10464.84	45371.2002962
5.528	12021.6125956	9990.234	111101.93084	9480.469	53192.3538656	10485.35	113531.513638
5.529	13224.0883267	10048.83	47444.7202158	9512.695	66997.009504	10514.65	95283.4700381
5.53	12725.5389123	9987.305	47812.2987527	9454.102	92212.6008623	10523.44	51350.6025035
5.531	13055.4699857	10016.6	115945.588933	9483.398	73911.4147455	10546.88	71342.9712696
5.532	12694.8123951	10016.6	80435.2958252	9459.961	85360.7943629	10514.65	54015.9512942
5.533	11627.2828255	9958.008	84773.0077288	9527.344	81515.3541476	10453.12	65051.1104403
5.534	12691.0756581	9975.586	118603.165082	9451.172	99059.2037178	10482.42	52184.8071279
5.535	12219.2692627	9972.656	54289.4817112	9457.031	137027.964766	10494.14	141904.568355
5.536	13508.8158044	9999.023	107559.537832	9500.977	81847.0147896	10529.3	96432.5973938
5.537	13283.8097471	9978.516	81162.9077719	9544.922	61027.8514542	10479.49	100429.043429
5.538	13058.4671362	9996.094	101016.650963	9462.891	59573.5919633	10494.14	83225.9174307
5.539	14150.2994362	9960.938	72029.2671387	9544.922	84384.7951559	10511.72	70754.1548753
5.54	12912.3050431	9999.023	84513.710542	9503.906	49145.3241289	10523.44	59365.030459
5.541	12364.3129819	9999.023	57790.4578673	9524.414	55079.7543929	10520.51	142468.03328
5.542	12066.7154454	10004.88	77802.8395022	9457.031	98460.4812222	10514.65	43787.3840666
5.543	13049.3828735	9996.094	82718.3555148	9539.062	88342.9986446	10491.21	38712.3517124
5.544	11612.6191902	9996.094	134344.357409	9524.414	75589.7451976	10508.79	81186.1165359
5.545	11630.3363678	10048.83	83654.9885172	9468.75	98054.6184551	10502.93	136021.076249
5.546	11702.1143278	10037.11	57728.8300274	9462.891	46309.2440585	10549.8	60690.9336557
5.547	13348.9676981	9999.023	56449.2953172	9480.469	74531.7165203	10453.12	51325.3083175
5.548	13066.4059521	9958.008	63618.7284361	9533.203	67851.3843254	10456.05	57491.1840356
5.549	12355.432422	10016.6	86132.5593955	9541.992	43356.1283469	10505.86	86875.9313677
5.55	12801.7572173	9963.867	55899.0422091	9471.68	58936.9298245	10461.91	77695.1017323
5.551	12910.4653227	10019.53	80893.5577863	9462.891	63028.7513938	10476.56	64584.2120294
5.552	12035.1188398	9952.148	82638.6437124	9492.188	55382.3349299	10543.95	160301.22022
5.553	11714.599521	9955.078	58844.3461131	9457.031	98073.4765906	10456.05	66627.276221
5.554	13590.6623672	9999.023	78833.087039	9544.922	68508.3205672	10511.72	76976.6149829
5.555	12894.5923912	9996.094	91425.2130786	9503.906	80711.9687905	10502.93	37285.8422807
5.556	13569.1835168	9955.078	64944.5357096	9544.922	61283.7957751	10464.84	88481.6160436
5.557	12815.1900075	10019.53	85824.7089123	9465.82	115697.861389	10532.23	49038.9987024
5.558	13160.8773696	9955.078	68577.1571481	9547.852	56217.6080309	10464.84	60087.875296
5.559	11704.5031752	9999.023	139486.774364	9495.117	59832.1508397	10538.09	69502.5434534
5.56	12594.9938266	10013.67	83193.1805144	9527.344	93041.0127497	10482.42	173150.072989
5.561	12160.8854512	9990.234	60495.5934818	9547.852	41258.4746563	10514.65	48269.0767493
5.562	13425.8570232	10034.18	93595.9774456	9524.414	50005.8596063	10520.51	69421.5744232
5.563	11907.9538644	10007.81	51374.7709173	9527.344	141532.20407	10461.91	64088.6220824
5.564	13269.5993595	9955.078	139020.81524	9457.031	51397.6279542	10488.28	65176.4837768
5.565	12697.8488576	10004.88	102772.329486	9459.961	109777.380261	10538.09	98997.255352
5.566	15670.3321692	9999.023	78822.8441267	9536.133	37550.9455501	10479.49	71837.4419591
5.567	13102.1523657	10034.18	59786.7588005	9500.977	95798.5745694	10508.79	108349.913481
5.568	12600.0247464	9996.094	77855.1691769	9462.891	95998.4520376	10535.16	77065.8443334
5.569	12704.8436278	9996.094	94905.1698876	9547.852	41734.8185362	10514.65	81429.8479323
5.57	12224.173362	10022.46	66772.0697887	9509.766	82469.7700273	10479.49	60257.7943
5.571	13826.5319246	10007.81	88414.4456925	9527.344	76524.502742	10514.65	56293.3815439
5.572	12334.5531263	9999.023	75600.4810883	9506.836	47994.735086	10458.98	38396.6715772
5.573	13158.5006006	10042.97	75570.1697013	9547.852	48423.0007951	10543.95	52590.3398764
5.574	12066.4726245	9999.023	62882.1529379	9518.555	96270.6076222	10482.42	88716.7894014
5.575	13152.2286651	9952.148	71916.5334138	9509.766	63615.0514702	10464.84	55317.9675396
5.576	13298.5741126	9969.727	70348.6406209	9477.539	49764.5633456	10543.95	114398.125887
5.577	12326.3610102	9952.148	65217.4285731	9459.961	83782.4250119	10538.09	93688.2535977
5.578	13343.0262864	9999.023	54212.0058329	9492.188	62489.7717549	10476.56	54545.4565511
5.579	12813.7432582	10048.83	56995.1528442	9495.117	112287.954032	10546.88	92280.2962218
5.58	11508.3057774	9958.008	49881.0406758	9506.836	55280.1280243	10473.63	56397.0363818
5.581	14007.6267562	10013.67	67227.1287338	9518.555	47132.7014902	10511.72	158518.894031
5.582	11622.3666023	9981.445	39297.1822031	9521.484	71148.4634223	10538.09	60166.190054
5.583	13729.6239962	9999.023	83285.294708	9471.68	55412.2615449	10482.42	42924.6330614
5.584	12879.9141002	10037.11	64637.5790528	9457.031	86374.7155946	10476.56	81947.5156626
5.585	12484.9895906	9966.797	61847.4514294	9468.75	117593.632145	10508.79	76705.0381359
5.586	13569.6039087	9996.094	89904.3124352	9474.609	46774.3305594	10461.91	56208.0842643
5.587	13694.5875927	9996.094	107527.008765	9536.133	107199.694342	10476.56	64510.6468128
5.588	12126.4579125	9996.094	97317.6219333	9533.203	90794.9240514	10517.58	112267.414807
5.589	11968.4728275	9987.305	75447.7219782	9462.891	121093.926745	10467.77	67949.614631
5.59	12360.588594	10045.9	109873.607086	9524.414	82143.4181496	10456.05	99213.3980765
5.591	12541.3965523	10045.9	86054.0441048	9474.609	111074.618381	10508.79	44992.2955623
5.592	13637.3862745	9960.938	117611.420377	9515.625	52866.9313357	10543.95	74739.4996683
5.593	13240.1589693	9984.375	90802.089521	9524.414	58179.9816264	10541.02	101044.273495
5.594	13115.885337	9996.094	74749.5019924	9477.539	74316.4245543	10529.3	67167.6900064
5.595	13299.4487172	9993.164	59385.2563989	9503.906	124805.6297	10488.28	71567.4718092
5.596	13567.7764826	10028.32	69025.3326653	9539.062	48444.3105834	10482.42	68210.9014499
5.597	14132.1454138	9960.938	74431.7448323	9457.031	49648.3120706	10529.3	88894.7831699
5.598	12652.5339411	10004.88	62102.5911385	9457.031	80858.379827	10549.8	63535.5521932
5.599	13981.7179393	9999.023	113584.699223	9500.977	58602.5621354	10526.37	75118.0459096
5.6	13091.2857743	10045.9	79962.7407639	9468.75	72948.9223876	10523.44	52915.2654377
5.601	13419.1527536	10007.81	75741.2294617	9527.344	56154.4202456	10526.37	77560.1762039
5.602	11233.1823096	9999.023	136558.202654	9533.203	71136.2447776	10543.95	179326.849065
5.603	12601.5680615	10031.25	126326.509454	9468.75	59111.3714568	10470.7	67117.8436332
5.604	12652.218213	10010.74	89981.2555435	9474.609	70358.4710356	10482.42	68667.7699317
5.605	12898.9494546	9955.078	65112.6077592	9483.398	90724.4424542	10546.88	51186.6356817
5.606	11729.0225698	9975.586	138650.553923	9536.133	67947.7518118	10520.51	45134.2941658
5.607	13276.4720983	9999.023	55538.3989231	9536.133	50067.7390721	10461.91	75460.0367236
5.608	12177.532581	9975.586	60761.9238196	9524.414	58645.4168786	10479.49	96643.3137406
5.609	12822.5937954	10037.11	112484.67611	9462.891	70326.7083801	10523.44	34013.240833
5.61	13593.1230532	10040.04	102386.474867	9459.961	66078.9327605	10508.79	63564.4025487
5.611	12685.4551403	9996.094	79013.125616	9486.328	53812.6521203	10508.79	74992.0476097
5.612	13162.986214	9996.094	104439.669182	9536.133	67580.05042	10497.07	61154.9822053
5.613	12847.3901629	9996.094	130359.27942	9544.922	87489.3758105	10526.37	78436.9007358
5.614	12719.076533	9999.023	113298.527239	9486.328	45505.4587745	10479.49	111613.390848
5.615	13591.595558	10025.39	66111.2842363	9480.469	103372.303978	10541.02	96818.5826115
5.616	13695.8471423	9955.078	71579.6969219	9530.273	99976.8352326	10535.16	71035.4417118
5.617	12393.7625173	10022.46	102312.136355	9465.82	48998.7351846	10532.23	84659.0311238
5.618	13115.8912868	10048.83	51331.0369456	9492.188	62899.6581555	10505.86	92417.6588643
5.619	13706.8480305	9981.445	81600.9924665	9518.555	90660.4224411	10523.44	67953.1143615
5.62	12675.6060799	9993.164	99379.9921693	9492.188	44460.086111	10543.95	102106.515229
5.621	13937.4051736	9996.094	53560.2811748	9515.625	86144.4713883	10456.05	77231.9056523
5.622	12768.9130251	9993.164	117373.675559	9512.695	115923.892607	10546.88	60777.8150628
5.623	13635.608826	10028.32	54533.5729924	9533.203	70190.8891983	10514.65	102912.216548
5.624	13280.2204247	10007.81	86591.372822	9503.906	113988.1771	10450.2	69466.6252121
5.625	12362.6364433	10022.46	40081.7643648	9539.062	72732.852238	10479.49	61105.8351145
5.626	13114.4921422	10022.46	86859.7947482	9521.484	55719.9508248	10450.2	77678.2042097
5.627	12206.9641566	10045.9	61947.9043339	9457.031	122943.259636	10494.14	108651.160878
5.628	13015.9687591	10040.04	54604.703802	9489.258	106265.496114	10485.35	105322.774749
5.629	13134.5115575	10031.25	141336.249454	9503.906	52991.1604164	10497.07	78292.0819076
5.63	12834.8822186	9996.094	114062.378499	9530.273	88653.0796574	10526.37	58876.602107
5.631	12651.0633593	9978.516	75157.4858295	9486.328	83651.2023402	10508.79	69833.3279256
5.632	13907.6689737	9963.867	110732.375608	9480.469	116328.742362	10467.77	64365.2243482
5.633	13464.0024176	10013.67	56522.5567766	9465.82	97912.7696683	10502.93	167883.077169
5.634	14519.2520721	10037.11	69250.9701679	9495.117	80387.1439135	10482.42	89282.9622061
5.635	13345.3930373	9955.078	72936.927466	9503.906	98001.235574	10511.72	67292.662061
5.636	13547.8751599	9955.078	54792.7194697	9459.961	40291.5581461	10538.09	84108.4291134
5.637	12633.2580854	9952.148	114125.917321	9515.625	68696.7807537	10450.2	72347.9257977
5.638	13720.7595695	9972.656	112430.988461	9451.172	84109.9487578	10538.09	49236.4452381
5.639	13906.6197669	10010.74	50846.2067369	9518.555	69638.1891338	10479.49	109760.340683
5.64	13291.5862632	10048.83	38002.9248671	9518.555	36092.3835978	10535.16	64339.1174988
5.641	13210.6258254	10040.04	75044.2484789	9500.977	102231.353406	10500.0	75459.0938122
5.642	14441.7319757	10022.46	118301.228817	9527.344	95714.4797166	10485.35	68898.5198423
5.643	14506.1613836	10037.11	70345.3266289	9471.68	85925.1094095	10479.49	65752.3301682
5.644	13369.7420469	10040.04	105370.14231	9454.102	81140.7366213	10538.09	58875.9054932
5.645	13484.880784	9975.586	110461.530382	9527.344	89026.1609116	10479.49	46468.8358349
5.646	13578.0206084	10013.67	81995.6620238	9527.344	119544.800781	10453.12	85783.5903262
5.647	13854.3802333	9972.656	47782.8251017	9515.625	50650.3074291	10500.0	78661.6477228
5.648	15096.3694974	10028.32	61101.3474179	9539.062	87678.1430475	10450.2	97750.7838309
5.649	15063.6402505	9993.164	116538.683362	9539.062	59108.095672	10538.09	67752.6579577
5.65	14736.9540374	10013.67	96224.8468618	9521.484	67994.2391232	10488.28	60982.2101202
5.651	13318.1448246	9999.023	109905.505783	9509.766	70489.0167026	10549.8	41738.8398027
5.652	14236.0801125	10004.88	159370.454089	9465.82	62470.7300727	10517.58	51120.4265237
5.653	14199.6619292	10045.9	86810.7706466	9480.469	74874.753697	10482.42	49510.5288323
5.654	15098.4209286	9955.078	74086.7600431	9465.82	106785.702825	10494.14	79269.8050381
5.655	13389.5785137	10007.81	134625.024546	9457.031	107713.573626	10494.14	127445.944307
5.656	13953.9545782	10001.95	87214.7497329	9541.992	67620.2584872	10458.98	81172.6761624
5.657	13800.6789765	9963.867	107155.30063	9527.344	73279.7205559	10458.98	57477.5898556
5.658	14377.1083284	9975.586	101178.680733	9515.625	61439.9934733	10505.86	89472.6316273
5.659	13094.2567315	10013.67	84676.4558995	9547.852	46592.2882511	10538.09	94126.4165344
5.66	13687.4578206	9966.797	52531.5371985	9506.836	51761.6493161	10453.12	113558.118078
5.661	14315.7245813	10019.53	105049.342667	9477.539	48729.330511	10508.79	73053.2007272
5.662	13736.3158887	10013.67	122184.772009	9500.977	107316.928813	10541.02	98467.5507416
5.663	13733.9092063	10042.97	68503.268325	9506.836	72418.9158096	10546.88	126747.692816
5.664	13616.3441836	9963.867	62787.3085552	9518.555	120488.99913	10491.21	104396.086625
5.665	14437.1281647	9999.023	106265.494542	9530.273	103084.37684	10532.23	78442.0960668
5.666	14018.8719835	10034.18	96337.5939523	9521.484	80574.9752283	10517.58	74786.8558212
5.667	14242.0531752	10034.18	58240.8101446	9539.062	75885.905919	10508.79	69065.4775197
5.668	13564.722822	10042.97	161363.323902	9477.539	79014.7291879	10491.21	62813.1701873
5.669	13436.3792352	10025.39	68439.2099127	9530.273	47388.739551	10546.88	68255.4817335
5.67	14338.4786152	10001.95	106258.270511	9503.906	83195.4300426	10473.63	79468.89228
5.671	13636.4920672	10019.53	48983.2755242	9451.172	72673.8646331	10450.2	93757.072144
5.672	15143.4194111	10031.25	81257.7791111	9457.031	97463.0019592	10505.86	61281.5854877
5.673	14283.4952374	10037.11	127488.212815	9524.414	58890.6031532	10488.28	124111.745322
5.674	13402.4305184	10025.39	75525.8582315	9477.539	140965.131919	10479.49	58631.0360393
5.675	13944.1015218	10042.97	62469.0980727	9506.836	57341.8278037	10541.02	72678.4015543
5.676	14418.5975347	9981.445	90566.9297281	9471.68	66221.3928399	10473.63	63233.0786774
5.677	13482.3123051	9987.305	106806.260607	9512.695	76787.8273362	10473.63	98175.4530445
5.678	14188.0892194	10048.83	59497.0176009	9454.102	75994.9898046	10543.95	91300.1193037
5.679	14552.5231776	10037.11	54086.8864325	9506.836	90921.3053249	10505.86	93693.5084171
5.68	13159.322028	10040.04	100703.941032	9539.062	67325.4338467	10500.0	94292.5332534
5.681	14036.997214	10042.97	98267.2828517	9489.258	47526.3826937	10502.93	87121.6001433
5.682	13685.1442882	9969.727	63417.3634966	9541.992	112005.364813	10502.93	84118.2138885
5.683	14374.0219148	9999.023	68607.5933336	9454.102	103562.370712	10458.98	76750.0183115
5.684	15901.802271	9984.375	88561.8185303	9486.328	88281.1086516	10538.09	107416.125689
5.685	14999.3595358	10031.25	122800.764041	9527.344	52551.7572024	10458.98	81392.1018232
5.686	14649.0837513	9969.727	68860.1972343	9500.977	64023.029238	10458.98	89228.9005656
5.687	14283.3376425	10048.83	53660.8756706	9539.062	107791.156579	10458.98	98527.4022828
5.688	13485.6910802	10042.97	92291.8772189	9509.766	79638.9526765	10532.23	132431.37516
5.689	13431.996838	9972.656	89522.0146519	9512.695	86665.1224754	10538.09	64294.0905996
5.69	13870.1307775	10001.95	93610.679292	9541.992	82249.2254988	10526.37	93082.2701737
5.691	15122.1379045	9981.445	42769.4864768	9544.922	74239.909653	10453.12	90904.6600801
5.692	13535.9377183	9993.164	84556.0780752	9541.992	83562.3769631	10502.93	61829.8807963
5.693	14331.9358518	10022.46	92112.431239	9539.062	69023.4153719	10526.37	53918.6110837
5.694	15487.246649	10042.97	75477.3377243	9544.922	57680.3281992	10464.84	95083.0004809
5.695	14569.2022155	10031.25	81860.9077785	9530.273	104451.007267	10549.8	57694.1117453
5.696	14952.2218732	10042.97	61262.5696395	9512.695	86674.3379755	10538.09	71770.0672279
5.697	16228.2183064	9963.867	58266.154409	9492.188	75315.3683368	10488.28	73277.3018332
5.698	13706.4810119	10031.25	57167.7648245	9498.047	85264.806522	10464.84	54251.0743905
5.699	14929.6659627	10010.74	77755.0574022	9533.203	71332.5799636	10502.93	65999.0845341
5.7	13952.641538	9952.148	90037.2071239	9498.047	96587.5662346	10497.07	71393.8626501
5.701	14634.1862093	10016.6	76511.7087713	9495.117	72668.9812478	10500.0	69339.6414489
5.702	13693.965406	9996.094	92915.9215123	9483.398	124211.623732	10470.7	76537.1719049
5.703	14940.4223372	10025.39	70341.9170727	9454.102	47048.7948982	10473.63	94532.4679595
5.704	14993.7868489	9999.023	113459.777227	9509.766	116628.295706	10538.09	77903.7516135
5.705	13909.9005071	9952.148	104894.998982	9492.188	39948.3523451	10453.12	99668.7356627
5.706	13445.0204445	9975.586	114289.696813	9530.273	171450.015321	10520.51	108390.517114
5.707	15416.9524605	9952.148	85488.881388	9544.922	99917.9389233	10458.98	88616.7111198
5.708	13622.5568748	10034.18	108539.766909	9465.82	66607.3295879	10497.07	107282.736109
5.709	13760.7091479	9999.023	110493.671288	9515.625	77718.1573394	10500.0	112488.965132
5.71	13810.2643881	10004.88	63807.6661535	9530.273	78636.5935374	10508.79	74338.406148
5.711	14496.3862779	10028.32	84187.8831196	9530.273	59547.3340943	10523.44	27461.0412193
5.712	14165.8213538	10045.9	60064.6225566	9474.609	88161.1828025	10532.23	86806.08047
5.713	14194.0806162	10010.74	96059.378576	9457.031	90240.6651807	10482.42	75144.7417145
5.714	14198.0016946	10001.95	113072.004566	9498.047	81236.3493191	10467.77	73891.5107172
5.715	13310.8888819	9960.938	99897.7887729	9539.062	109059.87856	10508.79	101022.139345
5.716	15162.5754973	9958.008	53577.376375	9451.172	70282.5335588	10505.86	64144.3657873
5.717	15099.0225464	10045.9	67496.8013884	9459.961	117164.0147	10453.12	93051.7995269
5.718	13325.4340558	10025.39	69869.7548917	9462.891	62859.4225502	10479.49	48792.6756939
5.719	14458.1287347	9987.305	60349.6267289	9492.188	75177.1041769	10517.58	95591.5540733
5.72	13292.0825859	9978.516	130227.467887	9459.961	46322.2401541	10500.0	53037.4897083
5.721	14761.6255395	10028.32	85654.5748124	9457.031	53035.5977291	10485.35	100430.71159
5.722	13256.8753623	9993.164	99285.5634137	9524.414	72732.0819044	10456.05	46655.052246
5.723	14289.8786541	9999.023	61077.2336046	9489.258	73107.7999949	10470.7	71206.1414237
5.724	14221.3111059	10013.67	55518.3943222	9489.258	57565.3631515	10458.98	65228.0904891
5.725	13630.6824452	10025.39	56611.3979298	9468.75	71554.948794	10494.14	84339.9921159
5.726	11774.1203464	9960.938	58132.4542484	9465.82	123335.120607	10538.09	67124.0962088
5.727	14723.5605765	9966.797	68360.3502632	9459.961	84400.3007378	10549.8	60381.9420687
5.728	14567.9768171	9963.867	64349.8310766	9533.203	162483.01583	10535.16	54144.3748536
5.729	13238.6883431	10007.81	121653.342433	9489.258	111922.233147	10476.56	85920.2288035
5.73	14488.0860464	10031.25	82375.8852936	9518.555	64275.3487069	10511.72	56204.8913959
5.731	13786.4781113	9966.797	136871.930605	9495.117	75777.2171756	10476.56	40371.8556798
5.732	13541.0830819	9963.867	58829.6224083	9483.398	148412.06551	10450.2	103383.342301
5.733	14486.3812906	9975.586	126088.87171	9483.398	80339.6898832	10543.95	61620.0530665
5.734	12465.8544232	9960.938	86313.3230244	9495.117	75212.7176146	10491.21	93368.038383
5.735	11465.3185537	9952.148	45449.352343	9503.906	107009.458725	10458.98	46057.7987845
5.736	13235.1487847	10001.95	94492.493421	9530.273	114345.643002	10470.7	115392.003286
5.737	13844.1721972	9996.094	85060.0163601	9515.625	121209.117521	10511.72	48188.4785494
5.738	13153.1811662	9952.148	97245.7618067	9518.555	46929.8796989	10526.37	44254.0151337
5.739	13024.7860303	9960.938	67795.8719973	9454.102	56126.426788	10529.3	69445.7415481
5.74	12930.3737828	10001.95	132867.310614	9465.82	81700.0866909	10482.42	86517.6046562
5.741	12567.6012779	10037.11	121862.284337	9536.133	41143.9332254	10461.91	72140.2209878
5.742	12690.0634364	9996.094	81285.0622639	9495.117	59297.2133548	10549.8	67396.0888255
5.743	13162.3349435	10042.97	99254.4566836	9500.977	74798.8335658	10456.05	56041.4126141
5.744	13276.3150294	10007.81	110476.379366	9527.344	63135.9265225	10470.7	61650.0241213
5.745	13332.7477268	9993.164	92563.8975928	9544.922	80244.3945381	10514.65	79783.1290893
5.746	12626.0337472	9999.023	54747.295502	9465.82	59133.6032681	10541.02	82421.4245594
5.747	12372.3797361	9999.023	111982.628374	9468.75	54688.8829322	10523.44	66028.1970507
5.748	12816.7263803	9972.656	79600.4561316	9495.117	81368.7538732	10526.37	98327.4008369
5.749	11856.4365848	10022.46	66322.970609	9541.992	97196.328977	10511.72	78602.408402
5.75	13448.8767512	9958.008	50722.1851419	9486.328	52034.7142479	10526.37	75647.5093373
5.751	13673.8942216	9963.867	74215.1401852	9500.977	96669.8908196	10529.3	45944.0766997
5.752	12291.8272788	10013.67	86110.4358682	9454.102	61907.635785	10543.95	70355.0364444
5.753	13420.900441	10016.6	74464.0238707	9477.539	99482.7021974	10456.05	34464.5746518
5.754	12970.624885	9952.148	59927.1666423	9483.398	111421.574772	10456.05	64185.2563706
5.755	12753.7654748	10022.46	73305.5398712	9530.273	119110.771991	10514.65	90310.0379867
5.756	14061.7255487	10001.95	42149.7562042	9495.117	79017.9101195	10541.02	40693.2364356
5.757	12955.2973954	9955.078	117794.652001	9486.328	85416.002073	10467.77	74377.8103108
5.758	12759.6812037	10001.95	75209.6493534	9454.102	80950.7037976	10458.98	100577.354612
5.759	12389.7810584	9999.023	109619.653859	9468.75	43350.4738038	10549.8	56898.5966328
5.76	13733.2392611	9999.023	133565.854193	9465.82	93848.6617589	10464.84	93724.2265854
5.761	14312.0525465	9996.094	144166.405979	9506.836	34684.0117084	10482.42	82057.1602284
5.762	13349.3049355	9996.094	153586.748957	9544.922	41580.8401369	10502.93	72080.2098746
5.763	13023.890178	10019.53	77688.5058259	9457.031	69969.0189682	10467.77	85882.8496141
5.764	13250.4537547	9952.148	42038.9691074	9468.75	54148.9300301	10523.44	45076.4268426
5.765	12146.1045721	9952.148	60892.6163586	9483.398	72981.0562521	10546.88	87325.2073497
5.766	13437.732241	9999.023	107323.192976	9495.117	64996.0745844	10520.51	82023.9357257
5.767	13294.4342323	10004.88	52132.1097511	9536.133	74968.5597517	10520.51	68996.4301286
5.768	13571.2857077	9996.094	96879.7615669	9530.273	70503.5277856	10526.37	43501.9764682
5.769	13216.9843072	9996.094	72314.7968685	9527.344	49011.4009641	10473.63	122031.88948
5.77	14146.0619205	10025.39	76371.4121968	9530.273	93757.9530836	10500.0	61287.7638252
5.771	13164.1504473	9999.023	87482.0390472	9530.273	65348.0605782	10538.09	55745.8417477
5.772	15331.4427678	10042.97	137938.406274	9454.102	98798.3350702	10479.49	70211.2585152
5.773	14220.8780636	9999.023	93765.4914766	9547.852	81014.2940154	10508.79	66276.6694575
5.774	12852.9939424	9960.938	90968.6772499	9462.891	40574.5723028	10514.65	57828.3803494
5.775	12634.0168816	10048.83	44167.6591476	9527.344	104669.323244	10485.35	57504.6347514
5.776	12654.0662127	9996.094	118794.529714	9462.891	71915.8298205	10532.23	105097.696372
5.777	13247.0704821	10001.95	72630.1699145	9533.203	68770.6660071	10467.77	59945.6457385
5.778	12171.6867414	10001.95	132736.603456	9477.539	68279.3773954	10453.12	74691.2529649
5.779	12602.3689776	9952.148	96226.0731019	9515.625	64168.5924401	10526.37	66601.7816909
5.78	13521.7095532	10019.53	94086.6307721	9530.273	54369.2623438	10497.07	78933.2266566
5.781	12287.1267853	10001.95	124370.302574	9474.609	81097.4514424	10535.16	75990.6150028
5.782	12337.5511668	9996.094	64293.4341298	9515.625	61894.3155976	10535.16	83222.8636308
5.783	11785.2016326	10007.81	77429.7856441	9509.766	59460.175963	10508.79	79718.2383826
5.784	12788.8510007	10028.32	79424.385043	9471.68	68806.5891742	10494.14	76560.9285848
5.785	13957.1779632	9999.023	176124.747461	9518.555	59316.1581216	10520.51	84369.4129723
5.786	13109.0851624	10025.39	76212.4514465	9541.992	53861.7037506	10535.16	103883.164851
5.787	12970.5952027	9996.094	140380.039526	9536.133	58180.9851264	10535.16	65604.4929971
5.788	13213.0748529	9996.094	100482.071888	9536.133	86968.4407359	10485.35	85434.7438189
5.789	13208.0843491	9996.094	62337.0860069	9515.625	155337.651364	10470.7	85970.3476474
5.79	13124.0080174	9999.023	167068.417639	9506.836	75772.1332059	10526.37	92283.0480121
5.791	12493.4193083	10031.25	49993.1722318	9544.922	41419.3492165	10464.84	71178.4141365
5.792	13193.2338586	9960.938	61063.3574553	9471.68	80922.0903544	10538.09	52159.940011
5.793	13373.46229	10016.6	98868.4770312	9465.82	85042.0276127	10456.05	116588.906189
5.794	15791.5803916	9969.727	87812.1035593	9547.852	40608.6710688	10502.93	68697.0855549
5.795	14037.6249027	9993.164	82606.6730069	9451.172	75849.4736835	10479.49	89501.0267945
5.796	12170.6387846	10019.53	57962.2813909	9451.172	97626.72526	10488.28	85533.7527498
5.797	12725.3174382	9999.023	77052.3947406	9480.469	51010.4318441	10453.12	93658.3109687
5.798	13363.9156065	9987.305	99474.7913075	9530.273	79704.3609442	10508.79	76591.0052949
5.799	13390.1844147	10004.88	91288.8783521	9486.328	64638.6960551	10505.86	104629.452793
5.8	13289.8788197	9996.094	87227.6410483	9480.469	103875.774982	10467.77	63137.1517187
5.801	14368.5189421	9993.164	70517.8518827	9495.117	88964.3763824	10543.95	84775.2540527
5.802	12372.6831604	9978.516	61737.8403131	9459.961	84325.2397632	10549.8	48118.9463406
5.803	14002.0659368	9999.023	136299.421046	9459.961	63173.5566449	10505.86	78052.2232545
5.804	13837.1999435	10004.88	69248.9578143	9509.766	135828.844714	10535.16	40439.1490185
5.805	13103.9409131	10019.53	119226.98011	9506.836	165080.771967	10549.8	66476.840184
5.806	14046.4369384	10001.95	78137.6963918	9498.047	70387.3112382	10526.37	66121.3037504
5.807	14248.669573	9996.094	137053.09528	9492.188	73754.6124336	10467.77	76012.8742497
5.808	14610.6872729	10045.9	81280.0412679	9518.555	97513.6022518	10491.21	57740.6232964
5.809	13229.3512014	9963.867	185763.366979	9474.609	54129.4354111	10500.0	55720.1249566
5.81	13019.9333547	9978.516	51696.4548063	9539.062	56463.8400339	10514.65	58193.8470312
5.811	12640.8258241	9999.023	151305.329629	9498.047	42469.4324819	10549.8	85267.1578923
5.812	13563.5202303	9996.094	135049.701557	9544.922	44514.3057012	10523.44	82972.7448324
5.813	14404.7595573	9960.938	83507.1276021	9477.539	66005.3558611	10464.84	56928.100527
5.814	13199.9328028	9993.164	143303.909761	9451.172	133374.794721	10500.0	105534.983863
5.815	13714.2660359	9960.938	83712.3468924	9515.625	47339.4963474	10461.91	120471.124794
5.816	13884.0945709	9993.164	78709.8423057	9536.133	55405.5703242	10514.65	79697.334272
5.817	13570.9231447	9987.305	126808.501258	9480.469	60391.9105701	10453.12	35786.439604
5.818	14095.1161065	9984.375	75674.6984019	9527.344	44359.9471646	10453.12	77540.101672
5.819	13033.6460048	9981.445	55088.7425962	9474.609	99538.3444292	10500.0	86784.5822459
5.82	13626.0629402	9993.164	163680.182935	9465.82	134930.747154	10538.09	177121.616597
5.821	14642.9427929	9999.023	51689.317612	9465.82	76927.7430998	10535.16	79848.0635444
5.822	14031.8970081	10034.18	92534.2224206	9506.836	62356.5966616	10500.0	62960.3563751
5.823	13547.0572504	10007.81	72386.3270681	9515.625	55575.3882718	10532.23	137790.078929
5.824	13966.9840117	9996.094	70795.0906662	9509.766	110115.909195	10467.77	52753.2044726
5.825	14471.1184057	10025.39	83534.9655494	9451.172	60015.8189543	10491.21	79188.207351
5.826	14574.6234396	9996.094	121422.272665	9489.258	71106.3583083	10541.02	120606.40507
5.827	13031.649694	9960.938	68260.8936078	9477.539	70303.3425339	10520.51	75816.1776844
5.828	13773.8566393	9963.867	83478.9837907	9533.203	87137.2248073	10502.93	65839.0784975
5.829	13986.9879923	9966.797	154424.535862	9489.258	83935.5661887	10453.12	86766.9785613
5.83	13589.2497319	9996.094	67356.5187106	9459.961	57443.8643151	10541.02	87048.393743
5.831	13526.7490692	9969.727	156723.660243	9474.609	93815.1258493	10497.07	66175.1383547
5.832	13661.9359627	10042.97	77928.9915014	9457.031	63049.2426248	10488.28	87950.9584202
5.833	13288.940125	9999.023	179055.105828	9471.68	62299.9638547	10523.44	91288.4396087
5.834	13144.6804409	9999.023	164389.861785	9515.625	59726.8992057	10520.51	123268.853287
5.835	12768.5986067	9999.023	302265.657091	9533.203	127750.77096	10535.16	114588.338933
5.836	13944.9349422	9996.094	147909.306317	9468.75	80997.2782468	10543.95	94456.1325432
5.837	12977.5639004	9996.094	91553.3614469	9515.625	41295.6733919	10526.37	46551.3615097
5.838	12647.5014303	9981.445	102241.021589	9468.75	119147.013519	10461.91	103502.891666
5.839	13391.1297374	9996.094	100954.997384	9533.203	100795.907084	10464.84	82861.5162346
5.84	13451.121731	10045.9	91176.0765273	9518.555	68899.6161686	10538.09	74076.7827558
5.841	13105.8098979	10037.11	78391.0040929	9544.922	78047.8398446	10543.95	50994.2116055
5.842	13889.4902971	9999.023	165180.264586	9468.75	61750.5339314	10500.0	56993.2322448
5.843	13498.6781959	10019.53	98485.0500495	9547.852	64878.6864514	10541.02	121228.873282
5.844	13560.9866577	9996.094	166838.922417	9512.695	48262.3950918	10473.63	64340.5959132
5.845	15016.5552001	9993.164	92024.2802531	9483.398	104781.53631	10514.65	72063.6439926
5.846	12982.0777985	9999.023	104163.151601	9544.922	65552.1673228	10535.16	46000.1533781
5.847	13641.4250395	9987.305	70425.2739657	9492.188	85799.6633054	10520.51	81997.5928578
5.848	15289.2872017	9990.234	67531.3920783	9451.172	60702.3925498	10538.09	48968.1899765
5.849	13770.8039249	9990.234	94318.8556778	9536.133	64428.6614058	10526.37	61076.9840134
5.85	12373.3214978	10022.46	165443.694273	9451.172	34639.9712041	10453.12	93370.4897302
5.851	14144.0252404	10040.04	66705.4369569	9489.258	118716.84213	10450.2	87581.2623812
5.852	14078.2614388	9993.164	93468.2143624	9547.852	62642.9602535	10458.98	89368.2814395
5.853	13780.3614939	10034.18	94093.9893081	9512.695	98588.9512714	10505.86	89073.6924142
5.854	14053.7515995	9996.094	183295.156169	9544.922	47755.0564102	10549.8	71875.6431527
5.855	11969.2597132	10022.46	104256.716514	9492.188	67941.5638186	10549.8	44148.4658023
5.856	13388.6033068	9966.797	76655.80555	9521.484	65613.3740069	10461.91	76994.574406
5.857	13825.2893615	10040.04	106062.804529	9506.836	58327.7839812	10482.42	77549.6008749
5.858	13009.3593374	10007.81	52723.9318264	9492.188	63430.4167412	10494.14	126922.079769
5.859	13617.1728733	9999.023	138492.362881	9506.836	63362.6217176	10523.44	84919.5559621
5.86	13215.3323804	10004.88	83093.7461035	9471.68	96941.8771589	10479.49	58668.7264685
5.861	14423.3463983	9996.094	91357.7724497	9536.133	90520.4296377	10470.7	59789.4768159
5.862	14108.7418237	9996.094	82643.8117477	9524.414	72997.4068085	10456.05	41242.1705453
5.863	12696.1318865	9996.094	151400.13682	9512.695	56919.7206458	10517.58	100325.693275
5.864	13079.4771699	9978.516	42203.5819806	9500.977	49902.8818486	10538.09	108979.536266
5.865	12408.8563994	9999.023	154212.32021	9465.82	67813.0557457	10535.16	58050.8083543
5.866	14292.538926	9999.023	120919.601746	9451.172	85834.4395092	10467.77	62194.9466915
5.867	12319.285397	9955.078	83896.1335692	9454.102	74704.0165686	10541.02	75668.7274402
5.868	13199.6104363	9996.094	42137.059705	9524.414	73483.4380383	10508.79	124339.896154
5.869	13244.1015886	9969.727	66767.9953227	9474.609	95803.772322	10549.8	57855.5689593
5.87	14976.4692313	9969.727	90425.831357	9489.258	69524.7636042	10485.35	36907.066134
5.871	13807.9508895	9966.797	89224.1130539	9518.555	79398.1474015	10508.79	141288.085824
5.872	14044.0717432	9999.023	69846.2998625	9465.82	76452.8308244	10453.12	129613.74466
5.873	13369.1323153	10034.18	80189.1656379	9527.344	59165.6014968	10538.09	62668.6348481
5.874	11981.8773197	9996.094	159165.885662	9518.555	89385.2514685	10485.35	79476.9062699
5.875	13307.5578353	10034.18	79763.6768594	9527.344	46862.5149902	10538.09	113705.378174
5.876	12475.9905394	9990.234	89224.0935927	9498.047	42825.4771268	10523.44	86115.6540583
5.877	13119.5169907	9999.023	152076.577393	9524.414	80681.0925248	10511.72	98285.8161587
5.878	13489.10727	9999.023	114894.481329	9474.609	62584.9661715	10538.09	49066.0297205
5.879	13704.676104	10040.04	114145.084562	9533.203	79377.9994235	10535.16	83261.3277609
5.88	14291.2438699	9958.008	105075.268722	9515.625	63812.9866915	10467.77	47973.93526
5.881	12339.6755891	9996.094	126232.321634	9503.906	39285.6785478	10494.14	88239.3609088
5.882	13919.8507167	9996.094	62176.9091827	9530.273	144456.674798	10532.23	61935.5716423
5.883	13514.9828055	10031.25	83586.6575196	9539.062	109210.36829	10505.86	51842.2944476
5.884	12518.7328836	9999.023	83478.6190902	9509.766	60249.305498	10488.28	89180.3951343
5.885	12670.1543167	9969.727	51811.1055872	9541.992	36765.0126654	10505.86	50341.0296665
5.886	12720.5727131	10037.11	72002.7966319	9474.609	139220.306036	10514.65	75848.3223228
5.887	13497.0293885	9996.094	176230.160957	9489.258	72079.0893283	10538.09	78303.3590799
5.888	12925.7096803	9996.094	109250.930171	9541.992	56637.6526103	10529.3	88534.8865943
5.889	12507.8395991	9993.164	70187.3633201	9506.836	64389.648101	10520.51	55072.4210782
5.89	13530.8485162	9999.023	56439.2338941	9533.203	59689.8564856	10535.16	58503.8416715
5.891	11797.9903769	10019.53	86871.4479801	9524.414	74321.8949824	10482.42	78215.7352352
5.892	12588.5996021	9996.094	75194.7560393	9480.469	76095.4767051	10473.63	73632.5500336
5.893	13759.9197364	9996.094	99786.1710104	9512.695	73306.1015599	10511.72	94864.2512766
5.894	14326.0667531	10034.18	83352.0785164	9459.961	67423.7057349	10450.2	87978.6863957
5.895	12350.5236239	10010.74	65880.4430629	9486.328	45139.1672665	10505.86	103569.29973
5.896	14389.7211141	9999.023	136861.824248	9506.836	43084.0988467	10535.16	58397.6268023
5.897	12451.6360716	9999.023	146803.842638	9544.922	91931.5964329	10543.95	66622.7571532
5.898	13147.6605593	9999.023	144480.187206	9459.961	121143.494425	10538.09	116495.463037
5.899	12865.0188309	10025.39	80359.3655082	9530.273	93834.4808459	10538.09	76159.7644589
5.9	13563.4560307	9996.094	78496.2620217	9483.398	92110.8510808	10517.58	77663.5523494
5.901	12844.8284741	9996.094	194009.435704	9459.961	66785.1014774	10538.09	65071.332917
5.902	11849.6498665	9999.023	113590.239917	9451.172	57697.8107004	10482.42	84083.1906146
5.903	13312.7419107	9999.023	181940.476721	9480.469	59590.6437431	10491.21	94488.0265068
5.904	12080.5208172	10010.74	62866.4635204	9471.68	52302.3565218	10511.72	107278.124974
5.905	12007.0839753	10010.74	97340.733212	9454.102	76869.0666151	10500.0	64866.6412697
5.906	12481.5775242	9996.094	188025.87362	9518.555	104787.741641	10500.0	60015.6308867
5.907	12961.7476908	9972.656	79235.483874	9524.414	45853.4931673	10541.02	73815.2435673
5.908	14174.5099881	10025.39	100536.85231	9530.273	71305.3733203	10538.09	44935.4331917
5.909	12591.6979596	9966.797	100110.679263	9541.992	62817.1531209	10532.23	78998.4766011
5.91	14187.7696121	9999.023	104103.964318	9486.328	77380.6013731	10456.05	65775.8196714
5.911	12592.8235699	9999.023	72710.0497881	9547.852	48836.4983566	10464.84	77228.2445979
5.912	12484.5048988	9996.094	129765.96398	9474.609	40617.9990092	10488.28	42520.1880719
5.913	12126.4837544	9984.375	78673.2069282	9515.625	43485.9569537	10494.14	59304.4622738
5.914	12870.4283237	9987.305	84442.0503789	9512.695	69630.344174	10505.86	58656.960171
5.915	12529.3850793	10040.04	77845.9096117	9544.922	47175.5244608	10456.05	88780.3136959
5.916	13644.1429777	9999.023	110243.534767	9541.992	50124.7212596	10497.07	68723.0031603
5.917	13005.7817424	9996.094	73593.1647337	9495.117	84486.4760843	10491.21	65073.2215413
5.918	12049.7220776	9996.094	126915.792756	9518.555	40640.3164333	10549.8	52959.6781212
5.919	11772.8403385	9996.094	65157.6911003	9465.82	74349.5040093	10479.49	75357.0700798
5.92	13236.8205106	10001.95	96416.2816983	9530.273	113829.133019	10502.93	107045.204156
5.921	12667.6922001	9958.008	65308.8353835	9515.625	63480.1397261	10458.98	72617.3540349
5.922	13859.9930454	10028.32	88832.4774784	9471.68	106783.607315	10500.0	78229.8418968
5.923	13190.3314607	9999.023	104161.109095	9486.328	85574.4588551	10476.56	59430.6278901
5.924	13164.9196194	9996.094	148428.043943	9468.75	60975.4471087	10488.28	95628.2835533
5.925	12999.0339025	9981.445	61094.144125	9457.031	94325.882724	10488.28	74403.8722694
5.926	13187.2536367	9996.094	105192.947358	9533.203	64527.7805879	10535.16	59239.0286607
5.927	12203.3258942	10010.74	73421.3704262	9509.766	46446.98003	10453.12	79221.5577156
5.928	13298.5789036	9996.094	87950.8369257	9533.203	64871.0514476	10491.21	64029.3224839
5.929	12647.9066351	10042.97	44735.9066752	9489.258	93379.9500505	10535.16	108436.523047
5.93	12222.4913761	10004.88	61821.4867496	9527.344	66715.6713426	10514.65	49621.5846105
5.931	12815.889207	9975.586	81486.0770586	9524.414	66173.1379213	10535.16	51801.7665895
5.932	12939.4827227	9996.094	108649.607808	9468.75	53643.6545759	10467.77	99344.7867567
5.933	12970.6304311	9990.234	112206.138401	9468.75	89938.9022511	10488.28	96445.9801609
5.934	13188.1892319	9999.023	188666.242518	9544.922	84979.9177692	10549.8	87891.8827374
5.935	13502.9126805	9999.023	155571.245456	9483.398	84364.7340872	10450.2	61144.7728013
5.936	12837.300024	9996.094	107931.984528	9521.484	76950.7528628	10497.07	148725.084832
5.937	11685.9813272	9972.656	100975.238402	9547.852	47634.9779962	10453.12	47785.1371385
5.938	13853.935607	9996.094	132372.581836	9457.031	83290.1765662	10497.07	73298.6446725
5.939	12292.1780805	9966.797	73131.4038122	9541.992	43923.5806841	10456.05	94161.1682134
5.94	13038.9445061	10004.88	113285.15402	9518.555	38819.6620432	10532.23	99852.5499949
5.941	11055.4192193	10016.6	131335.531874	9539.062	85501.7782663	10529.3	86273.7460394
5.942	13353.5183004	10037.11	46861.8698584	9471.68	51491.6679247	10464.84	65381.3793212
5.943	12913.1412505	9996.094	122831.625885	9533.203	68569.3622833	10508.79	74367.3241486
5.944	12904.1825803	10040.04	73273.1072812	9509.766	41197.4718831	10517.58	99488.2185994
5.945	12589.9385678	10028.32	107187.169422	9489.258	80125.3933359	10517.58	61059.7349789
5.946	13944.151082	9999.023	147121.937771	9506.836	92367.4757235	10529.3	60624.1286694
5.947	13195.3652045	9993.164	88237.0001909	9536.133	72272.157126	10497.07	83658.9016427
5.948	12323.4975014	9999.023	146714.882344	9474.609	89359.363498	10453.12	105079.755504
5.949	14677.2670411	9987.305	85735.399966	9498.047	83769.6285448	10476.56	51388.3480995
5.95	13236.2401383	10040.04	75328.7049142	9483.398	57012.3575092	10500.0	57949.517396
5.951	12429.6147297	10013.67	108211.098851	9530.273	113729.007014	10473.63	81729.6144205
5.952	13793.4578962	10004.88	64735.5053142	9483.398	71294.3274667	10523.44	84910.3043218
5.953	13231.2197836	9960.938	61505.7090638	9486.328	73235.6950328	10467.77	93500.4234217
5.954	12989.1310457	9999.023	53226.6056423	9474.609	81560.2947927	10473.63	67105.9280055
5.955	13124.4993298	9952.148	106295.724347	9533.203	55671.7147993	10491.21	52313.2968869
5.956	11538.2398224	10016.6	84753.9815404	9486.328	80570.8405646	10473.63	59265.3956563
5.957	12615.7070207	9993.164	114414.92981	9533.203	68115.2683847	10523.44	177876.729978
5.958	13406.6434972	9952.148	92521.6138805	9498.047	66200.5775924	10488.28	72172.1104548
5.959	14045.3461311	10031.25	57702.4056897	9492.188	87090.2666235	10514.65	87269.8497118
5.96	12789.5255791	9999.023	70296.3236785	9500.977	64069.4366438	10482.42	47952.5521456
5.961	13936.9756426	9996.094	80632.5584623	9541.992	52253.4699926	10505.86	88251.9556338
5.962	13765.870795	9993.164	68431.1125804	9486.328	74590.6377001	10470.7	95926.7515227
5.963	13002.3668745	10037.11	112466.918508	9495.117	72506.9226546	10508.79	72793.4745415
5.964	12695.7904717	9955.078	103739.283718	9539.062	60695.477232	10476.56	62975.7546071
5.965	13507.1228401	10025.39	84275.8874073	9465.82	69691.6320208	10450.2	110612.542915
5.966	13445.3939634	9978.516	66395.5656626	9506.836	53680.988681	10464.84	97537.507705
5.967	12427.2596802	9996.094	128655.441434	9489.258	89995.6018152	10494.14	77365.0282049
5.968	14743.9681578	10034.18	47925.2539027	9518.555	64394.8616264	10482.42	83235.1178978
5.969	11526.046817	9996.094	114446.409651	9547.852	48147.6421502	10523.44	117369.126621
5.97	13303.194747	9993.164	168038.482635	9471.68	105336.05207	10479.49	88689.4032493
5.971	13445.5332864	9999.023	118191.602181	9465.82	64202.1434087	10541.02	42440.0751511
5.972	12539.481007	10040.04	88805.7723624	9530.273	80848.3569595	10543.95	78427.3697506
5.973	11577.7198985	10007.81	88914.0318611	9547.852	41628.6387489	10514.65	85351.1972522
5.974	12302.2201732	9999.023	118363.202707	9544.922	82553.6462476	10456.05	109479.924152
5.975	13107.1342105	9996.094	72581.046928	9512.695	58448.2641909	10479.49	81053.5748861
5.976	13076.2793471	9996.094	132209.532637	9462.891	130281.723774	10491.21	67776.5382685
5.977	13316.1460115	9999.023	101667.897016	9518.555	41209.9619876	10467.77	117634.062198
5.978	12416.1450287	9996.094	103924.067188	9536.133	73756.7547808	10485.35	95918.1562149
5.979	12446.804382	10031.25	103347.975669	9474.609	77545.3965302	10482.42	106339.683114
5.98	13083.9064283	9996.094	75948.2082977	9498.047	50493.5824219	10500.0	54227.3816652
5.981	12294.4948482	9996.094	192209.237669	9541.992	40252.2057231	10549.8	65614.7778636
5.982	13606.3764115	9996.094	125566.452413	9533.203	56312.6346715	10491.21	128445.457956
5.983	12491.0475573	9981.445	69816.8621711	9541.992	110535.900702	10482.42	172471.00606
5.984	13227.3322634	9999.023	129451.839289	9506.836	104311.226948	10491.21	43774.9387366
5.985	13558.2532649	9999.023	94609.2290187	9495.117	95307.6486505	10456.05	63674.0155406
5.986	11960.8653008	9996.094	99881.3142592	9462.891	56759.3917324	10453.12	57217.59098
5.987	12925.4861326	9996.094	158743.537791	9541.992	95945.6124177	10488.28	92247.607068
5.988	12301.2872716	9975.586	54970.4678167	9492.188	77808.7876704	10479.49	167185.120218
5.989	12152.232403	9975.586	46852.555794	9454.102	91547.0949408	10541.02	140011.01834
5.99	12260.353085	9999.023	87949.9297241	9451.172	69822.9631535	10529.3	31851.4514339
5.991	13233.8473348	9999.023	176361.974553	9468.75	44417.4932981	10535.16	89328.0679252
5.992	12723.846028	9963.867	62545.2925543	9533.203	84756.8712372	10514.65	62201.2661601
5.993	13016.6538189	10037.11	71305.6351582	9462.891	73628.357401	10520.51	70114.8938741
5.994	13564.0120103	9996.094	83970.1326621	9506.836	72780.758745	10538.09	64414.4700123
5.995	13167.3956334	9993.164	98437.840697	9536.133	59013.6089058	10502.93	90701.4439049
5.996	12629.7771432	10016.6	106413.144883	9500.977	103407.130709	10476.56	52508.1229901
5.997	11955.4378391	9999.023	55081.2901326	9451.172	53038.8363062	10458.98	78913.298952
5.998	12551.670546	9999.023	55786.4461312	9471.68	100364.684745	10508.79	81389.008923
5.999	12025.1924806	9958.008	107641.722298	9500.977	63354.1120531	10453.12	85343.4783969
6.0	11877.4424468	9996.094	66470.1962804	9524.414	55110.1595066	10453.12	65165.7888567
6.001	12095.788563	9993.164	175877.960883	9474.609	93533.4574362	10491.21	78332.8034009
6.002	12363.6810565	10007.81	54623.6914722	9539.062	59284.7541009	10476.56	76271.7339602
6.003	12252.62033	9999.023	155710.87602	9468.75	75715.397997	10529.3	52526.8120569
6.004	13143.3497919	9984.375	89370.3346304	9480.469	56998.8489479	10479.49	80792.6323082
6.005	13416.6452055	9999.023	80051.6337765	9451.172	61269.2777908	10473.63	90272.6427612
6.006	13227.0219983	9996.094	65208.5492703	9498.047	46539.4462664	10546.88	94218.4980289
6.007	13250.7719192	10010.74	70427.1781124	9530.273	71470.442715	10543.95	72132.0026864
6.008	13394.6838724	10007.81	49546.6434264	9515.625	79341.6964193	10532.23	86009.6149863
6.009	11752.7323303	9996.094	94817.8035578	9454.102	51717.3892796	10541.02	58502.3058558
6.01	13582.4812489	10031.25	53559.2065026	9474.609	61899.2775054	10482.42	96686.3448268
6.011	11897.5375545	9996.094	70617.744112	9527.344	41410.0657973	10526.37	103504.571664
6.012	12870.4026174	10028.32	74020.1216863	9503.906	104720.352299	10514.65	60466.3927259
6.013	12392.3959233	9963.867	93391.733136	9492.188	97347.9852226	10450.2	64540.7501694
6.014	12846.8341195	9955.078	79266.4494066	9539.062	81748.3386758	10485.35	53955.2553432
6.015	12407.376102	9999.023	78104.4671435	9498.047	48937.4413819	10479.49	110285.418822
6.016	13392.0684825	9955.078	47385.5945459	9477.539	50200.0013324	10482.42	79441.2160854
6.017	13082.3005168	10025.39	102930.832917	9530.273	80384.6908476	10526.37	71052.9777402
6.018	13221.6404366	9960.938	79592.0683273	9500.977	39161.9557156	10485.35	73621.4220241
6.019	12290.5756366	10007.81	74025.3570692	9451.172	55686.7987116	10543.95	48424.69726
6.02	12874.5805366	9984.375	128195.002792	9544.922	96059.5891555	10491.21	113296.1942
6.021	12467.6293016	10001.95	64648.9793652	9486.328	142062.7896	10467.77	64624.5651834
6.022	12931.1470373	9999.023	55114.2420576	9457.031	68811.1926697	10502.93	69211.5619978
6.023	12304.4380974	10004.88	73421.4142477	9489.258	50776.0644725	10502.93	77312.9754461
6.024	12753.4261918	9984.375	68047.3886977	9474.609	103440.042557	10529.3	55368.2730904
6.025	13330.8435871	10001.95	69978.682964	9521.484	56191.9250273	10488.28	71536.8514431
6.026	13883.8515382	9960.938	73387.6875798	9474.609	127721.269339	10526.37	106467.78139
6.027	13703.3692842	9999.023	138733.635623	9533.203	60772.6222032	10488.28	48136.5276547
6.028	14242.9391382	10004.88	63116.6916374	9524.414	65055.133604	10453.12	137813.317283
6.029	12429.9047978	10028.32	149761.270456	9524.414	134211.284854	10549.8	55025.6729389
6.03	13794.6315612	10028.32	67370.6446749	9503.906	71247.7919845	10549.8	53444.1827884
6.031	13400.9374351	9972.656	39383.7494336	9512.695	91873.4953531	10491.21	112122.561672
6.032	15405.34267	9993.164	97006.440415	9503.906	65383.4019958	10538.09	83119.8861991
6.033	12529.6812027	10016.6	82379.7925905	9509.766	71084.9375718	10470.7	55837.9198857
6.034	13213.5576444	10016.6	54703.6404614	9454.102	132125.047974	10505.86	101919.551035
6.035	12720.1778095	10034.18	84914.5421577	9454.102	93890.136104	10549.8	61596.2307882
6.036	14749.0986448	9999.023	68334.9027813	9468.75	52472.6687804	10517.58	82999.1010963
6.037	14949.8871774	9987.305	78718.8311566	9474.609	72700.566989	10532.23	68297.9171336
6.038	13242.4059517	9996.094	72603.3138095	9477.539	75193.788976	10464.84	96720.7948385
6.039	14544.5140846	9993.164	50040.5733166	9477.539	86939.0972225	10461.91	75496.4513434
6.04	12845.9609211	10022.46	117280.774248	9462.891	72748.7432641	10514.65	75780.9100808
6.041	13120.3103562	9952.148	142312.07021	9544.922	115220.693515	10511.72	47757.767903
6.042	13868.9456266	10028.32	100823.008567	9533.203	51237.2889828	10535.16	107576.260202
6.043	13569.9327633	10037.11	31716.8145351	9533.203	82248.3893768	10505.86	68445.64881
6.044	13873.9901191	9987.305	70947.8562298	9483.398	76913.36375	10458.98	86917.9384433
6.045	13827.4211017	9981.445	96968.7985471	9524.414	87996.4566657	10470.7	98705.854082
6.046	14850.6687147	9966.797	68573.4851923	9451.172	71686.3991994	10497.07	58677.3276244
6.047	14040.4502202	9999.023	109520.329857	9451.172	80690.7804691	10497.07	80582.472906
6.048	14065.7218382	9984.375	67205.762617	9457.031	62650.257153	10497.07	71987.0469009
6.049	13402.7184996	9955.078	63318.8101651	9471.68	68069.9151354	10494.14	77005.9705607
6.05	13256.8143196	10042.97	103146.196284	9500.977	106557.257196	10526.37	89366.4680218
6.051	13436.1535108	9993.164	66367.4383395	9530.273	111617.100335	10461.91	56760.6095715
6.052	13933.1000685	9975.586	106179.875271	9451.172	80988.1766369	10541.02	69481.6353292
6.053	14756.7001104	10013.67	88368.110475	9509.766	75492.5836733	10500.0	41756.6961468
