3900.000000	0.707812	0.626570	4.521998
3901.000000	0.304258	0.323304	2.196749
3902.000000	0.347340	0.335531	1.795160
3903.000000	0.316401	0.341008	1.583206
3904.000000	0.308684	0.373466	1.541789
3905.000000	0.309274	0.330236	1.553474
3906.000000	0.293017	0.301336	1.739779
3907.000000	0.310875	0.285172	1.539778
3908.000000	0.297016	0.330706	1.072331
3909.000000	0.364334	0.377362	1.291344
3910.000000	0.317482	0.277500	1.902527
3911.000000	0.314194	0.380365	1.057062
3912.000000	0.304483	0.320727	1.415872
3913.000000	0.331747	0.340104	1.478483
3914.000000	0.342538	0.338564	1.261483
3915.000000	0.297281	0.329000	1.351128
3916.000000	0.340156	0.345044	1.493065
3917.000000	0.295211	0.351193	1.028039
3918.000000	0.268990	0.273023	1.262662
3919.000000	0.310186	0.298521	1.013521
3920.000000	0.343923	0.322044	2.191019
3921.000000	0.309464	0.335625	1.246930
3922.000000	0.306652	0.295607	1.574714
3923.000000	0.330263	0.286398	0.997512
3924.000000	0.311098	0.302398	1.125055
3925.000000	0.302758	0.319163	2.198737
3926.000000	0.326658	0.378507	0.979000
3927.000000	0.326329	0.322311	2.183068
3928.000000	0.314921	0.321249	1.379827
3929.000000	0.297481	0.299399	1.220039
3930.000000	0.289616	0.266235	1.782411
3931.000000	0.309108	0.310077	1.359253
3932.000000	0.378453	0.399011	1.400077
3933.000000	0.335603	0.369812	1.480552
3934.000000	0.302518	0.297233	0.890676
3935.000000	0.311482	0.322130	2.141243
3936.000000	0.309714	0.324313	1.167139
3937.000000	0.326329	0.306968	1.421926
3938.000000	0.294895	0.316218	1.573371
3939.000000	0.327673	0.486808	1.709834
3940.000000	0.333105	0.320893	1.717588
3941.000000	0.311105	0.312748	1.504606
3942.000000	0.287420	0.275376	4.331364
3943.000000	0.303456	0.305234	0.963953
3944.000000	0.319151	0.310705	1.126761
3945.000000	0.294513	0.310432	1.742004
3946.000000	0.329959	0.321715	1.579152
3947.000000	0.322368	0.366468	2.170266
3948.000000	0.304075	0.314643	1.213728
3949.000000	0.321897	0.327772	1.564174
3950.000000	0.302500	0.290273	2.228887
3951.000000	0.353518	0.384006	1.517602
3952.000000	0.317221	0.284201	1.741137
3953.000000	0.275059	0.257492	0.876893
3954.000000	0.309373	0.256364	1.294648
3955.000000	0.268439	0.303614	1.018872
3956.000000	0.307782	0.330790	1.583571
3957.000000	0.302270	0.294491	1.312335
3958.000000	0.341881	0.340986	1.067925
3959.000000	0.323951	0.346433	1.052199
3960.000000	0.325179	0.330310	1.494736
3961.000000	0.291515	0.258795	2.704515
3962.000000	0.313390	0.292430	1.520508
3963.000000	0.310418	0.372725	1.438799
3964.000000	0.333665	0.314505	1.051781
3965.000000	0.385115	0.327393	1.774889
3966.000000	90.657142	88.614046	306.065557
3967.000000	224.359455	249.101778	708.700059
3968.000000	30.806517	29.365933	127.758752
3969.000000	11.396077	10.574153	41.897138
3970.000000	4.340200	4.349943	24.094574
3971.000000	3.085240	3.377292	12.241196
3972.000000	2.413464	2.422912	17.379075
3973.000000	2.309523	2.350507	10.256791
3974.000000	2.173042	1.863973	7.768605
3975.000000	2.053052	2.233501	12.174713
3976.000000	2.042330	2.232811	8.794920
3977.000000	1.777012	1.864118	10.674097
3978.000000	1.967151	2.162538	5.832223
3979.000000	2.248247	2.329832	11.016315
3980.000000	2.203051	2.038028	10.441119
3981.000000	1.968152	1.818593	13.941497
3982.000000	2.294633	2.114162	6.847590
3983.000000	2.219999	2.162302	14.593757
3984.000000	2.451779	2.630793	9.125446
3985.000000	2.897418	3.155203	15.199890
3986.000000	2.671630	2.554208	13.993853
3987.000000	3.047364	2.981067	10.203559
3988.000000	2.676828	2.580320	20.142942
3989.000000	3.158372	3.262562	19.189879
3990.000000	3.871461	4.128380	16.011390
3991.000000	3.903388	3.933124	12.349301
3992.000000	3.853970	3.731546	21.673052
3993.000000	4.062986	4.317447	17.997888
3994.000000	4.554715	4.304480	25.839954
3995.000000	4.318729	4.566090	18.350301
3996.000000	4.446259	4.528353	17.155467
3997.000000	4.279946	4.125957	23.059480
3998.000000	5.553349	5.869172	70.051618
3999.000000	5.427794	5.992389	28.424801
4000.000000	5.045551	4.705931	19.759020
4001.000000	6.045900	6.621053	19.057684
4002.000000	6.319392	6.113972	28.386268
4003.000000	5.947775	6.035394	22.773363
4004.000000	5.544615	5.871272	19.192106
4005.000000	6.292824	6.333757	21.977464
4006.000000	9.543076	9.689284	40.334329
4007.000000	6.180354	6.219319	39.143337
4008.000000	7.999924	7.601383	30.565932
4009.000000	7.023108	6.919165	30.622902
4010.000000	7.832557	7.784333	53.820203
4011.000000	6.618036	8.433255	40.470972
4012.000000	6.440997	6.420881	25.378136
4013.000000	6.431552	5.944628	28.528178
4014.000000	9.197092	8.501407	34.262615
4015.000000	8.038460	7.894542	29.907126
4016.000000	8.981096	9.102813	44.847525
4017.000000	7.201163	7.288178	55.727035
4018.000000	6.622110	6.533212	43.576751
4019.000000	8.990837	8.891613	31.591381
4020.000000	7.440548	8.166460	35.803750
4021.000000	9.619248	9.868812	45.633092
4022.000000	9.369478	8.627767	63.012677
4023.000000	11.741163	11.033510	72.200378
4024.000000	10.510305	10.495494	57.318033
4025.000000	10.465154	11.560086	36.940044
4026.000000	9.167791	9.478890	51.883258
4027.000000	9.398150	10.194835	32.033539
4028.000000	11.528380	10.990716	63.079304
4029.000000	9.360194	9.663339	72.725456
4030.000000	10.072305	10.750658	63.150934
4031.000000	7.382789	6.614802	37.674399
4032.000000	8.464800	8.690896	48.575027
4033.000000	10.531604	9.967160	74.825004
4034.000000	8.427991	8.440414	44.368698
4035.000000	11.434922	11.745446	42.505979
4036.000000	7.367569	7.091915	22.560489
4037.000000	9.940908	9.583362	59.348117
4038.000000	8.095746	7.840424	27.773705
4039.000000	8.225671	8.139916	55.768864
4040.000000	9.564266	8.222346	39.215044
4041.000000	9.913171	10.633326	31.963761
4042.000000	8.188248	7.986367	43.623245
4043.000000	8.815994	8.661371	41.935114
4044.000000	8.998215	9.265293	43.599664
4045.000000	6.698214	5.971684	38.257966
4046.000000	7.525957	7.991660	34.094716
4047.000000	6.828678	6.576924	33.411118
4048.000000	9.104964	9.781426	35.668770
4049.000000	8.873479	8.616933	58.387406
4050.000000	7.270288	6.606610	25.128259
4051.000000	8.487558	7.757080	37.444584
4052.000000	8.014504	7.945877	35.728543
4053.000000	8.053720	9.506797	39.627282
4054.000000	7.077926	7.540776	26.580184
4055.000000	5.109104	4.691378	25.274536
4056.000000	5.234970	5.270733	34.346984
4057.000000	6.177499	6.148183	33.290597
4058.000000	6.239195	6.963248	23.821836
4059.000000	5.620514	5.360821	28.480621
4060.000000	5.426114	6.102765	13.920726
4061.000000	5.022326	5.623844	21.749687
4062.000000	3.760915	4.070559	20.710947
4063.000000	4.840109	4.733550	27.501861
4064.000000	3.971381	4.105309	12.064810
4065.000000	3.068495	3.029277	9.173921
4066.000000	2.788122	2.705493	15.746068
4067.000000	2.874916	2.655719	7.887168
4068.000000	2.783536	2.974766	12.279422
4069.000000	2.661864	2.450772	12.482392
4070.000000	3.470502	3.602399	19.134272
4071.000000	2.164588	2.502363	8.816801
4072.000000	1.869297	1.693552	13.301311
4073.000000	1.819627	1.732709	10.029617
4074.000000	1.840310	1.830803	5.345074
4075.000000	1.996614	1.985436	9.576756
4076.000000	1.347291	1.337097	5.860964
4077.000000	1.581176	1.467805	6.970980
4078.000000	1.037920	1.117218	4.262379
4079.000000	0.999808	0.966993	4.981589
4080.000000	1.066313	1.073960	5.269012
4081.000000	0.984603	1.078832	5.227596
4082.000000	0.864194	0.914078	3.557242
4083.000000	0.893304	0.913295	3.466853
4084.000000	0.661887	0.672856	3.969852
4085.000000	0.686917	0.706061	2.317262
4086.000000	0.690845	0.745622	4.575246
4087.000000	0.631185	0.611662	3.678508
4088.000000	0.700248	0.669070	3.804834
4089.000000	0.588464	0.673070	1.817443
4090.000000	0.606667	0.566362	2.848861
4091.000000	0.541394	0.595081	2.505259
4092.000000	0.660071	0.699183	2.914347
4093.000000	0.539846	0.515831	2.512029
4094.000000	0.576405	0.676398	2.410091
4095.000000	0.563622	0.615870	3.993188
4096.000000	0.484304	0.509957	2.636123
4097.000000	0.562198	0.527461	3.363325
4098.000000	0.599824	0.650914	3.430224
4099.000000	0.584007	0.531364	2.855323
4100.000000	0.642258	0.666600	4.067785
4101.000000	0.735408	0.698215	2.300375
4102.000000	0.718637	0.661777	2.771203
4103.000000	0.761759	0.785250	3.286897
4104.000000	0.735083	0.714984	5.416114
4105.000000	0.740069	0.717736	2.901450
4106.000000	0.866446	0.834766	3.277889
4107.000000	0.731464	0.718504	3.569625
4108.000000	0.827640	0.722855	4.134630
4109.000000	0.928737	0.860086	4.724326
4110.000000	1.012413	1.031311	4.638038
4111.000000	0.989250	0.940292	5.525732
4112.000000	0.940461	0.997212	4.094677
4113.000000	1.047764	1.020379	7.953876
4114.000000	1.159797	1.117538	3.944325
4115.000000	1.211493	1.301736	8.349488
4116.000000	1.263132	1.323094	4.766665
4117.000000	1.472651	1.475868	5.999749
4118.000000	1.163541	1.118608	5.023621
4119.000000	1.565273	1.538074	9.525895
4120.000000	1.625456	1.528684	5.777882
4121.000000	1.519751	1.693256	8.620216
4122.000000	1.689684	1.684036	9.151095
4123.000000	1.814784	1.881694	7.305441
4124.000000	2.072960	2.397238	11.062365
4125.000000	2.120345	2.261180	9.866536
4126.000000	2.530458	2.609587	14.047961
4127.000000	2.031397	1.947082	11.374017
4128.000000	2.905394	2.855034	13.701616
4129.000000	3.187628	3.313668	13.466272
4130.000000	3.023794	2.867911	13.224872
4131.000000	3.669182	3.489932	13.974814
4132.000000	3.326140	3.207645	11.728893
4133.000000	4.584545	5.069174	28.923992
4134.000000	4.109921	4.116888	17.934849
4135.000000	4.605056	4.484872	15.521163
4136.000000	4.441011	4.394167	29.176104
4137.000000	5.591036	5.318025	28.496802
4138.000000	6.739811	6.632731	37.980687
4139.000000	6.854012	6.162657	24.314029
4140.000000	7.795302	8.003018	48.289327
4141.000000	9.641337	9.565535	58.745450
4142.000000	9.726072	10.807869	32.771202
4143.000000	9.584959	10.690033	41.045752
4144.000000	10.471826	10.760260	67.887354
4145.000000	14.415796	15.141596	43.301288
4146.000000	12.681264	12.287162	84.806776
4147.000000	15.982882	14.399896	91.144981
4148.000000	18.547176	18.641530	72.981458
4149.000000	22.207785	20.616645	116.695416
4150.000000	25.962017	27.081232	108.855633
4151.000000	26.572702	25.296422	129.328486
4152.000000	35.766850	37.517133	131.299505
4153.000000	39.404850	37.297243	244.937702
4154.000000	53.823057	57.856201	239.243021
4155.000000	54.468304	54.380006	220.788699
4156.000000	73.775204	66.135795	259.553228
4157.000000	83.736894	81.811941	341.565566
4158.000000	94.156130	96.183507	427.419180
4159.000000	118.722400	113.316886	421.044228
4160.000000	131.006192	134.696419	443.366405
4161.000000	149.876344	159.259413	628.096278
4162.000000	180.465454	201.204146	738.914338
4163.000000	230.649730	223.070585	1135.993099
4164.000000	259.521755	238.545534	913.255228
4165.000000	247.952368	210.667443	1552.609090
4166.000000	253.693397	218.700125	1067.483399
4167.000000	300.333322	328.296419	1913.305359
4168.000000	290.130012	284.530126	1336.464334
4169.000000	377.529438	355.474915	1153.936848
4170.000000	312.206011	295.192571	1970.659606
4171.000000	300.778657	285.736442	1092.622583
4172.000000	251.480652	232.472525	1150.278747
4173.000000	207.151581	214.427972	821.795272
4174.000000	146.026871	140.443778	689.658630
4175.000000	112.710245	119.706302	717.573511
4176.000000	92.526154	96.561449	319.235630
4177.000000	83.345729	82.386581	381.655028
4178.000000	81.508338	79.638832	410.877570
4179.000000	77.380844	72.849928	348.845453
4180.000000	62.173039	65.296303	422.948526
4181.000000	68.640962	64.338957	222.776909
4182.000000	66.272473	65.000749	253.733215
4183.000000	83.104008	79.553384	254.645136
4184.000000	94.160436	94.513239	271.127333
4185.000000	97.255700	97.512563	786.814170
4186.000000	110.011706	105.049910	322.366346
4187.000000	123.662556	129.296335	788.673100
4188.000000	117.230301	120.112255	708.388845
4189.000000	99.512498	104.202733	652.204293
4190.000000	82.214240	88.346818	393.835507
4191.000000	70.590498	67.472767	294.297652
4192.000000	59.884082	55.329491	384.190368
4193.000000	40.504561	45.690526	212.536742
4194.000000	38.076552	42.707663	125.719060
4195.000000	26.420176	29.032282	120.342108
4196.000000	27.178081	24.214970	215.400246
4197.000000	18.242483	18.372291	69.334845
4198.000000	9.788192	8.764608	44.981542
4199.000000	4.025323	3.626039	24.033044
4200.000000	0.498056	0.529233	1.652846
4201.000000	0.339813	0.416333	1.298308
4202.000000	0.363901	0.390720	1.170479
4203.000000	0.315782	0.302555	1.747541
4204.000000	0.294348	0.327219	1.214382
4205.000000	0.314700	0.314099	1.260912
4206.000000	0.313711	0.364842	1.431975
4207.000000	0.337613	0.336858	1.536935
4208.000000	0.336648	0.315415	1.743716
4209.000000	0.277248	0.291292	1.178960
4210.000000	0.313225	0.326308	1.210012
4211.000000	0.346867	0.393415	2.227244
4212.000000	0.323649	0.322795	1.133015
4213.000000	0.277879	0.294928	1.027385
4214.000000	0.319260	0.355259	1.478968
4215.000000	0.314841	0.308317	1.449403
4216.000000	0.294762	0.347319	1.615939
4217.000000	0.329932	0.376129	1.623206
4218.000000	0.316081	0.336686	1.214948
4219.000000	0.298072	0.272077	1.134774
4220.000000	0.302208	0.285603	1.156613
4221.000000	0.324815	0.335240	1.107272
4222.000000	0.320102	0.363538	1.283079
4223.000000	0.309080	0.344256	1.538793
4224.000000	0.336781	0.330305	1.381254
4225.000000	0.289359	0.273723	1.451349
4226.000000	0.325879	0.341008	1.064534
4227.000000	0.268356	0.240434	1.525323
4228.000000	0.325510	0.291041	0.940948
4229.000000	0.317652	0.333610	1.196461
4230.000000	0.359151	0.365726	1.987776
4231.000000	0.333516	0.378916	1.322861
4232.000000	0.345498	0.375138	1.137404
4233.000000	0.321980	0.358741	1.400592
4234.000000	0.356120	0.394616	1.594242
4235.000000	0.272383	0.266750	1.440168
4236.000000	0.299060	0.296075	2.198487
4237.000000	0.324732	0.351603	1.208188
4238.000000	0.323992	0.344460	1.164340
4239.000000	0.321836	0.383886	1.459729
4240.000000	0.352712	0.341545	1.314898
4241.000000	0.293736	0.322995	1.071690
4242.000000	0.306618	0.302251	1.274158
4243.000000	0.294862	0.282380	1.184121
4244.000000	0.302950	0.293187	1.170910
4245.000000	0.325444	0.319216	2.459604
4246.000000	0.323141	0.339027	1.493739
4247.000000	0.293338	0.344800	0.792977
4248.000000	0.291280	0.374585	1.528658
4249.000000	0.309306	0.339490	1.120163
4250.000000	0.327457	0.349136	1.874110
4251.000000	0.306525	0.270750	0.902853
4252.000000	0.305120	0.304955	1.119295
4253.000000	0.322458	0.325031	1.048255
4254.000000	0.309559	0.311898	2.507929
4255.000000	0.320889	0.363551	1.362789
4256.000000	0.302483	0.324426	2.386637
4257.000000	0.309511	0.313907	1.377759
4258.000000	0.307126	0.315314	1.098403
4259.000000	0.393074	0.467181	1.850291
4260.000000	0.366960	0.390377	1.538855
4261.000000	0.333611	0.374896	1.540526
4262.000000	0.309004	0.294580	1.179329
4263.000000	0.277852	0.272851	1.111805
4264.000000	0.296021	0.292219	1.082734
4265.000000	0.350683	0.355797	0.993803
4266.000000	0.303155	0.326889	1.291531
4267.000000	0.342989	0.290305	1.141041
4268.000000	0.273555	0.266570	1.290203
4269.000000	0.293167	0.295252	1.142210
4270.000000	0.316073	0.312143	1.371896
4271.000000	0.298797	0.287514	1.286302
4272.000000	0.279685	0.317743	1.023613
4273.000000	0.307250	0.345774	1.065576
4274.000000	0.376314	0.411034	1.708885
4275.000000	0.339831	0.388907	1.200161
4276.000000	0.293460	0.290563	1.198953
4277.000000	0.330485	0.349549	3.193782
4278.000000	0.288147	0.321322	1.352100
4279.000000	0.342657	0.338221	2.223215
4280.000000	0.317779	0.306987	1.374965
4281.000000	0.328447	0.337360	1.279732
4282.000000	0.336898	0.349292	1.994634
4283.000000	0.293295	0.297850	0.819128
4284.000000	0.330978	0.385468	1.898935
4285.000000	0.313828	0.398588	1.254456
4286.000000	0.328449	0.344635	2.653595
4287.000000	0.318799	0.290162	1.974559
4288.000000	0.338948	0.358589	1.364917
4289.000000	0.348532	0.495139	1.338061
4290.000000	0.258830	0.269975	2.673435
4291.000000	0.339018	0.392355	2.190653
4292.000000	0.344528	0.331638	1.421076
4293.000000	0.270653	0.271617	1.107560
4294.000000	0.323982	0.359357	2.020635
4295.000000	0.302662	0.314533	1.096133
4296.000000	0.291056	0.269814	1.154610
4297.000000	0.354885	0.429667	1.228525
4298.000000	0.339409	0.350550	1.449678
4299.000000	0.325474	0.337331	2.049056
4300.000000	0.320125	0.320868	1.280557
4301.000000	0.312904	0.316757	1.344446
4302.000000	0.293050	0.283695	1.625082
4303.000000	0.297133	0.304936	1.404457
4304.000000	0.359256	0.401899	0.940639
4305.000000	0.306660	0.298466	1.114553
4306.000000	0.323287	0.530313	1.809624
4307.000000	0.309319	0.361323	1.441872
4308.000000	0.324074	0.327854	1.560888
4309.000000	0.306631	0.314995	1.251262
4310.000000	0.295269	0.291092	2.234763
4311.000000	0.338539	0.385439	1.244736
4312.000000	0.342956	0.457948	1.920415
4313.000000	0.328751	0.383791	1.952164
4314.000000	0.361799	0.382908	1.706067
4315.000000	0.291826	0.294157	1.153728
4316.000000	0.313740	0.308998	1.393473
4317.000000	0.321502	0.307793	1.324222
4318.000000	0.310921	0.358523	1.199006
4319.000000	0.303462	0.286626	1.594490
4320.000000	0.276495	0.309978	1.786662
4321.000000	0.334807	0.485020	2.137219
4322.000000	0.313418	0.298297	1.352498
4323.000000	0.311655	0.301624	4.673094
4324.000000	0.309074	0.283040	2.358467
4325.000000	0.284233	0.289353	2.186101
4326.000000	0.321015	0.350623	2.474726
4327.000000	0.331676	0.329575	1.390444
4328.000000	0.314213	0.370571	2.062847
4329.000000	0.333167	0.327754	0.846362
4330.000000	0.292804	0.285737	2.017131
4331.000000	0.281228	0.280144	4.401091
4332.000000	0.370410	0.402713	3.159343
4333.000000	0.330435	0.396510	2.108448
4334.000000	0.304517	0.327803	1.690396
4335.000000	0.326425	0.350555	2.124409
4336.000000	0.347149	0.345587	1.289863
4337.000000	0.354629	0.361828	3.125242
4338.000000	0.336379	0.325920	1.802714
4339.000000	0.295663	0.266191	1.161014
4340.000000	0.291851	0.279266	1.284690
4341.000000	0.306926	0.329503	1.260714
4342.000000	0.349723	0.370684	1.738267
4343.000000	0.378994	0.390472	1.560640
4344.000000	0.325503	0.370610	2.544043
4345.000000	0.350136	0.366179	1.189996
4346.000000	0.289267	0.287833	0.982916
4347.000000	0.292976	0.358229	1.439437
4348.000000	0.305956	0.300690	1.865401
4349.000000	0.302416	0.275377	0.965739
4350.000000	0.305393	0.370184	2.815108
4351.000000	0.298783	0.298501	3.229479
4352.000000	0.328194	0.309048	2.421363
4353.000000	0.268407	0.271575	1.716498
4354.000000	0.297927	0.295721	1.573242
4355.000000	0.339548	0.321727	1.210179
4356.000000	0.341555	0.380222	1.759282
4357.000000	0.325453	0.321606	2.159457
4358.000000	0.316714	0.305010	1.970575
4359.000000	0.312617	0.384341	1.204494
4360.000000	0.324354	0.347400	1.550258
4361.000000	0.358272	0.472618	1.473848
4362.000000	0.313188	0.321550	1.390026
4363.000000	0.337971	0.342585	1.044338
4364.000000	0.332142	0.286982	1.953147
4365.000000	0.329520	0.371013	1.047437
4366.000000	0.388812	0.505845	1.782091
4367.000000	0.339878	0.458624	1.668606
4368.000000	0.369214	0.349677	1.259685
4369.000000	0.324510	0.335554	1.774600
4370.000000	0.318503	0.302685	1.871889
4371.000000	0.308870	0.358710	0.843047
4372.000000	0.307465	0.334285	1.281956
4373.000000	0.315715	0.344374	1.475617
4374.000000	0.326229	0.435984	1.392920
4375.000000	0.291443	0.348826	1.487122
4376.000000	0.304749	0.316900	1.848197
4377.000000	0.302584	0.365370	1.297259
4378.000000	0.334821	0.408038	1.010750
4379.000000	0.302175	0.304837	1.272621
4380.000000	0.313847	0.298646	1.087743
4381.000000	0.311937	0.331445	2.255976
4382.000000	0.331727	0.299008	1.221722
4383.000000	0.295299	0.273625	1.860511
4384.000000	0.335495	0.312199	1.208860
4385.000000	0.335964	0.327408	1.565689
4386.000000	0.312681	0.355755	1.212052
4387.000000	0.329107	0.324599	1.451660
4388.000000	0.322656	0.397205	1.390471
4389.000000	0.320133	0.311897	1.105216
4390.000000	0.315422	0.288187	1.317212
4391.000000	0.324896	0.331984	1.643002
4392.000000	0.295989	0.321891	1.532741
4393.000000	0.311527	0.306333	1.842533
4394.000000	0.319106	0.332781	1.256888
4395.000000	0.305162	0.306781	1.354578
4396.000000	0.358541	0.366541	2.096430
4397.000000	0.320773	0.315862	1.741468
4398.000000	0.337085	0.369255	1.540297
4399.000000	0.312875	0.335332	2.505179
4400.000000	0.315896	0.350108	2.104629
4401.000000	0.334719	0.360906	2.487048
4402.000000	0.340209	0.327844	1.802619
4403.000000	0.340523	0.312442	1.293806
4404.000000	0.309187	0.359354	0.886842
4405.000000	0.315119	0.333430	2.008825
4406.000000	0.317560	0.295769	1.197561
4407.000000	0.288649	0.271565	1.375717
4408.000000	0.292659	0.314632	1.323248
4409.000000	0.310073	0.362841	1.585530
4410.000000	0.323695	0.323773	1.212533
4411.000000	0.304914	0.323586	1.179591
4412.000000	0.288332	0.280232	2.918140
4413.000000	0.263089	0.292972	1.284633
4414.000000	0.289535	0.329546	2.021287
4415.000000	0.339852	0.366625	1.179486
4416.000000	0.304205	0.329285	1.259266
4417.000000	0.308330	0.360556	1.269317
4418.000000	0.290950	0.313599	1.145185
4419.000000	0.339950	0.329297	2.419722
4420.000000	0.310763	0.307164	0.926446
4421.000000	0.300052	0.340900	2.000019
4422.000000	0.240264	0.265531	2.196252
4423.000000	0.320576	0.410237	1.413724
4424.000000	0.365372	0.362023	1.923835
4425.000000	0.298824	0.303312	1.864176
4426.000000	0.299240	0.293650	1.411106
4427.000000	0.282461	0.294464	1.746841
4428.000000	0.292256	0.283208	0.930294
4429.000000	0.317860	0.293231	1.621064
4430.000000	0.313618	0.304339	1.271392
4431.000000	0.317997	0.326985	1.750759
4432.000000	0.298808	0.260360	2.379629
4433.000000	0.279780	0.269714	1.531921
4434.000000	0.278911	0.267033	1.034712
4435.000000	0.317277	0.324374	1.193114
4436.000000	0.299386	0.321303	1.263236
4437.000000	0.335272	0.337911	1.031155
4438.000000	0.334085	0.363834	1.537350
4439.000000	0.287563	0.335249	2.580462
4440.000000	0.316730	0.400478	1.867178
4441.000000	0.343815	0.334923	1.047872
4442.000000	0.311185	0.304977	2.019494
4443.000000	0.322618	0.331858	0.947644
4444.000000	0.326632	0.352604	1.258746
4445.000000	0.304449	0.297719	1.821148
4446.000000	0.351245	0.365143	2.337820
4447.000000	0.306975	0.360608	0.904673
4448.000000	0.361157	0.395195	1.498933
4449.000000	0.290020	0.267726	0.895067
4450.000000	0.288525	0.330549	1.149410
4451.000000	0.317764	0.412486	2.093448
4452.000000	0.297962	0.288254	0.834579
4453.000000	0.277842	0.321630	1.275105
4454.000000	0.307191	0.382307	1.196305
4455.000000	0.285083	0.314006	1.549910
4456.000000	0.298406	0.298778	2.054152
4457.000000	0.308025	0.277341	1.339300
4458.000000	0.321966	0.310400	1.369207
4459.000000	0.312087	0.313503	1.126973
4460.000000	0.327441	0.364412	1.273543
4461.000000	0.334536	0.313696	2.071876
4462.000000	0.298027	0.314030	0.942431
4463.000000	0.311880	0.292662	1.269026
4464.000000	0.320573	0.376351	1.447047
4465.000000	0.311677	0.431681	2.027045
4466.000000	0.327597	0.363702	1.730586
4467.000000	0.358478	0.370544	1.311471
4468.000000	0.389140	0.398484	1.208083
4469.000000	0.300627	0.348349	1.811646
4470.000000	0.332625	0.352679	2.648477
4471.000000	0.348347	0.375557	1.245567
4472.000000	0.478796	0.429982	2.894029
4473.000000	2.033977	2.058931	8.896954
4474.000000	688.280754	681.389526	6458.827760
4475.000000	59.969558	60.032049	284.227386
4476.000000	24.403579	24.554820	135.388792
4477.000000	12.275300	12.084841	74.388283
4478.000000	7.503733	8.074965	48.835313
4479.000000	4.126511	3.537453	27.759112
4480.000000	3.356290	3.310171	26.390835
4481.000000	2.386617	2.670127	9.669152
4482.000000	1.664636	1.658481	6.907908
4483.000000	1.500723	1.570043	5.630590
4484.000000	1.198011	1.287038	5.204821
4485.000000	0.923221	0.921057	3.939289
4486.000000	0.813385	0.798171	5.913172
4487.000000	0.660903	0.673624	4.577407
4488.000000	0.811730	0.796584	3.944366
4489.000000	0.666433	0.674781	3.785789
4490.000000	0.650983	0.564091	2.420976
4491.000000	0.629859	0.616641	2.857265
4492.000000	0.520981	0.517974	5.279920
4493.000000	0.654524	0.639152	3.509237
4494.000000	0.607073	0.635947	3.901257
4495.000000	0.574984	0.634281	2.120182
4496.000000	0.649391	0.608927	3.258043
4497.000000	0.588299	0.630498	3.380876
4498.000000	0.623052	0.701247	3.244328
4499.000000	0.550462	0.472705	2.201398
4500.000000	0.585651	0.549888	3.266958
4501.000000	0.564716	0.550159	2.782697
4502.000000	0.523800	0.526316	3.196107
4503.000000	0.567928	0.549906	2.724695
4504.000000	0.508206	0.604646	2.703537
4505.000000	0.646331	0.611618	2.482143
4506.000000	0.565253	0.562994	2.418148
4507.000000	0.520747	0.502155	3.777233
4508.000000	0.486529	0.493273	2.210945
4509.000000	0.502749	0.493592	2.587262
4510.000000	0.559035	0.524787	4.331343
4511.000000	0.606396	0.600607	2.267622
4512.000000	0.506997	0.593977	2.258949
4513.000000	0.541175	0.517812	1.449068
4514.000000	0.561276	0.576114	3.497017
4515.000000	0.560035	0.497332	3.036563
4516.000000	0.484860	0.462681	2.022832
4517.000000	0.499479	0.531729	2.387395
4518.000000	0.449178	0.488672	1.754361
4519.000000	0.437452	0.392776	1.586346
4520.000000	0.418496	0.422793	3.365277
4521.000000	0.438830	0.382381	1.792707
4522.000000	0.406388	0.456116	1.345302
4523.000000	0.402471	0.381412	1.764880
4524.000000	0.365360	0.405747	1.249138
4525.000000	0.391233	0.456351	2.381916
4526.000000	0.359858	0.395239	1.149744
4527.000000	0.393944	0.384505	1.265817
4528.000000	0.396495	0.437322	0.971896
4529.000000	0.420611	0.528136	1.716546
4530.000000	0.337020	0.366837	1.279036
4531.000000	0.403805	0.441382	2.701787
4532.000000	0.472553	0.484152	1.449064
4533.000000	0.427695	0.478377	1.629160
4534.000000	0.438616	0.436780	1.475862
4535.000000	0.418916	0.488501	1.402029
4536.000000	0.453068	0.504758	3.542875
4537.000000	0.431731	0.434675	3.184674
4538.000000	0.446710	0.447711	1.593613
4539.000000	0.387163	0.423720	1.688713
4540.000000	0.493128	0.554242	2.500993
4541.000000	0.439278	0.451463	2.633126
4542.000000	0.542882	0.534829	1.413809
4543.000000	0.521246	0.477907	1.657416
4544.000000	0.441366	0.450122	2.464860
4545.000000	0.509573	0.541633	1.880545
4546.000000	0.487943	0.520276	2.961759
4547.000000	0.444421	0.452050	1.859334
4548.000000	0.515475	0.557608	1.778243
4549.000000	0.570182	0.547370	3.272463
4550.000000	0.510983	0.507293	2.661637
4551.000000	0.492195	0.494584	1.660897
4552.000000	0.500286	0.532799	2.048444
4553.000000	0.411990	0.383789	2.039138
4554.000000	0.502014	0.561309	1.251509
4555.000000	0.462160	0.519546	1.198713
4556.000000	0.415758	0.405815	2.250870
4557.000000	0.387299	0.375119	1.625021
4558.000000	0.383354	0.400033	1.892877
4559.000000	0.376139	0.353348	2.259483
4560.000000	0.375701	0.416764	1.376989
4561.000000	0.371800	0.362318	1.978953
4562.000000	0.430237	0.421769	1.501742
4563.000000	0.389116	0.404451	1.138442
4564.000000	0.412171	0.489484	2.067296
4565.000000	0.348968	0.348357	1.648599
4566.000000	0.387953	0.395105	1.475560
4567.000000	0.377310	0.356818	1.991238
4568.000000	0.293985	0.283189	1.328705
4569.000000	0.330181	0.320323	2.632588
4570.000000	0.346946	0.389042	2.109702
4571.000000	0.380252	0.410149	1.021676
4572.000000	0.360904	0.331328	1.361681
4573.000000	0.329271	0.310581	2.245480
4574.000000	0.339678	0.319321	1.040078
4575.000000	0.350533	0.334705	0.947554
4576.000000	0.315204	0.300326	1.522277
4577.000000	0.322883	0.346980	1.906834
4578.000000	0.385477	0.346496	2.258415
4579.000000	0.366248	0.345743	1.300939
4580.000000	0.379379	0.407667	1.827995
4581.000000	0.293816	0.262760	1.655510
4582.000000	0.352147	0.391828	1.273944
4583.000000	0.367766	0.402478	1.815951
4584.000000	0.317030	0.288001	1.609122
4585.000000	0.348759	0.433971	2.128470
4586.000000	0.348724	0.327228	1.828200
4587.000000	0.326642	0.337708	1.234665
4588.000000	0.300117	0.292316	1.366113
4589.000000	0.327305	0.314375	1.588781
4590.000000	0.330547	0.322560	1.429426
4591.000000	0.328317	0.355710	1.953001
4592.000000	0.333151	0.348768	1.500274
4593.000000	0.321023	0.319509	0.802786
4594.000000	0.347451	0.372646	1.674747
4595.000000	0.294216	0.266478	1.898336
4596.000000	0.306101	0.347487	1.706538
4597.000000	0.333408	0.338426	1.645799
4598.000000	0.352785	0.372351	1.503420
4599.000000	0.283376	0.277507	0.906975
4600.000000	0.324476	0.351083	1.871357
4601.000000	0.359499	0.363521	1.079948
4602.000000	0.320789	0.322605	2.105377
4603.000000	0.302506	0.282618	1.543641
4604.000000	0.348944	0.353781	1.401671
4605.000000	0.331166	0.307042	2.130827
4606.000000	0.315073	0.343123	1.908892
4607.000000	0.379204	0.416849	1.298372
4608.000000	0.326566	0.307810	1.237681
4609.000000	0.304717	0.345375	2.247236
4610.000000	0.305463	0.269031	1.513451
4611.000000	0.268645	0.266759	1.153084
4612.000000	0.279691	0.273862	1.151129
4613.000000	0.333868	0.334039	1.629665
4614.000000	0.319813	0.313859	1.452288
4615.000000	0.305930	0.304219	2.278262
4616.000000	0.290271	0.246044	1.296007
4617.000000	0.323923	0.306496	1.524191
4618.000000	0.312368	0.297596	1.398869
4619.000000	0.281323	0.276543	1.270387
4620.000000	0.290756	0.278478	1.805077
4621.000000	0.321612	0.379219	1.249528
4622.000000	0.330344	0.365969	1.819906
4623.000000	0.303760	0.314561	1.661462
4624.000000	0.369963	0.366715	1.158179
4625.000000	0.323587	0.344538	0.995116
4626.000000	0.328234	0.298247	1.277640
4627.000000	0.304570	0.294947	1.292953
4628.000000	0.323205	0.301089	2.599877
4629.000000	0.314646	0.340931	1.845294
4630.000000	0.354903	0.340435	1.409220
4631.000000	0.332349	0.357478	1.922394
4632.000000	0.350987	0.331077	1.797633
4633.000000	0.366987	0.352820	2.829566
4634.000000	0.318411	0.317076	1.836048
4635.000000	0.315202	0.311908	1.138757
4636.000000	0.362189	0.308711	1.376605
4637.000000	0.335942	0.286998	1.497096
4638.000000	0.324083	0.387151	1.228379
4639.000000	0.328477	0.364047	1.581641
4640.000000	0.340805	0.395708	2.352927
4641.000000	0.307364	0.330510	1.344715
4642.000000	0.372112	0.337329	1.775377
4643.000000	0.304674	0.319331	1.868894
4644.000000	0.330764	0.353529	0.935357
4645.000000	0.385703	0.372875	1.280468
4646.000000	0.354630	0.389568	1.587556
4647.000000	0.324018	0.335480	2.426010
4648.000000	0.371990	0.437974	1.327578
4649.000000	0.312196	0.274838	1.119953
4650.000000	0.357531	0.382887	1.302680
4651.000000	0.363503	0.392668	2.002847
4652.000000	0.354774	0.368057	1.628098
4653.000000	0.348914	0.322792	2.357827
4654.000000	0.343024	0.444212	1.669485
4655.000000	0.372953	0.368650	2.798624
4656.000000	0.354777	0.413746	1.959709
4657.000000	0.351091	0.339286	1.308102
4658.000000	0.336742	0.326794	1.679299
4659.000000	0.296529	0.307462	1.357977
4660.000000	0.374343	0.375356	2.589722
4661.000000	0.418955	0.412262	2.643578
4662.000000	0.371771	0.433844	1.790931
4663.000000	0.318832	0.317129	1.647741
4664.000000	0.355264	0.384054	1.597681
4665.000000	0.350456	0.307963	1.388748
4666.000000	0.436208	0.419215	1.616514
4667.000000	0.374467	0.397068	2.734107
4668.000000	0.373479	0.362984	3.042837
4669.000000	0.405104	0.383662	2.156602
4670.000000	0.402355	0.353320	1.766454
4671.000000	0.385751	0.356327	1.593141
4672.000000	0.411858	0.410401	1.258153
4673.000000	0.357882	0.330695	1.688690
4674.000000	0.409604	0.390656	1.021073
4675.000000	0.426978	0.460809	2.077307
4676.000000	0.395368	0.446593	2.156287
4677.000000	0.408916	0.438717	1.654439
4678.000000	0.424961	0.432400	1.386132
4679.000000	0.435688	0.444004	1.713433
4680.000000	0.457013	0.416940	2.760738
4681.000000	0.425759	0.429929	2.547137
4682.000000	0.401445	0.420279	2.128505
4683.000000	0.463562	0.458833	1.914279
4684.000000	0.421764	0.446450	2.654641
4685.000000	0.479738	0.492497	3.481883
4686.000000	0.412214	0.422365	2.064984
4687.000000	0.481823	0.537117	1.539999
4688.000000	0.460355	0.440522	2.680555
4689.000000	0.465181	0.423474	2.513069
4690.000000	0.451466	0.444382	1.692629
4691.000000	0.523725	0.500378	2.273649
4692.000000	0.531257	0.523959	2.060089
4693.000000	0.588503	0.538389	2.227697
4694.000000	0.553527	0.581934	1.771186
4695.000000	0.747799	0.728246	3.955966
4696.000000	0.476939	0.441301	2.930709
4697.000000	0.447600	0.417943	2.517582
4698.000000	0.734178	0.655800	3.572614
4699.000000	0.458045	0.442724	2.089214
4700.000000	0.492779	0.466654	2.536564
4701.000000	1.301123	1.292491	5.284119
4702.000000	0.542326	0.486071	3.043038
4703.000000	0.524262	0.553140	2.630602
4704.000000	0.589461	0.620043	2.581071
4705.000000	0.521854	0.532490	4.507982
4706.000000	0.506775	0.433034	1.860911
4707.000000	0.539761	0.461728	2.349463
4708.000000	0.524241	0.547320	2.458308
4709.000000	0.503414	0.447846	2.232742
4710.000000	0.548753	0.531807	3.036838
4711.000000	0.685239	0.764583	3.964528
4712.000000	0.626420	0.645626	2.174099
4713.000000	0.600350	0.573442	2.287841
4714.000000	0.578073	0.550159	2.768257
4715.000000	0.551266	0.586443	2.941566
4716.000000	0.584645	0.599998	2.439663
4717.000000	0.609334	0.586837	4.387984
4718.000000	0.648636	0.641232	2.805535
4719.000000	0.857383	0.830225	7.796855
4720.000000	0.802954	0.839548	3.197368
4721.000000	0.901900	0.845060	3.923490
4722.000000	1.133101	1.061114	3.872140
4723.000000	1.038166	0.990219	5.202112
4724.000000	1.172276	1.172942	7.112423
4725.000000	1.218484	1.266147	3.102001
4726.000000	1.556363	1.541790	6.530772
4727.000000	1.558563	1.521795	7.923380
4728.000000	1.778788	1.845829	16.500430
4729.000000	1.776920	1.634712	9.621055
4730.000000	2.038515	2.040055	14.760455
4731.000000	2.514060	2.442250	11.671370
4732.000000	2.355566	2.439923	13.130985
4733.000000	2.657787	2.653609	12.030851
4734.000000	2.683118	2.489080	25.971488
4735.000000	2.880643	2.736827	18.163647
4736.000000	2.997530	3.112867	13.176003
4737.000000	3.129956	3.184737	15.879207
4738.000000	3.363013	3.195351	15.989472
4739.000000	3.366952	3.614368	11.444373
4740.000000	4.017895	5.237439	22.327176
4741.000000	3.694722	3.810999	15.051740
4742.000000	3.635119	3.557233	17.547107
4743.000000	3.990441	4.080737	24.062022
4744.000000	4.388202	4.264835	18.571430
4745.000000	4.272519	4.589028	18.840569
4746.000000	5.109757	4.994506	19.919175
4747.000000	4.825728	4.601645	20.510220
4748.000000	4.921873	4.959598	20.010014
4749.000000	5.740902	5.472819	38.302048
4750.000000	5.360013	6.367558	27.513486
4751.000000	5.436933	6.094493	19.876772
4752.000000	6.308937	6.292878	25.747365
4753.000000	5.573980	5.881972	41.043888
4754.000000	6.877847	5.398227	34.756505
4755.000000	6.722994	6.337649	30.896814
4756.000000	9.864025	9.873480	41.843595
4757.000000	8.592376	9.295427	42.636406
4758.000000	11.025177	10.636706	41.268859
4759.000000	13.806495	13.347540	86.485216
4760.000000	17.180800	18.272228	104.082081
4761.000000	21.591708	20.253253	156.215902
4762.000000	28.091759	26.672687	129.547894
4763.000000	41.585854	43.101089	191.208041
4764.000000	85.615754	92.959673	261.309025
4765.000000	106.849837	103.156677	425.626349
4766.000000	11.325830	10.667903	85.959289
4767.000000	1.884135	1.696980	6.846656
4768.000000	0.734910	0.806194	2.687652
4769.000000	0.485501	0.467808	1.901920
4770.000000	0.374055	0.392385	2.243331
4771.000000	0.371473	0.415840	1.301467
4772.000000	0.344846	0.337467	1.526704
4773.000000	0.311740	0.328415	1.181127
4774.000000	0.338399	0.380075	1.154421
4775.000000	0.273410	0.259974	1.215539
4776.000000	0.281237	0.301718	1.728169
4777.000000	0.291821	0.314727	1.214445
4778.000000	0.285858	0.277967	1.651360
4779.000000	0.296093	0.292533	1.428943
4780.000000	0.297459	0.307643	2.003253
4781.000000	0.270699	0.275508	1.448780
4782.000000	0.319504	0.292882	2.266814
4783.000000	0.316692	0.311378	1.384959
4784.000000	0.277469	0.276508	0.945810
4785.000000	0.296080	0.285698	1.607678
4786.000000	0.316587	0.319117	1.577943
4787.000000	0.293745	0.288275	2.282801
4788.000000	0.285472	0.331726	1.622376
4789.000000	0.298772	0.292440	1.880246
4790.000000	0.315458	0.328493	0.993082
4791.000000	0.279719	0.283326	2.017423
4792.000000	0.301817	0.357171	3.261236
4793.000000	0.321856	0.343376	1.566011
4794.000000	0.268547	0.319909	1.868312
4795.000000	0.309746	0.288756	1.421836
4796.000000	0.251626	0.264673	1.839610
4797.000000	0.279371	0.283356	1.224488
4798.000000	0.305936	0.361069	1.266192
4799.000000	0.320287	0.301081	2.028423
4800.000000	0.320845	0.314947	1.291791
4801.000000	0.291634	0.291135	1.891397
4802.000000	0.310529	0.296583	1.275787
4803.000000	0.312758	0.316558	2.132533
4804.000000	0.326494	0.355623	1.122259
4805.000000	0.287083	0.269777	1.756492
4806.000000	0.274900	0.274544	1.753976
4807.000000	0.296549	0.308160	2.099286
4808.000000	0.279378	0.274159	1.062093
4809.000000	0.307356	0.285785	2.190866
4810.000000	0.328702	0.349367	0.978957
4811.000000	0.325569	0.341556	1.528354
4812.000000	0.280756	0.272458	1.028126
4813.000000	0.257785	0.256999	1.472001
4814.000000	0.322918	0.409490	1.504224
4815.000000	0.355728	0.343272	1.102315
4816.000000	0.291602	0.331302	1.068170
4817.000000	0.312138	0.345480	0.967774
4818.000000	0.306714	0.315902	1.229332
4819.000000	0.320850	0.304627	1.527800
4820.000000	0.299761	0.294386	2.809526
4821.000000	0.312146	0.289289	1.159662
4822.000000	0.285562	0.294692	1.316321
4823.000000	0.327771	0.313801	2.776040
4824.000000	0.309443	0.287369	1.252282
4825.000000	0.287604	0.286833	1.642563
4826.000000	0.284609	0.309136	1.633500
4827.000000	0.298234	0.292079	2.062676
4828.000000	0.274586	0.268328	1.157431
4829.000000	0.347092	0.342658	1.662324
4830.000000	0.299562	0.382607	1.300491
4831.000000	0.285620	0.309325	1.349690
4832.000000	0.313583	0.313604	1.385734
4833.000000	0.276937	0.247958	1.466784
4834.000000	0.302667	0.398642	1.095943
4835.000000	0.269776	0.267407	1.065610
4836.000000	0.281075	0.283259	1.981024
4837.000000	0.298729	0.267062	1.234463
4838.000000	0.290115	0.335955	1.550822
4839.000000	0.250681	0.236826	1.242601
4840.000000	0.294008	0.273778	1.149687
4841.000000	0.321750	0.282772	2.079566
4842.000000	0.300096	0.282143	1.767836
4843.000000	0.300965	0.346567	1.204379
4844.000000	0.285504	0.347508	2.261033
4845.000000	0.306999	0.328697	1.218875
4846.000000	0.321839	0.316544	1.178243
4847.000000	0.286145	0.275596	1.273529
4848.000000	0.332012	0.309576	3.064945
4849.000000	0.310334	0.323893	1.650203
4850.000000	0.311391	0.306063	1.072320
4851.000000	0.300452	0.330085	0.887677
4852.000000	0.271509	0.252345	1.012775
4853.000000	0.269993	0.306058	1.777111
4854.000000	0.289453	0.300773	2.087140
4855.000000	0.296120	0.328493	2.085108
4856.000000	0.314187	0.320408	1.415255
4857.000000	0.307683	0.296590	1.296604
4858.000000	0.269243	0.267254	0.888584
4859.000000	0.374511	0.360387	1.222123
4860.000000	0.275094	0.306541	1.519087
4861.000000	0.268117	0.238923	1.202818
4862.000000	0.287154	0.280730	1.275982
4863.000000	0.295393	0.263508	1.100057
4864.000000	0.297094	0.282034	1.320356
4865.000000	0.296530	0.290868	1.881048
4866.000000	0.306722	0.317077	1.729958
4867.000000	0.308251	0.293861	1.482400
4868.000000	0.320498	0.316751	2.158178
4869.000000	0.273820	0.272737	1.404609
4870.000000	0.297176	0.289992	0.871623
4871.000000	0.270168	0.282606	2.324651
4872.000000	0.285396	0.273271	1.335128
4873.000000	0.278140	0.302317	1.565722
4874.000000	0.337541	0.344562	1.649643
4875.000000	0.306904	0.347728	1.222784
4876.000000	0.342796	0.302011	1.139971
4877.000000	0.293067	0.303461	1.820843
4878.000000	0.297354	0.372044	0.902971
4879.000000	0.301711	0.371392	1.606391
4880.000000	0.267488	0.302087	1.442088
4881.000000	0.295019	0.323867	1.388666
4882.000000	0.298129	0.278498	0.729724
4883.000000	0.288276	0.287664	1.433921
4884.000000	0.330208	0.318542	1.801065
4885.000000	0.259610	0.280984	1.268305
4886.000000	0.274433	0.299009	1.502931
4887.000000	0.289223	0.295023	1.505884
4888.000000	0.318867	0.333173	0.998873
4889.000000	0.327775	0.337126	1.176609
4890.000000	0.344296	0.325168	1.278370
4891.000000	0.294358	0.348499	1.138761
4892.000000	0.336690	0.374371	0.951367
4893.000000	0.285970	0.262382	2.059819
4894.000000	0.272084	0.272113	1.393343
4895.000000	0.303117	0.276557	1.676047
4896.000000	0.300761	0.329803	0.954357
4897.000000	0.310541	0.349620	1.409992
4898.000000	0.282435	0.337093	1.356131
4899.000000	0.316970	0.333836	1.725457
4900.000000	0.288617	0.279922	1.591452
4901.000000	0.267133	0.256998	1.293269
4902.000000	0.291394	0.341245	1.986819
4903.000000	0.296922	0.267051	1.310534
4904.000000	0.315986	0.293378	1.251233
4905.000000	0.344848	0.348867	3.098364
4906.000000	0.317594	0.327557	1.167659
4907.000000	0.292913	0.291503	1.109487
4908.000000	0.303822	0.292328	1.402335
4909.000000	0.299257	0.306634	2.463630
4910.000000	0.300162	0.308054	1.207428
4911.000000	0.299192	0.306332	1.275006
4912.000000	0.313642	0.314553	1.097872
4913.000000	0.359159	0.367069	1.318333
4914.000000	0.282756	0.265094	1.482775
4915.000000	0.308705	0.331810	2.100638
4916.000000	0.269923	0.233431	1.531568
4917.000000	0.326613	0.345545	1.320522
4918.000000	0.289027	0.326292	1.612030
4919.000000	0.320979	0.297021	1.695534
4920.000000	0.321665	0.335353	2.132597
4921.000000	0.309457	0.341543	1.821671
4922.000000	0.299524	0.294223	1.420059
4923.000000	0.302882	0.314701	1.635241
4924.000000	0.309449	0.321505	1.298868
4925.000000	0.304497	0.297686	1.099756
4926.000000	0.297770	0.353572	1.237383
4927.000000	0.333593	0.426580	1.375258
4928.000000	0.307562	0.326732	1.006249
4929.000000	0.304840	0.327656	2.982801
4930.000000	0.278189	0.294770	1.585776
4931.000000	0.347773	0.367730	2.012468
4932.000000	0.262176	0.271326	1.145781
4933.000000	0.261483	0.257201	1.287301
4934.000000	0.264102	0.240815	1.953264
4935.000000	0.307062	0.317183	2.302061
4936.000000	0.292895	0.333147	1.143546
4937.000000	0.301782	0.283368	1.210975
4938.000000	0.280068	0.247725	1.224152
4939.000000	0.313678	0.326086	1.330827
4940.000000	0.274570	0.302482	1.976535
4941.000000	0.329532	0.381323	1.482610
4942.000000	0.296525	0.308358	1.811588
4943.000000	0.299997	0.291106	1.767801
4944.000000	0.333364	0.328010	1.688050
4945.000000	0.277670	0.292927	0.773737
4946.000000	0.285362	0.286415	0.918784
4947.000000	0.317983	0.278203	2.060750
4948.000000	0.306918	0.345666	1.344106
4949.000000	0.299632	0.373900	1.118091
4950.000000	0.302887	0.276219	2.400014
4951.000000	0.298274	0.368832	1.128148
4952.000000	0.267153	0.272135	1.858097
4953.000000	0.277323	0.292822	1.768493
4954.000000	0.264443	0.261069	1.206084
4955.000000	0.285950	0.259533	1.336295
4956.000000	0.277662	0.274702	1.091040
4957.000000	0.293944	0.317824	1.068219
4958.000000	0.325429	0.329876	1.627975
4959.000000	0.284193	0.294027	1.255532
4960.000000	0.325399	0.307218	1.338328
4961.000000	0.318143	0.295358	1.024547
4962.000000	0.242262	0.227406	2.134841
4963.000000	0.313335	0.292084	1.842343
4964.000000	0.283531	0.262363	1.330638
4965.000000	0.269253	0.243995	1.550365
4966.000000	0.345951	0.437657	1.621713
4967.000000	0.313181	0.297619	1.332500
4968.000000	0.294163	0.275284	1.465386
4969.000000	0.314536	0.311475	0.973686
4970.000000	0.293473	0.329267	1.059187
4971.000000	0.285380	0.315291	1.301280
4972.000000	0.330789	0.328563	1.049188
4973.000000	0.329372	0.323054	1.197957
4974.000000	0.345377	0.328255	1.295605
4975.000000	0.300308	0.279108	1.737893
4976.000000	0.283768	0.269865	1.727872
4977.000000	0.301409	0.287391	2.204658
4978.000000	0.334827	0.412656	1.106354
4979.000000	0.264102	0.323245	1.596483
4980.000000	0.335436	0.354087	1.353313
4981.000000	0.313744	0.285612	1.705922
4982.000000	0.277045	0.283305	1.003001
4983.000000	0.290405	0.286538	1.361368
4984.000000	0.316187	0.340241	2.072730
4985.000000	0.314735	0.308006	1.383129
4986.000000	0.289159	0.292426	1.323137
4987.000000	0.316800	0.298660	1.973208
4988.000000	0.333760	0.337137	1.527424
4989.000000	0.299669	0.330021	1.020763
4990.000000	0.281276	0.366219	0.960611
4991.000000	0.305655	0.281625	1.692275
4992.000000	0.346671	0.316112	1.239269
4993.000000	0.324014	0.335705	1.163123
4994.000000	0.321836	0.330125	2.018695
4995.000000	0.323424	0.332443	1.152705
4996.000000	0.316954	0.422408	1.369827
4997.000000	0.292414	0.276483	1.519266
4998.000000	0.281376	0.258379	1.056155
4999.000000	0.315780	0.350796	1.890197
5000.000000	0.303548	0.318182	0.956083
# Frequency [MHz]	avg noise	std noise	peak value
# Test
#Scan parameters: power 16.000000 dBm, bandwidth 1.500000 Hz
3900.000000	0.297491	0.336996	1.004876
3901.000000	0.328835	0.316744	2.224095
3902.000000	0.281822	0.285018	1.184069
3903.000000	0.308642	0.314450	0.861767
3904.000000	0.322445	0.334073	1.304891
3905.000000	0.283650	0.260049	0.926961
3906.000000	0.318583	0.321745	1.582507
3907.000000	0.314255	0.317233	1.440752
3908.000000	0.326493	0.302758	1.371762
3909.000000	0.296518	0.309393	1.895948
3910.000000	0.291008	0.290161	1.331625
3911.000000	0.340681	0.327252	1.642463
3912.000000	0.347162	0.354273	1.352729
3913.000000	0.284840	0.275884	1.162284
3914.000000	0.277375	0.256561	2.229255
3915.000000	0.284980	0.291741	1.266278
3916.000000	0.284055	0.278712	1.412714
3917.000000	0.311191	0.324596	1.789230
3918.000000	0.278731	0.277140	1.123026
3919.000000	0.335830	0.340825	1.283772
3920.000000	0.307632	0.279026	2.102740
3921.000000	0.312361	0.280842	1.227800
3922.000000	0.313165	0.328445	2.318604
3923.000000	0.287339	0.347583	1.482250
3924.000000	0.310046	0.330748	1.655720
3925.000000	0.289177	0.277490	1.348926
3926.000000	0.333375	0.364940	1.235941
3927.000000	0.318985	0.305642	1.879408
3928.000000	0.290235	0.255174	1.663051
3929.000000	0.311952	0.284080	1.316678
3930.000000	0.276941	0.310306	1.018335
3931.000000	0.281461	0.300712	1.462173
3932.000000	0.297835	0.332838	1.266472
3933.000000	0.268121	0.250265	1.243210
3934.000000	0.302120	0.292391	0.902814
# Frequency [MHz]	avg noise	std noise	peak value
# dit is een test

#Scan parameters: power 16.000000 dBm, bandwidth 1.500000 Hz
3900.000000	1.726375	0.922948	4.117365
# 

# Scan parameters: power 16.000000 dBm, bandwidth 1.500000 Hz
# Frequency [MHz]	avg noise	std noise	peak value
4000.000000	0.001001	0.000952	0.004689
4001.000000	0.001202	0.001259	0.005793
