


# 3dB more power, now at 20dBm
5.0	2.81298459982	9996.094	563.730798167	9470.215	19.7426684658	10497.07	23.316004356
5.001	2.73720913093	9994.629	705.813941054	9544.922	13.5706197616	10539.55	20.309598537
5.002	2.71916590762	10000.49	647.698407465	9480.469	16.5379778533	10456.05	23.1525193067
5.003	2.448475432	9999.023	633.817800499	9495.117	15.1536155634	10483.89	13.5812181833
5.004	2.72418874231	9997.559	607.574338703	9483.398	22.2972654702	10546.88	12.4805842171
5.005	2.41728455772	9997.559	546.308849717	9515.625	17.0845551842	10472.17	14.483859111
5.006	2.59806475655	9996.094	603.99591262	9458.496	12.6760327671	10469.24	28.2482540641
5.007	2.35314805724	9994.629	564.835300733	9470.215	10.7457851614	10510.25	12.5306354054
5.008	2.49547455573	10000.49	614.310855742	9530.273	16.3293350465	10450.2	19.7363946774
5.009	2.20015588594	9999.023	788.185092092	9544.922	17.0058747095	10533.69	17.2262264228
5.01	2.57424718032	9997.559	631.384423004	9547.852	13.4563649469	10460.45	10.0558265023
5.011	2.2690954865	9997.559	644.650122157	9458.496	15.0272683518	10538.09	13.6742498155
5.012	2.21757926968	9996.094	596.334598235	9518.555	12.2623588352	10520.51	29.455858591
5.013	2.63551583769	9996.094	474.473912784	9522.949	14.1494807789	10466.31	16.3179473495
5.014	2.38050764765	9994.629	478.585797693	9454.102	12.3225145828	10538.09	16.3500889276
5.015	2.69279870134	9999.023	527.287008478	9511.23	10.7667858975	10457.52	11.5435178729
5.016	2.25303459983	9999.023	430.088924804	9471.68	23.360432479	10450.2	12.0308943302
5.017	2.5474333995	9997.559	479.30576218	9549.316	8.51952848235	10543.95	11.8370226058
5.018	2.35194122909	9996.094	425.485812498	9508.301	23.4350131027	10526.37	11.2317714583
5.019	2.23660276104	9996.094	358.862893998	9492.188	8.9004038407	10542.48	17.7341699157
5.02	2.32278893211	9994.629	297.746936939	9500.977	13.0542438773	10494.14	8.05406287611
5.021	2.27917493862	9999.023	278.674161502	9547.852	18.2839201751	10495.61	11.0047645931
5.022	2.44199569606	9999.023	248.8663786	9520.02	17.7153569724	10456.05	13.8102303209
5.023	2.38735928841	9997.559	83.4796745717	9498.047	12.1710864226	10495.61	17.5814220992
5.024	2.21755488982	9997.559	58.8963753694	9539.062	13.9821314841	10492.68	15.0277118633
5.025	2.47762214793	9996.094	66.8670919026	9537.598	11.290410376	10510.25	14.8626087075
5.026	2.17057670449	9994.629	68.482399747	9525.879	13.4839900724	10466.31	17.5267643407
5.027	2.72155899932	10000.49	81.9423765737	9479.004	11.0995454382	10520.51	17.6843868042
5.028	2.03564305362	9999.023	162.779433633	9518.555	10.239893028	10546.88	12.6527388786
5.029	2.58125565269	9997.559	91.2553353563	9484.863	13.0502528546	10469.24	17.3180210512
5.03	6.22497541856	9997.559	79.5365642062	9524.414	46.1217686758	10524.9	36.9769376626
5.031	3.30456451527	9996.094	182.504847346	9499.512	20.9880886694	10500.0	27.7520876676
5.032	2.29617856566	9994.629	122.666347057	9486.328	16.6391661306	10549.8	11.4797217653
5.033	2.81200528674	10000.49	174.10762431	9500.977	21.7440475791	10511.72	23.7007435403
5.034	2.6511808431	9999.023	168.165138509	9525.879	18.5174114102	10538.09	14.5587466899
5.035	2.10501776431	9997.559	158.579343422	9537.598	23.0597353972	10461.91	21.7410360443
5.036	2.38578925612	9997.559	187.634030916	9467.285	21.2439298048	10479.49	13.4435581824
5.037	2.49150638517	9996.094	210.87094467	9484.863	19.4725031857	10527.83	19.9796756873
5.038	2.3583208485	9994.629	347.408729668	9468.75	10.8150275229	10538.09	18.599923312
5.039	2.58404797964	9994.629	253.864890854	9533.203	20.7037602925	10521.97	12.3805763844
5.04	2.45085760202	9999.023	220.605591439	9459.961	16.4154538866	10479.49	26.5955201301
5.041	3.98333471618	9999.023	317.799151264	9490.723	17.2435694547	10478.03	24.8034657022
5.042	2.36599740334	9997.559	378.434635263	9465.82	17.4432968141	10507.32	21.4077431479
5.043	2.76243368052	9996.094	436.355377924	9493.652	21.9355382054	10500.0	12.8059199686
5.044	2.50154402895	9996.094	441.45876988	9492.188	31.759722631	10507.32	15.0704797712
5.045	2.48000458399	9994.629	733.210274999	9512.695	14.6714015648	10504.39	13.8379321641
5.046	2.46528439313	9999.023	578.82806645	9536.133	26.3961669407	10536.62	18.0143288684
5.047	2.64945252203	9999.023	547.959740795	9549.316	15.7811723162	10453.12	12.4100263919
5.048	3.85775309203	9997.559	399.841451582	9468.75	23.4354552833	10501.46	19.7554132769
5.049	2.42472337649	9996.094	461.218345762	9527.344	15.825196773	10485.35	11.890838466
5.05	2.42756977135	9996.094	579.806498838	9525.879	20.0728874766	10451.66	15.5676369436
5.051	2.57599552487	9994.629	646.75583564	9496.582	17.3117703894	10501.46	24.8216018895
5.052	2.36082666086	10000.49	538.669411608	9502.441	11.732427599	10466.31	16.6417812636
5.053	2.79479565729	9999.023	798.149814551	9546.387	19.9742299335	10542.48	19.316417401
5.054	4.30015264642	9997.559	854.572467124	9490.723	38.2344498673	10517.58	31.2964992505
5.055	2.66420336756	9997.559	642.81301543	9471.68	26.2747083866	10533.69	18.6118162938
5.056	2.61600462497	9996.094	733.183301053	9528.809	14.3617457819	10502.93	25.5903427112
5.057	2.50829136746	9994.629	751.775220707	9541.992	13.6007249737	10545.41	18.2331125135
5.058	2.35390078524	10000.49	698.730735657	9527.344	30.7400447034	10498.54	20.671775601
5.059	2.52846300686	9999.023	642.316069418	9525.879	13.2418408103	10508.79	20.7251727412
5.06	2.52946723092	9997.559	718.407886359	9511.23	14.3824637025	10533.69	10.8542773525
5.061	2.53114082381	9997.559	797.970198804	9524.414	12.4710354198	10483.89	16.8068164079
5.062	2.67348169265	9996.094	1079.19946306	9465.82	20.5450995722	10546.88	11.0605635788
5.063	2.86170024178	9996.094	794.129482019	9499.512	21.2202206135	10498.54	23.7263860498
5.064	2.50336450364	9994.629	742.767127493	9508.301	14.028173942	10478.03	19.453774121
5.065	2.74195896151	9999.023	650.7370291	9549.316	16.4986444332	10489.75	9.88163513084
5.066	2.89749108471	9999.023	662.072572186	9524.414	19.0919363134	10486.82	26.7487173544
5.067	2.62509085113	9997.559	768.373934915	9499.512	10.6129216468	10453.12	20.8310427495
5.068	2.36637702921	9996.094	702.721049763	9459.961	10.7982483108	10463.38	14.3437323306
5.069	2.67379294518	9996.094	677.70694767	9458.496	25.850408426	10498.54	26.0820836391
5.07	2.33624864775	9994.629	875.040407508	9471.68	13.8302495007	10527.83	12.7085215317
5.071	2.45798663	9999.023	642.841122259	9455.566	14.6300878953	10517.58	18.0650735456
5.072	2.77232603779	9999.023	717.926922597	9527.344	14.4948468352	10479.49	13.8095062592
5.073	2.56451949166	9997.559	597.3660373	9536.133	12.768012596	10473.63	11.7491998542
5.074	2.64714786274	9996.094	496.462166589	9465.82	23.9435202598	10461.91	16.5084489142
5.075	3.86908871669	9996.094	565.936398025	9484.863	28.0869018642	10485.35	38.296542553
5.076	2.60693027562	9994.629	389.989173912	9458.496	12.4401824021	10546.88	13.425622671
5.077	2.87007821724	10000.49	270.362526463	9458.496	21.4806755648	10450.2	20.283371085
5.078	2.44728468827	9999.023	310.327780296	9533.203	9.74606213925	10469.24	13.6123522605
5.079	83.7578083482	9962.402	269.651238964	9547.852	420.156539874	10482.42	454.244829602
5.08	2.65281534202	9997.559	285.367685342	9539.062	10.0940895183	10492.68	22.2508456016
5.081	2.74595978788	9996.094	387.232020931	9521.484	18.5603132087	10507.32	17.4670988171
5.082	2.47435098482	9994.629	310.175081453	9509.766	20.3716752445	10472.17	13.4134365015
5.083	2.59545808639	10000.49	260.517361612	9515.625	14.6117435024	10476.56	20.9734847534
5.084	2.45736218898	9999.023	398.274944546	9458.496	21.9852119841	10536.62	17.1195962596
5.085	2.5780839696	9997.559	326.556262622	9471.68	11.5230176754	10520.51	21.3580719134
5.086	2.70528227154	9997.559	275.088251016	9498.047	16.967857224	10485.35	26.1104724298
5.087	2.34215641088	9996.094	259.900988825	9547.852	17.6346150903	10507.32	22.6470413037
5.088	3.01606570467	9996.094	192.552245064	9486.328	16.4555657198	10492.68	23.6078901473
5.089	3.02660464447	9994.629	132.880596688	9479.004	30.5518204776	10541.02	17.5287735158
5.09	135.052867837	9988.77	715.674373633	9498.047	972.290700825	10501.46	856.904247
5.091	2.91683280254	9999.023	135.617131818	9489.258	12.0762963974	10450.2	21.510239108
5.092	3.04219197278	9997.559	137.765359858	9467.285	12.681553324	10461.91	16.4432419437
5.093	2.60606297811	9996.094	72.5159564432	9480.469	18.2856005791	10486.82	19.0447583166
5.094	2.46782768284	9996.094	64.7253533117	9483.398	16.9651196796	10482.42	17.5455964462
5.095	2.99622894933	9994.629	106.60132325	9546.387	18.8760032185	10502.93	24.0502100794
5.096	2.44032271185	9999.023	59.231495375	9511.23	14.5059625956	10463.38	12.2414197838
5.097	2.60387253914	9999.023	142.634536181	9500.977	14.7037968073	10450.2	16.6731277266
5.098	2.74206348999	9997.559	202.270087024	9481.934	10.5368167385	10516.11	24.1953282829
5.099	2.66789536456	9996.094	149.965404326	9534.668	19.0206160499	10545.41	21.3291553319
5.1	2.90765611651	9996.094	212.016869383	9539.062	14.215329013	10507.32	25.3660228058
5.101	2.7863340028	9994.629	270.882479734	9461.426	11.8153003829	10483.89	14.3955672181
5.102	2.6506109316	10000.49	300.241215907	9486.328	18.0409245694	10486.82	16.5552018125
5.103	3.06506924517	9999.023	285.990744745	9487.793	17.009427128	10523.44	15.464362987
5.104	2.45820140701	9997.559	212.879854451	9525.879	13.321415417	10513.18	16.8220657403
5.105	2.4764389792	9997.559	241.035433251	9520.02	18.169804306	10542.48	15.9902039372
5.106	2.71550608276	9996.094	171.049702415	9522.949	22.6203904712	10508.79	15.3580421739
5.107	6.48629195305	9994.629	175.404002335	9534.668	43.7124850227	10472.17	35.564706137
5.108	2.77845436093	10000.49	144.526644268	9459.961	16.9884980015	10529.3	23.057505185
5.109	2.3755853151	9999.023	136.985763344	9454.102	21.3471970407	10456.05	18.2063014824
5.11	2.62391358881	9997.559	84.2563768944	9549.316	10.5298628237	10545.41	15.7474598295
5.111	2.92281065222	9997.559	114.56332907	9525.879	25.4740721249	10527.83	18.8602186624
5.112	2.69895393597	9996.094	132.28554165	9457.031	14.5486173629	10505.86	13.9047575455
5.113	2.91184717676	9994.629	34.1478903375	9518.555	20.1616150081	10456.05	24.7244342235
5.114	11.7633031994	9994.629	100.299116891	9539.062	53.9668632973	10530.76	104.36379025
5.115	2.93647044056	9999.023	20.3172343727	9481.934	25.0929999865	10543.95	25.4539158017
5.116	3.16623680398	9999.023	29.9580468403	9536.133	31.4000004262	10498.54	21.4774193407
5.117	2.96629306794	9997.559	16.9281489205	9527.344	23.4736704074	10524.9	18.902285043
5.118	3.00247714118	10041.5	13.5249723037	9471.68	14.8120619848	10533.69	14.1423849533
5.119	2.58592578949	10009.28	15.6666613886	9518.555	15.0995736464	10510.25	20.2285303289
5.12	2.8635962409	9994.629	17.3331039887	9461.426	30.3388740894	10530.76	31.263780092
5.121	2.71363500651	10042.97	11.1397084571	9509.766	10.8667670362	10494.14	10.4875343056
5.122	2.40384742703	9999.023	13.6081451315	9521.484	23.150761309	10450.2	13.3602369798
5.123	2.84741365738	10023.93	18.1269702096	9489.258	23.3676781304	10479.49	15.2888535773
5.124	3.01090274585	9969.727	12.6976975651	9500.977	11.3127637046	10476.56	16.5260390232
5.125	2.42113037669	9996.094	73.9103558225	9531.738	14.0792282967	10527.83	12.3656599695
5.126	2.62953762012	9994.629	112.774918198	9487.793	13.2759829229	10460.45	24.4845678176
5.127	2.8146721224	10000.49	55.24031359	9492.188	13.1688670835	10483.89	23.3486375625
5.128	3.01269111338	9999.023	159.058276877	9471.68	23.3967582545	10514.65	14.3723260823
5.129	2.79742473819	9997.559	68.5869014953	9527.344	16.4596324138	10543.95	13.9290173077
5.13	3.14330796231	9997.559	48.4937726521	9547.852	30.3938873236	10495.61	15.5068374888
5.131	2.95819151807	9996.094	194.125448843	9476.074	16.2240861587	10500.0	16.6512306538
5.132	2.68599591842	9996.094	86.1031272611	9511.23	15.9819483207	10469.24	17.6371567868
5.133	2.74694099748	10000.49	213.301764745	9464.355	21.9358905809	10526.37	31.1480834847
5.134	2.88037170572	9999.023	298.101873293	9522.949	15.2711647121	10516.11	32.7650984813
5.135	2.95831475868	9997.559	218.05153666	9493.652	14.8789625761	10533.69	15.2112275432
5.136	2.7259909207	9997.559	127.911834149	9459.961	9.29210307065	10469.24	25.1779455035
5.137	2.72695012283	9996.094	149.974965874	9452.637	18.0059266881	10463.38	13.2608026956
5.138	2.9302744858	9994.629	60.6260485029	9493.652	28.9148279925	10458.98	12.5269394643
5.139	2.81632754376	9994.629	61.1208126861	9527.344	17.8362173534	10533.69	24.977304669
5.14	11.2495917725	9999.023	119.101477358	9471.68	82.9539579682	10542.48	107.07585404
5.141	2.79488605948	9997.559	53.228545772	9455.566	18.4961028218	10527.83	24.0686161822
5.142	3.047615893	9997.559	110.683683901	9492.188	20.1948289113	10519.04	20.3826623563
5.143	2.87548487539	9996.094	46.1388254762	9541.992	17.9626758144	10501.46	22.0953625331
5.144	3.09362691967	9996.094	38.1290248001	9480.469	18.5557370723	10476.56	27.5209610821
5.145	2.47562708	9984.375	11.2041366534	9465.82	16.5992716153	10539.55	16.3218946189
5.146	2.86412248519	10040.04	13.0626725747	9495.117	27.607842148	10500.0	16.4950507142
5.147	2.8406105195	9999.023	18.5673137954	9458.496	29.3715041932	10526.37	18.2463026388
5.148	2.29826903669	9997.559	25.2756927918	9481.934	11.7942081401	10461.91	14.607547877
5.149	2.50947960198	9996.094	40.5645339282	9498.047	28.0044578105	10523.44	34.0328442486
5.15	2.79321759592	9996.094	47.9303425813	9525.879	11.5230938128	10475.1	19.4561176338
5.151	2.90399532214	9994.629	77.5850303191	9462.891	14.1097990164	10482.42	22.4921738279
5.152	2.80010086733	10000.49	54.9586734621	9525.879	15.7948445695	10491.21	14.9904524857
5.153	2.59546972611	9999.023	123.390270396	9499.512	21.1035748136	10489.75	10.427348338
5.154	2.90805703271	9997.559	60.8639164309	9511.23	23.1414287302	10486.82	23.3314040828
5.155	2.73397032655	9997.559	74.0899369356	9524.414	22.8323690985	10488.28	22.7503857452
5.156	2.85138571349	9996.094	168.715387626	9483.398	29.6187056791	10483.89	11.9830947322
5.157	2.86349353801	9994.629	188.729316809	9471.68	26.4388289161	10498.54	15.0096591908
5.158	2.95257357463	10000.49	211.517788206	9544.922	14.0843254111	10511.72	16.5236100715
5.159	3.09058850099	9999.023	220.826266261	9518.555	20.0029847069	10488.28	26.4843045681
5.16	2.94026704811	9997.559	108.808018299	9525.879	15.2693435148	10500.0	13.162719144
5.161	2.93499156831	9997.559	168.139232791	9499.512	23.3690969548	10466.31	35.8343272644
5.162	2.88139347428	9996.094	162.987068432	9522.949	19.4229589227	10507.32	33.9465094556
5.163	2.77834081114	9996.094	188.093047529	9498.047	18.4215971516	10482.42	15.4853025262
5.164	2.91989999674	9994.629	237.679957281	9493.652	17.5018288973	10546.88	20.7919654173
5.165	2.74245895125	9999.023	424.842882574	9451.172	23.9851544707	10513.18	23.933090041
5.166	3.16330779955	9999.023	473.570977569	9527.344	17.7099485736	10538.09	15.022958032
5.167	3.21524262547	9997.559	693.750365932	9467.285	15.9022240488	10538.09	15.2733903268
5.168	2.44621559157	9996.094	638.081078594	9546.387	15.670979898	10539.55	28.2161402009
5.169	2.95214966395	9996.094	617.649878944	9486.328	18.7563976415	10483.89	22.5142102795
5.17	2.76517916113	9994.629	905.317964717	9465.82	16.8999151358	10519.04	20.5266936918
5.171	2.81378646519	9999.023	754.563426766	9512.695	20.3559690453	10527.83	16.4056922778
5.172	3.78755392345	9999.023	704.446192355	9493.652	23.1771564977	10533.69	31.718116406
5.173	3.04018389494	9997.559	769.028021703	9479.004	19.6374708168	10535.16	16.5549370488
5.174	3.01719163497	9996.094	592.100320249	9496.582	21.9313912672	10453.12	11.0390579276
5.175	3.02179693694	9996.094	583.036252989	9499.512	16.7771187147	10532.23	38.2684546453
5.176	2.82516428702	9994.629	500.200156702	9480.469	14.8202157559	10486.82	18.3063684729
5.177	2.71706380806	10000.49	369.689542136	9515.625	15.4620121746	10460.45	20.874347374
5.178	2.91135972709	9999.023	474.758590114	9479.004	13.7085158341	10492.68	23.0441585711
5.179	3.07258892716	9997.559	216.136863818	9496.582	19.8476331359	10519.04	25.808062285
5.18	2.72989642827	9997.559	273.553537352	9462.891	16.836647544	10479.49	29.2481091234
5.181	2.6820040528	9996.094	307.491598061	9540.527	18.1929217833	10541.02	16.6996290751
5.182	3.31661640919	9994.629	185.549879664	9518.555	25.2167035638	10483.89	28.2062439675
5.183	3.32715331613	10000.49	138.670305899	9479.004	23.3007502059	10458.98	23.8738532948
5.184	3.28746318372	9999.023	187.644793522	9481.934	23.6971087946	10482.42	29.8715624189
5.185	3.11667991827	9997.559	58.6504647682	9521.484	24.4679074327	10527.83	13.974861735
5.186	2.70969912988	9997.559	134.792327655	9476.074	13.4722435056	10495.61	17.3547954639
5.187	2.78790282311	9996.094	220.657554165	9514.16	18.1916175235	10485.35	18.5371775065
5.188	2.77848150129	9994.629	203.080517347	9495.117	16.9530969997	10546.88	21.6052701202
5.189	3.00487259407	9994.629	171.185897538	9499.512	13.4668764851	10504.39	23.3490459384
5.19	3.13548898924	9999.023	185.235008858	9525.879	19.5979064175	10495.61	17.6291169566
5.191	2.69967883292	9999.023	215.591011727	9505.371	11.0260219522	10456.05	19.7467144745
5.192	3.09391003111	9997.559	222.229110852	9461.426	22.652547062	10482.42	16.2340614364
5.193	2.68604554544	9996.094	231.865523161	9506.836	12.6741831495	10454.59	23.8117353913
5.194	3.1495625082	9996.094	252.676149684	9544.922	11.1337855666	10521.97	14.6508565206
5.195	2.74821684535	9994.629	448.768732462	9498.047	14.5844235999	10458.98	15.2818916431
5.196	4.34366684256	9999.023	548.078600522	9534.668	22.0684830861	10480.96	24.1808708917
5.197	3.18434987832	9999.023	416.282646712	9499.512	14.6744368866	10476.56	23.9041483035
5.198	2.78032455613	9997.559	726.732287329	9544.922	13.5330224726	10502.93	15.4239478818
5.199	3.07940891507	9996.094	783.975414788	9461.426	19.3488921305	10451.66	25.3723751589
5.2	3.07865972993	9996.094	609.978402099	9461.426	17.4380592249	10541.02	14.2598930098
5.201	3.17435511998	9994.629	897.838304082	9508.301	22.0682795952	10513.18	18.9400921489
5.202	3.33965178937	10000.49	914.081681725	9528.809	21.547049409	10460.45	21.3717304763
5.203	3.43642631752	9999.023	1156.06207416	9505.371	30.5861402732	10453.12	25.3428570784
5.204	3.04138651956	9997.559	1012.07394081	9537.598	21.3625397425	10486.82	18.4768369997
5.205	2.84737373478	9997.559	1064.80934026	9531.738	16.8254810226	10545.41	16.7839275624
5.206	3.56529022245	9996.094	979.848610344	9540.527	21.9778825424	10454.59	18.3724968406
5.207	3.25433460469	9994.629	768.6876516	9547.852	22.6615017566	10464.84	14.3892404624
5.208	3.27084624144	10000.49	803.366758674	9547.852	20.8595636633	10542.48	19.2232537989
5.209	725.830862854	10012.21	2970.53848115	9486.328	5320.38395079	10511.72	6121.67412782
5.21	3.22474784113	9997.559	926.924810585	9540.527	17.7935625424	10513.18	21.6449700007
5.211	3.16447470343	9997.559	1010.56752653	9522.949	30.2305607481	10466.31	26.1134808892
5.212	3.14904187933	9996.094	1177.33625996	9531.738	21.0070484436	10453.12	14.0281880947
5.213	6.8700558168	9994.629	730.430131305	9464.355	51.3953572883	10511.72	73.2044233812
5.214	2.97015914405	9994.629	843.325045696	9524.414	23.6140969719	10480.96	33.3191684024
5.215	3.36999302978	9999.023	858.590047804	9544.922	16.0780795281	10538.09	19.1822035076
5.216	3.17159745183	9999.023	608.505943593	9533.203	25.7047068169	10501.46	19.1478281232
5.217	3.30490539449	9997.559	684.192266785	9476.074	22.1329086221	10488.28	21.1338836895
5.218	2.77396092516	9996.094	539.139528525	9477.539	21.3957280799	10505.86	22.8469103749
5.219	3.00911571127	9996.094	577.691566295	9481.934	12.0078441123	10520.51	14.711256331
5.22	3.13504947376	9994.629	707.386069521	9498.047	20.3536006277	10450.2	23.3469015181
5.221	3.06543156435	9999.023	691.796602114	9520.02	22.7846548436	10480.96	27.9529330323
5.222	3.21975097898	9999.023	747.523748172	9515.625	22.3023489312	10473.63	25.5725729336
5.223	3.26829904365	9997.559	699.272170401	9544.922	18.7766034751	10460.45	17.7015331779
5.224	3.48048948377	9996.094	597.471720514	9512.695	25.8500220363	10463.38	22.9217164372
5.225	3.06894732606	9996.094	549.161345191	9470.215	26.659163574	10464.84	24.2144671928
5.226	3.17681250159	9994.629	545.023955648	9455.566	11.7716878369	10542.48	28.4688369515
5.227	3.42992338854	10000.49	324.416776064	9509.766	17.6978192143	10527.83	16.1816582793
5.228	3.49260620814	9999.023	300.237291446	9483.398	28.2987309065	10511.72	22.0226838403
5.229	3.07459737072	9997.559	362.164318892	9473.145	21.0913158086	10535.16	19.0877393649
5.23	3.15893646359	9997.559	352.067920212	9486.328	18.9850924536	10478.03	28.1491907613
5.231	3.06496735857	9996.094	444.560612762	9496.582	25.3464853144	10519.04	24.4400660051
5.232	3.51374250984	9994.629	392.428238618	9537.598	26.7889304919	10541.02	20.635353025
5.233	3.85469723902	10000.49	250.614551973	9533.203	16.2047498385	10479.49	13.3835896564
5.234	3.13935619806	9999.023	257.846823642	9498.047	32.5880368545	10451.66	16.4668405582
5.235	2.77479573836	9997.559	231.58529623	9543.457	25.2740392591	10472.17	34.2879456726
5.236	3.62333784095	9997.559	304.417500647	9509.766	19.197172863	10450.2	29.5170477153
5.237	3.01694635948	9996.094	290.697833467	9459.961	21.3851628259	10473.63	25.7497093313
5.238	3.02223506912	9994.629	154.938203386	9530.273	23.4802978718	10470.7	16.3808338147
5.239	3.25791353362	9994.629	107.669579852	9539.062	18.3152180837	10504.39	25.0392706798
5.24	2.8640351077	9999.023	26.0725942573	9534.668	25.4585371836	10541.02	15.8027835397
5.241	3.0078265387	10000.49	22.3420440148	9546.387	21.1471701357	10473.63	18.7898530492
5.242	2.96275218914	9997.559	37.1379477489	9467.285	26.0927790321	10508.79	24.4219835148
5.243	3.09731018681	10038.57	18.8095469544	9474.609	35.8692377137	10495.61	19.9583256644
5.244	3.18648592786	9962.402	27.4633536634	9521.484	25.5991629829	10535.16	25.0722181133
5.245	3.17517317982	9994.629	21.7883403369	9509.766	11.4714680881	10457.52	13.0229329214
5.246	3.29235262036	9955.078	13.9299534242	9534.668	19.4037047514	10494.14	20.3961117854
5.247	3.38324922808	9968.262	17.5026655325	9484.863	20.1179472756	10510.25	19.4238949999
5.248	3.5723806834	9997.559	56.0733301051	9462.891	24.9040907166	10457.52	17.8291335441
5.249	3.20452897069	9996.094	22.2063648413	9455.566	11.7451434216	10500.0	20.0890644077
5.25	3.27724236521	9996.094	98.1256960142	9487.793	20.9498904117	10483.89	17.5598566014
5.251	3.16413939108	9994.629	115.734458283	9531.738	22.2488703197	10543.95	21.1682814325
5.252	3.29363230641	10000.49	86.9478298405	9503.906	28.8461625417	10527.83	34.8408547056
5.253	3.47458560746	9999.023	210.301039816	9544.922	19.3301960897	10517.58	31.5439683621
5.254	2.93654993926	9997.559	167.291059624	9537.598	39.7937465557	10517.58	22.992297001
5.255	3.43136090878	9997.559	114.589358053	9512.695	16.0376360841	10495.61	17.3962503839
5.256	3.16901765083	9996.094	273.286676865	9527.344	16.4361531261	10466.31	24.0959311303
5.257	2.98033581992	9994.629	148.079486816	9461.426	21.0693642462	10497.07	32.059301768
5.258	3.16272478622	10000.49	130.55623398	9498.047	21.7586998936	10517.58	29.0553343632
5.259	9.37756643616	9999.023	126.842987896	9517.09	34.4243243346	10508.79	71.0697209404
5.26	3.41207297531	9997.559	76.8271952918	9500.977	13.4492148989	10546.88	24.136478521
5.261	3.05841829473	9997.559	103.024570416	9464.355	31.5283376822	10491.21	21.2162810442
5.262	3.24531190357	9996.094	139.179366016	9477.539	26.8454236567	10450.2	22.1601417324
5.263	3.34291032309	9994.629	65.1591362209	9515.625	19.325188771	10535.16	19.8570039713
5.264	3.8889062168	9994.629	126.866103778	9549.316	19.6929580079	10495.61	31.4171787323
5.265	3.72810905728	9999.023	144.67037487	9500.977	29.7336736867	10530.76	20.3130082692
5.266	3.39757723641	9999.023	80.9145236756	9517.09	24.9388021499	10479.49	16.1201915362
5.267	3.3214029896	9997.559	213.765178105	9486.328	31.6964827163	10523.44	24.0267547555
5.268	3.51979562502	9996.094	124.765098562	9512.695	28.6041323835	10467.77	27.0572561516
5.269	3.79133559045	9996.094	117.8841822	9468.75	17.8988555663	10450.2	18.4696011967
5.27	3.17169572493	9994.629	180.468387682	9486.328	25.9092135642	10461.91	27.0391246832
5.271	3.46326729843	9999.023	19.2862265748	9505.371	24.2741094823	10461.91	27.6772479041
5.272	2.88081199996	9999.023	25.5803592944	9458.496	15.6504874416	10539.55	19.8046864691
5.273	3.46048156189	9997.559	16.0903421159	9479.004	20.3709521522	10478.03	16.5175997046
5.274	49.1262228731	10023.93	332.627435208	9473.145	357.749907314	10461.91	375.026838196
5.275	13.1732747077	9956.543	82.6390466897	9521.484	164.257404164	10454.59	174.579594639
5.276	3.45255590075	9953.613	22.4559369947	9525.879	41.6964456487	10451.66	19.5446215953
5.277	3.40205298459	10000.49	28.8800317117	9547.852	17.8925954176	10535.16	16.8932970207
5.278	3.44801101704	9999.023	61.6603708295	9511.23	24.0596586075	10476.56	44.9566740162
5.279	3.46654657498	9997.559	207.198361661	9471.68	20.7912133388	10510.25	23.5063984873
5.28	3.38231320412	9997.559	249.334320593	9481.934	25.5198980476	10479.49	24.5974539679
5.281	3.75823512953	9996.094	500.031168463	9493.652	20.8933876633	10541.02	30.9174466153
5.282	3.62310402958	9994.629	287.150167456	9539.062	19.021074776	10545.41	27.9364843876
5.283	3.23652290222	10000.49	170.764592547	9549.316	17.5049139124	10501.46	30.130489297
5.284	3.81835433453	9999.023	143.422435022	9457.031	26.2298887989	10460.45	22.4908255069
5.285	3.18190272932	9997.559	68.25725373	9484.863	17.226032162	10502.93	23.1505984154
5.286	3.56396845294	9997.559	216.298003797	9495.117	17.8880897094	10466.31	22.9549690221
5.287	3.50678218443	9996.094	272.958924355	9470.215	22.128539112	10479.49	24.477665476
5.288	2.98373832081	9996.094	259.616820248	9524.414	23.7927264625	10463.38	23.838113723
5.289	3.43463106633	9994.629	287.741514822	9486.328	18.0095464559	10514.65	30.0052472431
5.29	3.13212542411	9999.023	235.648948568	9476.074	34.5057006159	10514.65	24.6542103056
5.291	3.61730943265	9999.023	112.494885162	9492.188	17.4331172924	10479.49	20.1182049033
5.292	3.62326677071	9997.559	105.46032176	9498.047	15.4151533428	10514.65	23.4565671736
5.293	3.04944218219	9996.094	114.028001858	9518.555	31.4991395567	10498.54	34.5300645426
5.294	3.93050649674	9996.094	58.789779901	9544.922	19.4526934501	10536.62	30.1050918126
5.295	3.69585669694	9994.629	172.213437322	9480.469	21.2704403304	10466.31	34.5039304984
5.296	3.18414569538	9999.023	183.985381034	9500.977	16.5512819375	10521.97	33.7898347322
5.297	3.72568968273	9999.023	218.635963899	9503.906	27.8687854256	10517.58	20.9745554786
5.298	3.83777601292	9997.559	91.4455948333	9480.469	20.3750338928	10519.04	30.6151706224
5.299	3.85160801754	9996.094	197.344488344	9527.344	20.3052271791	10529.3	13.5401372653
5.3	3.73150272823	9996.094	134.590491807	9520.02	29.7801410816	10491.21	42.5395640219
5.301	3.81091555085	9994.629	156.32674924	9495.117	14.6254899048	10475.1	22.5180203304
5.302	3.78496391265	10000.49	83.7708222591	9471.68	31.8135869791	10475.1	24.4772064486
5.303	3.44217379931	9999.023	242.994294529	9531.738	18.6919936605	10486.82	24.1964151222
5.304	4.02016943448	9997.559	317.743846046	9525.879	26.0554050168	10542.48	34.4015531632
5.305	4.17190626399	9997.559	406.421357389	9549.316	25.152013841	10517.58	26.9667252049
5.306	4.38610503997	9996.094	536.785604248	9479.004	26.37830315	10533.69	23.0849347287
5.307	3.75794735805	9994.629	414.426449895	9468.75	22.5120824543	10541.02	16.9908462968
5.308	4.06952204043	10000.49	412.453952371	9549.316	12.3505187573	10494.14	30.6726461998
5.309	3.8152763246	9999.023	404.339994877	9509.766	24.3101373485	10450.2	26.9617720387
5.31	3.57724260194	9997.559	364.134716533	9524.414	25.426383517	10545.41	20.4334111296
5.311	4.31911107436	9997.559	328.638739883	9496.582	21.2904063618	10485.35	37.3132373815
5.312	4.36151144697	9996.094	711.483106154	9454.102	33.3557937611	10488.28	24.3654498494
5.313	4.12464382008	9996.094	499.037264052	9493.652	23.3379016341	10470.7	27.8980391346
5.314	4.62716877996	9994.629	620.620913653	9522.949	27.6085708116	10510.25	25.0841842318
5.315	3.9359980547	9999.023	513.820005904	9467.285	25.8279691443	10489.75	27.0408441015
5.316	3.85233456262	9999.023	436.021542265	9520.02	29.62272244	10497.07	29.8172869835
5.317	4.60169103417	9997.559	382.690459137	9458.496	31.0654114376	10473.63	18.5529668244
5.318	5.01894585005	9996.094	344.504315876	9483.398	29.2793645336	10521.97	46.5399740663
5.319	5.90069354243	9996.094	482.426739823	9461.426	58.3976875798	10502.93	59.3173088339
5.32	32.6787148146	9994.629	607.349541318	9522.949	260.564870775	10497.07	282.04706049
5.321	6.69341668936	9999.023	630.524421148	9489.258	49.3584745837	10469.24	54.5320177599
5.322	5.68275191727	9999.023	544.267482295	9483.398	56.2210171678	10475.1	59.2656632424
5.323	5.81690224527	9997.559	444.451072294	9492.188	41.7219070776	10473.63	42.3751313831
5.324	5.66054951994	9996.094	412.563951286	9474.609	41.6834345368	10504.39	43.5424344003
5.325	4.54848362483	9996.094	425.729815736	9536.133	50.5851711075	10502.93	44.0635750706
5.326	5.80962379767	9994.629	438.618853216	9549.316	14.2667261855	10454.59	32.8311407835
5.327	4.66573639002	10000.49	584.4260362	9471.68	48.668554636	10479.49	25.1804271546
5.328	6.79297971397	9999.023	777.686997464	9492.188	40.3315903936	10549.8	18.3435416746
5.329	11.1412247618	9997.559	854.421239115	9458.496	35.6498404446	10520.51	46.7853317466
5.33	4.10382369317	9997.559	623.96358085	9458.496	28.8414583996	10460.45	43.8188955052
5.331	10.8849116306	9996.094	492.466490477	9533.203	41.022433716	10530.76	80.8810243247
5.332	8.97827292411	9994.629	272.409468322	9518.555	57.7003041754	10494.14	45.8432564181
5.333	4.71900008861	10000.49	179.887764015	9537.598	26.9342247002	10546.88	30.2569897683
5.334	6.38717940735	9999.023	144.834308983	9514.16	36.4743140412	10500.0	47.5659344756
5.335	8.19114876991	9999.023	96.6017041748	9474.609	115.815372042	10482.42	89.8203332285
5.336	4.83711449953	9997.559	373.102957061	9476.074	26.3792471543	10500.0	21.7404069543
5.337	5.18998912257	9996.094	418.859094512	9517.09	32.4645757856	10469.24	35.7170818209
5.338	4.39366779471	9996.094	444.018796616	9473.145	35.7906236009	10508.79	24.401108565
5.339	48.8590587312	9994.629	791.431347042	9524.414	339.434099582	10453.12	327.65570905
5.34	4.37413198574	9999.023	281.476743503	9514.16	35.98923288	10548.34	43.2639054392
5.341	5.0628148957	9999.023	274.569978042	9525.879	36.686690033	10516.11	33.7450982754
5.342	13.0288914675	9997.559	395.283995196	9534.668	92.1097664651	10546.88	42.0591299539
5.343	4.83414908232	9996.094	181.031089833	9515.625	42.9207591363	10501.46	32.0055515055
5.344	4.5264547137	9996.094	141.166611218	9515.625	26.4245542335	10507.32	36.2819329268
5.345	4.48441836345	9994.629	373.236656074	9499.512	41.3137456113	10469.24	27.8417909018
5.346	4.46981878976	9999.023	208.856257063	9522.949	31.5897755091	10475.1	33.4433816804
5.347	4.5181295611	9999.023	239.421370949	9511.23	23.9696448321	10491.21	36.6861429455
5.348	5.48054155418	9997.559	178.247243269	9481.934	36.9316547251	10456.05	24.3909637893
5.349	4.80489763349	9996.094	40.0109775667	9521.484	32.725989495	10516.11	28.5181583551
5.35	4.07804877579	9996.094	28.3437529923	9534.668	30.0620562057	10450.2	26.045036805
5.351	4.06260644009	10034.18	18.2406331011	9500.977	16.7919527698	10494.14	31.4480352003
5.352	4.44113628843	10048.83	19.618193276	9467.285	30.024027499	10473.63	24.0999437361
5.353	4.23918273768	9982.91	21.4315116809	9452.637	23.6791547663	10517.58	20.1372258252
5.354	3.77023490611	9984.375	19.5031920756	9489.258	26.0985229105	10495.61	13.6242578194
5.355	3.53044980918	10006.35	20.7077242963	9544.922	16.9759236705	10505.86	15.8087607251
5.356	3.54765052409	10031.25	16.5584597006	9537.598	31.3621254918	10492.68	28.9470588155
5.357	4.02270414643	10013.67	18.25288717	9451.172	21.3406958415	10524.9	31.2996710029
5.358	4.1284551252	9999.023	14.9215381072	9452.637	19.0344578672	10502.93	22.9748988383
5.359	4.20853295788	9999.023	26.1419604595	9525.879	21.8346970278	10456.05	22.5293110558
5.36	5.00223694792	9962.402	33.5053516998	9489.258	30.2933589975	10488.28	23.9644446124
5.361	5.3268958677	9997.559	102.860696756	9547.852	36.7755929284	10535.16	26.6798009973
5.362	7.56666778421	9979.98	29.3310303629	9531.738	41.6897336226	10538.09	55.1479182307
5.363	12.0837548226	9972.656	72.0383059304	9480.469	90.2737772781	10461.91	68.3709236495
5.364	50.1594465864	9994.629	226.241044299	9458.496	336.058901259	10451.66	210.089795802
5.365	717.765489653	9982.91	2516.63376039	9480.469	4927.14714387	10469.24	4027.74313167
5.366	524.167116247	9958.008	3422.60355882	9549.316	2074.08807768	10514.65	3302.14090141
5.367	30.7367517131	9997.559	289.059377573	9452.637	211.527962514	10501.46	139.678950338
5.368	10.5499928197	9996.094	233.282481836	9528.809	68.2162463159	10517.58	81.0923056386
5.369	6.66407058021	9996.094	223.370886096	9461.426	40.0978002054	10476.56	46.4683376172
5.37	5.44730470791	9994.629	289.293467879	9468.75	25.478788048	10542.48	20.7877422708
5.371	4.34477096996	9999.023	480.516941023	9536.133	24.902198693	10529.3	26.3181405443
5.372	4.46266924807	9999.023	372.524310253	9549.316	24.2898871905	10546.88	33.4076630758
5.373	3.89776407769	9997.559	453.446284221	9461.426	23.6231166186	10532.23	43.8771865188
5.374	4.00090420341	9996.094	406.823429137	9503.906	28.2328805531	10472.17	41.3715193695
5.375	3.99435794096	9996.094	390.039458823	9511.23	29.1326813498	10538.09	22.231896203
5.376	3.9802175282	9994.629	466.230912817	9490.723	20.6931891118	10519.04	34.0353565694
5.377	2.89261771225	10000.49	351.848846019	9537.598	25.866606913	10472.17	32.8802714471
5.378	6.09025305981	9999.023	733.983666492	9479.004	28.6606501044	10500.0	20.8128480988
5.379	3.07630339732	9997.559	703.991306209	9452.637	12.5539452184	10519.04	17.9314628981
5.38	3.3575259361	9997.559	763.173239092	9499.512	40.338202269	10476.56	15.9688971728
5.381	3.21050463722	9996.094	898.580327929	9471.68	11.4275958432	10472.17	20.9891388943
5.382	3.38607900858	9994.629	725.435263408	9474.609	24.284488306	10482.42	13.2364292094
5.383	3.74160252321	10000.49	701.594529394	9486.328	16.6834560388	10520.51	33.4068476862
5.384	3.17637302697	9999.023	792.37482442	9454.102	14.0228959047	10517.58	20.8100412625
5.385	3.34529401363	9997.559	580.391667589	9511.23	21.5423131337	10513.18	25.1219246434
5.386	3.18344703787	9997.559	625.180038994	9539.062	17.5709366045	10500.0	22.4860273064
5.387	3.00611989384	9996.094	865.011776404	9544.922	19.7901918292	10545.41	26.7399106169
5.388	3.20009793776	9994.629	485.469732394	9527.344	16.7899371705	10523.44	26.5816508579
5.389	2.85839445923	9994.629	459.316824346	9457.031	15.8910021953	10498.54	14.9561972441
5.39	2.63531878211	9999.023	477.827285685	9481.934	23.4610744787	10450.2	22.4784335384
5.391	3.05498596312	9999.023	408.119876476	9486.328	23.0149074058	10521.97	31.0457370141
5.392	2.95852986058	9997.559	406.377696313	9492.188	17.1044227471	10460.45	26.0711004798
5.393	2.74590383633	9996.094	291.04324789	9459.961	20.0062338844	10539.55	26.1520538592
5.394	2.94739759418	9996.094	396.35000401	9495.117	14.125954303	10491.21	14.4126896493
5.395	2.85644554113	9994.629	623.70067642	9495.117	19.283551857	10451.66	18.5549153131
5.396	3.0440804158	9999.023	756.153042628	9540.527	21.6964657786	10505.86	17.311250759
5.397	3.08351354903	9999.023	828.76079355	9530.273	16.5284795029	10467.77	16.5499765406
5.398	2.62846951564	9997.559	1042.49458981	9499.512	23.5228423962	10532.23	18.453738661
5.399	2.71914971382	9996.094	1476.07125298	9473.145	24.8100212851	10510.25	12.215936524



# Same as earlier index, but now with 3dB less power
5.0	2.48550953566	9996.094	217.894860328	9465.82	19.577887736	10500.0	15.5062744212
5.001	2.46416394692	9994.629	313.759625849	9465.82	15.3603769712	10482.42	22.4245000917
5.002	2.78609988291	10000.49	293.948297422	9524.414	12.6610085233	10527.83	20.9708208633
5.003	2.43172243688	9999.023	360.340895198	9527.344	20.421704706	10485.35	18.5103062319
5.004	2.37476860902	9997.559	230.7609896	9534.668	18.0214686788	10469.24	15.5682599513
5.005	2.47146778215	9997.559	295.603623768	9493.652	17.3710042891	10485.35	18.4241938496
5.006	2.09834445639	9996.094	358.915772224	9537.598	26.1606208524	10495.61	13.4395710233
5.007	2.4271559149	9994.629	259.364408908	9462.891	18.7470154511	10461.91	19.6809926131
5.008	2.32591088748	10000.49	288.491278016	9461.426	12.5592584724	10464.84	27.2174569362
5.009	2.46066018388	9999.023	366.411722835	9539.062	10.7783467711	10469.24	19.2370554516
5.01	2.35861983953	9997.559	228.482188639	9457.031	17.3510698346	10513.18	20.4886105493
5.011	2.39655648062	9997.559	225.920350595	9465.82	10.1132466759	10545.41	14.7213574263
5.012	2.45149917154	9996.094	258.105754216	9464.355	21.3632942901	10454.59	9.82718693894
5.013	2.7574522979	9994.629	185.2708405	9492.188	12.7829298283	10529.3	20.4835380027
5.014	2.52475881463	9994.629	218.665490336	9508.301	12.9841701382	10519.04	15.366654538
5.015	2.25282195443	9999.023	220.142517439	9484.863	12.2462590604	10543.95	20.2969472426
5.016	2.31412772819	9999.023	159.501471608	9514.16	11.3971159148	10504.39	16.3280285108
5.017	2.3310939647	9997.559	219.277594152	9503.906	15.7768592934	10524.9	19.6651257894
5.018	2.15471898902	9996.094	124.202658029	9520.02	13.4979500207	10486.82	13.4035559895
5.019	2.30244732868	9996.094	162.450744629	9465.82	12.2462085708	10491.21	14.9300816887
5.02	2.45884243274	9994.629	132.327836729	9514.16	12.9663257063	10543.95	25.6868092833
5.021	2.32836861678	9999.023	50.8655262764	9461.426	25.8967190519	10523.44	16.6189993841
5.022	2.01124833542	9999.023	71.9147470394	9476.074	17.3485451949	10497.07	10.4202868461
5.023	2.54410924354	9997.559	55.1600630817	9511.23	18.4391977839	10489.75	18.5630712223
5.024	2.10761228899	9996.094	13.7486146729	9471.68	13.2107072307	10485.35	13.6195610272
5.025	2.19719471246	9996.094	30.258805458	9537.598	10.9821688927	10549.8	10.0764725449
5.026	2.42912618895	9994.629	22.6122409292	9461.426	31.7808891276	10453.12	14.9483611839
5.027	2.31318562522	9960.938	9.54644322883	9509.766	18.55759104	10485.35	12.4634694578
5.028	2.19519986353	9999.023	58.5696340429	9500.977	16.4997621814	10530.76	22.0031309845
5.029	2.09891012503	9997.559	48.3196823536	9530.273	18.3276796169	10513.18	17.8845228802
5.03	10.2609535786	9991.699	62.1820216745	9468.75	64.4658323522	10500.0	97.4248095569
5.031	2.80255007306	9996.094	81.022306466	9527.344	32.5251294359	10530.76	22.7137410244
5.032	2.3097984681	9994.629	32.5985566864	9492.188	15.9829847725	10500.0	17.4128128004
5.033	2.17152452534	10000.49	67.308557696	9452.637	14.6187320467	10475.1	15.8027436165
5.034	2.16846682104	9999.023	132.278856246	9543.457	17.2530429258	10507.32	7.93358780798
5.035	2.2076519104	9997.559	114.972756122	9451.172	13.8563443529	10500.0	14.0400292374
5.036	2.50339310234	9997.559	98.498320536	9502.441	14.4413486954	10524.9	16.145574287
5.037	2.34803853273	9996.094	110.914215676	9477.539	14.3891343906	10535.16	17.561744435
5.038	2.32164939932	9994.629	137.207656416	9486.328	12.632887184	10511.72	21.8249564652
5.039	2.62417320419	9994.629	89.7776785423	9454.102	21.7080523516	10467.77	13.6396644553
5.04	2.16897803342	9999.023	83.5564253567	9528.809	11.5582321642	10456.05	19.8887285245
5.041	2.60617912904	9997.559	119.140312908	9511.23	19.4285223325	10502.93	14.7779276851
5.042	2.48413978507	9997.559	176.734193862	9477.539	19.909953805	10526.37	12.7979220575
5.043	2.28040497422	9996.094	154.459327484	9499.512	15.399614627	10475.1	15.7545036216
5.044	2.46223821692	9996.094	204.145800952	9509.766	18.994332641	10513.18	32.7275361879
5.045	2.35488322465	9994.629	304.879509735	9506.836	14.3906351758	10478.03	14.4415431159
5.046	2.42280709785	9999.023	189.734078451	9536.133	20.1690942479	10498.54	16.8397226661
5.047	2.38121111173	9999.023	186.8570308	9455.566	13.9487304631	10526.37	15.4608642722
5.048	2.76816048127	9997.559	189.192718142	9531.738	11.8887505082	10511.72	14.9262370366
5.049	2.38348768283	9997.559	119.345161463	9500.977	12.3826483602	10492.68	16.8843156736
5.05	2.51433303286	9996.094	184.607738939	9489.258	27.1465073529	10523.44	14.5274094953
5.051	2.4621949865	9994.629	244.104560931	9498.047	19.9792215178	10451.66	9.27693123396
5.052	2.39346837411	10000.49	269.835501681	9455.566	13.516154914	10526.37	16.4361583003
5.053	2.69854701835	9999.023	309.433302279	9489.258	17.7684648464	10549.8	10.8745816137
5.054	3.06342378935	9997.559	239.633232218	9522.949	26.619024708	10524.9	24.2780808263
5.055	2.09484642747	9997.559	296.844688534	9474.609	11.5616618213	10486.82	17.0262008993
5.056	2.18540774572	9996.094	326.263774588	9470.215	13.0801278809	10480.96	10.2438911495
5.057	2.35887232914	9994.629	263.926654023	9547.852	11.2938116165	10461.91	16.0979539453
5.058	2.57401272907	10000.49	257.066362708	9487.793	24.9982511288	10549.8	20.6777823543
5.059	2.45568847921	9999.023	406.936370428	9521.484	19.3890716687	10457.52	15.770651194
5.06	2.3730521846	9997.559	337.539692204	9543.457	16.2799299018	10478.03	14.3694131502
5.061	2.56177723795	9997.559	331.86697312	9517.09	10.0996437057	10478.03	17.0033028613
5.062	2.50804375992	9996.094	368.072402066	9481.934	14.0804038205	10486.82	17.2536032399
5.063	2.58915172946	9994.629	362.19218245	9508.301	14.0041214005	10541.02	14.9262859175
5.064	2.42893558241	9994.629	413.346391804	9465.82	18.1050554491	10504.39	17.335241846
5.065	2.54977670441	9999.023	273.784165253	9468.75	25.1129022936	10513.18	11.7403299189
5.066	2.6805707562	9999.023	193.857000497	9520.02	8.0777372695	10519.04	18.8792158238
5.067	2.42262399972	9997.559	248.695573449	9521.484	13.9908049898	10472.17	15.4891449333
5.068	1.94107276116	9996.094	194.752252794	9509.766	27.1659810847	10478.03	12.9484949146
5.069	2.61733007672	9996.094	231.367961943	9459.961	20.9828388558	10451.66	14.7068826814
5.07	2.6265009992	9994.629	300.304178924	9509.766	16.0845217398	10458.98	19.5745530418
5.071	2.30683240429	9999.023	244.197196072	9500.977	12.3098843142	10519.04	12.0230804328
5.072	2.30310680089	9999.023	214.435438393	9549.316	14.1411010856	10495.61	11.4482228627
5.073	2.24116934026	9997.559	242.818253237	9520.02	17.7975502276	10476.56	9.03060831746
5.074	2.17013214117	9996.094	167.518554257	9525.879	12.7301591222	10453.12	19.3817068913
5.075	4.32964186083	9996.094	132.940247739	9505.371	17.6793849909	10514.65	20.7080657053
5.076	2.44939185442	9994.629	193.809466328	9496.582	15.5684372116	10520.51	13.1107418078
5.077	2.53383326144	10000.49	97.2954903952	9458.496	14.2254940673	10458.98	17.8788197423
5.078	2.3791621157	9999.023	147.907200568	9474.609	10.9485837129	10494.14	21.1460264459
5.079	51.1462501281	10034.18	173.072404672	9539.062	228.327025482	10470.7	354.708385997
5.08	2.66354275216	9997.559	68.8595239065	9490.723	11.013737487	10505.86	24.3190772465
5.081	2.66195290824	9996.094	121.569572341	9474.609	14.637531898	10500.0	18.9750387905
5.082	2.19625898751	9994.629	99.9934523725	9514.16	14.4754534054	10536.62	11.3036431966
5.083	2.50628409209	10000.49	56.4460275189	9457.031	10.5672532756	10504.39	18.7061882683
5.084	2.61788313281	9999.023	87.6358693718	9534.668	17.4802830897	10535.16	16.7619114876
5.085	2.05335342077	9997.559	76.5353486384	9540.527	17.1990859893	10497.07	22.6787223917
5.086	2.32683127089	9997.559	75.9643974838	9486.328	13.4212563032	10539.55	12.0498269649
5.087	2.69761894973	9996.094	106.100846015	9515.625	14.9613416359	10466.31	10.8697112222
5.088	2.31393647182	9996.094	43.9868645	9506.836	15.2857469191	10542.48	18.8283772113
5.089	7.91253460926	9994.629	44.5226209431	9533.203	57.1694695178	10478.03	59.1017998111
5.09	5.987730189	9999.023	90.0854724693	9528.809	21.7780791139	10476.56	27.9998155089
5.091	2.4907823703	9999.023	31.2942695023	9487.793	20.1269351263	10526.37	20.7449828991
5.092	2.68540292776	9997.559	38.3401983499	9452.637	18.5415782863	10494.14	9.95596314736
5.093	2.52164811928	9996.094	37.0841896574	9520.02	13.3473440922	10475.1	21.7195207994
5.094	2.40409072159	9996.094	35.5091885104	9518.555	16.8662301702	10472.17	17.0740550978
5.095	2.41814684956	9994.629	39.5115312827	9514.16	22.3177835907	10450.2	12.6814490274
5.096	2.12226726456	9999.023	46.3493783506	9476.074	13.3459969417	10501.46	26.9835811859
5.097	2.6766540525	9999.023	61.8092056504	9530.273	16.9714261077	10469.24	11.31687112
5.098	2.63803191209	9997.559	67.6239495024	9505.371	10.2273622795	10526.37	23.2947004527
5.099	2.42522978731	9996.094	25.8994960587	9518.555	17.5086770186	10454.59	18.1591545356
5.1	2.46458491494	9996.094	67.3299760102	9540.527	16.769841844	10463.38	20.2550632725
5.101	2.7663983999	9994.629	76.7001857385	9522.949	21.3341513323	10494.14	13.9950712717
5.102	2.60255870862	10000.49	32.8219486959	9476.074	14.2952658405	10466.31	19.7898195852
5.103	2.67911273526	9999.023	135.26349622	9476.074	17.1713534564	10530.76	19.5041623085
5.104	2.93762309279	9997.559	86.5294766699	9481.934	10.925073017	10473.63	13.4832652403
5.105	2.53639058001	9997.559	44.2306160881	9455.566	22.7586448406	10538.09	19.2168342178
5.106	2.43096768667	9996.094	96.4211619586	9480.469	19.5762490783	10517.58	11.8949173814
5.107	3.15996483795	9994.629	66.9242494346	9517.09	19.4668393212	10535.16	27.9216285274
5.108	2.8639930263	10000.49	21.0173979751	9500.977	24.9527409423	10529.3	15.2600216535
5.109	2.7291312455	9999.023	43.603507732	9483.398	11.6030788706	10508.79	11.8870076141
5.11	2.67255734651	9997.559	15.2389426798	9512.695	14.1356862585	10535.16	15.0881905039
5.111	2.70986085304	10004.88	24.8074277043	9484.863	26.5152651201	10521.97	18.046462249
5.112	2.84051075492	9996.094	37.1442643663	9499.512	13.2589565651	10482.42	15.4609818005
5.113	2.56667159583	9996.094	34.5993996749	9477.539	17.5627418855	10546.88	14.9048248516
5.114	4.79663805121	9971.191	20.5449933747	9518.555	23.2290522489	10475.1	39.9077008171
5.115	2.9852175852	9999.023	30.8537782567	9451.172	18.4309802755	10476.56	18.1288441837
5.116	3.29601967825	9999.023	13.9777959283	9503.906	17.4152831424	10523.44	16.5686351534
5.117	2.76414190462	10009.28	13.6954719917	9452.637	13.4272286226	10488.28	19.3365132725
5.118	2.85805979095	10000.49	11.239980317	9476.074	26.1530247771	10454.59	15.1425445789
5.119	2.82367718906	9953.613	12.3842257764	9455.566	17.0630231658	10489.75	10.1362977688
5.12	2.48521784297	10040.04	12.2204997298	9483.398	17.5346951549	10483.89	24.3879245436
5.121	2.5659012377	10007.81	24.3121463709	9458.496	15.6575129438	10520.51	22.1859594264
5.122	2.67010009827	9985.84	8.32170291913	9451.172	19.7638030421	10501.46	20.5048621923
5.123	2.55974023811	10000.49	11.2347615001	9474.609	15.345531353	10491.21	11.3425967704
5.124	2.40734029248	9997.559	20.4634590591	9473.145	18.1053767116	10458.98	12.6073197275
5.125	2.44532647677	9996.094	13.708541817	9461.426	23.1623043543	10545.41	17.1510455004
5.126	2.69261796004	9994.629	42.6530431686	9518.555	10.9181811006	10495.61	14.0687476867
5.127	2.59135182816	10000.49	53.8294966661	9508.301	24.9131777028	10480.96	17.3973341815
5.128	2.71292656555	9999.023	43.2144215039	9534.668	27.9315185231	10530.76	22.4647222522
5.129	2.83325031099	9997.559	33.8386578732	9544.922	11.7288346328	10473.63	31.5528667957
5.13	3.09998281766	9997.559	57.7069130669	9544.922	21.5394521385	10492.68	27.4767418371
5.131	2.80619566229	9996.094	65.311174402	9486.328	20.2164532706	10508.79	16.0040929516
5.132	2.70170968565	9994.629	49.2925234054	9459.961	13.7263874883	10470.7	11.4490565391
5.133	2.99686506444	10000.49	84.3991734108	9546.387	20.1326157606	10543.95	10.6539144298
5.134	2.81564473264	9999.023	94.8692969027	9539.062	12.1549141823	10519.04	33.4383573487
5.135	2.31008992352	9997.559	72.9710951979	9521.484	12.3329194468	10498.54	19.7800156254
5.136	2.8736616957	9997.559	44.689569242	9465.82	13.6946375914	10548.34	16.6994165229
5.137	3.04670628221	9996.094	51.2837460675	9457.031	16.0305914742	10497.07	30.2975789243
5.138	2.88571167158	9994.629	17.1439083276	9455.566	13.9717795259	10479.49	23.4257170923
5.139	2.79056147573	9994.629	24.7701371823	9506.836	13.2178888729	10475.1	14.1029267566
5.14	3.18679512238	9999.023	33.4760746541	9534.668	18.0822902036	10511.72	23.2994107988
5.141	3.25176221514	9999.023	34.3850626475	9455.566	22.3127531095	10479.49	25.657508181
5.142	2.51272547747	9997.559	50.299962266	9462.891	20.9945439164	10497.07	11.8142901146
5.143	2.68759125006	9996.094	20.3610267005	9536.133	16.0868407196	10469.24	19.4365448827
5.144	2.83884360426	9997.559	16.5635454454	9530.273	17.6742799066	10458.98	15.1384951388
5.145	2.52623104846	9953.613	17.6362185942	9514.16	20.1015770757	10502.93	15.2154956541
5.146	2.97345690651	9958.008	17.1516566027	9476.074	24.5821243101	10545.41	18.4125593181
5.147	2.66533532077	10037.11	11.85206489	9511.23	13.8063735269	10478.03	36.5984840261
5.148	2.63321252892	10007.81	9.39922630827	9468.75	17.2350785488	10519.04	22.8627427885
5.149	2.37531357203	9996.094	13.8875755789	9451.172	28.7382412245	10517.58	28.1845264024
5.15	2.8413014924	9977.051	15.1514301527	9528.809	10.3233392541	10527.83	14.4516041695
5.151	2.50000878088	9994.629	45.0450042197	9533.203	12.3410901447	10472.17	9.85179072276
5.152	2.89151868601	10000.49	9.28615653194	9493.652	31.1402426168	10466.31	31.0044507687
5.153	2.93457363906	9999.023	32.868460806	9498.047	20.9227231514	10472.17	17.8304803517
5.154	2.64734365926	9997.559	36.9338280349	9498.047	18.7976624429	10458.98	18.1591445977
5.155	2.61841021129	9997.559	37.1453506013	9470.215	19.1542642329	10501.46	15.2590527215
5.156	2.48750994421	9996.094	34.2758873792	9490.723	24.937490351	10502.93	17.549476623
5.157	2.87385406643	9994.629	24.7166390677	9473.145	15.3649243719	10543.95	20.3056658845
5.158	2.72252482836	10000.49	131.139782869	9506.836	20.1919554132	10542.48	28.7490989226
5.159	2.8185878093	9999.023	70.379308913	9522.949	21.4620549768	10538.09	14.629841887
5.16	2.69975276437	9997.559	55.895142424	9514.16	19.6231129952	10456.05	19.9679424714
5.161	2.83247373049	9997.559	66.9344334156	9525.879	12.6206326449	10460.45	17.370548623
5.162	19.3220172731	9996.094	120.932471755	9517.09	132.93291088	10539.55	109.392965246
5.163	5.48788720049	9994.629	46.1623000078	9539.062	34.4402216888	10491.21	31.0910765114
5.164	2.81439729783	9994.629	85.4781156583	9492.188	18.6015121949	10519.04	22.1682368825
5.165	3.05339985244	9999.023	100.14302435	9537.598	18.6914013557	10520.51	17.0836653368
5.166	2.71099769302	9999.023	160.61946722	9471.68	19.7284982575	10500.0	21.4407514097
5.167	2.43326834942	9997.559	230.704412418	9490.723	11.1340630517	10532.23	18.7573675317
5.168	2.72204365557	9996.094	241.484797201	9536.133	18.6323996154	10519.04	18.1903001887
5.169	2.38555673325	9996.094	291.964257856	9452.637	21.4306608443	10458.98	14.0993976011
5.17	2.98203385799	9994.629	366.90397989	9473.145	21.0229770955	10466.31	11.9298358193
5.171	2.9251878362	9999.023	266.796368758	9496.582	22.0441857409	10542.48	21.9116304004
5.172	43.9411454674	9999.023	276.138571073	9468.75	306.102121835	10480.96	123.001563987
5.173	2.92733781128	9997.559	260.170713444	9476.074	12.9488016234	10501.46	23.1984842747
5.174	2.83491205588	9996.094	224.241282402	9455.566	9.89601683265	10479.49	17.8683362479
5.175	2.51997431212	9996.094	178.267767569	9537.598	17.8606384753	10457.52	21.8669082325
5.176	2.53022138143	9994.629	246.311785362	9533.203	15.8789134936	10543.95	16.3968625831
5.177	2.68977233792	10000.49	201.464954718	9462.891	21.0374110628	10482.42	12.3755114754
5.178	2.81404147046	9999.023	173.235884717	9461.426	13.2266520752	10536.62	22.3825559414
5.179	2.8212516231	9997.559	118.447030197	9536.133	18.8473121064	10536.62	21.2296105483
5.18	2.59384949154	9997.559	154.538706841	9536.133	14.4571840021	10453.12	27.6150948933
5.181	3.31467432375	9996.094	167.386783004	9521.484	15.3664402878	10450.2	31.4913729008
5.182	2.97074100375	9994.629	69.7200211917	9502.441	22.1471949777	10516.11	18.8287541906
5.183	5411.07097808	10009.28	35973.9046427	9547.852	42110.3940898	10485.35	35714.2497045
5.184	3.07968007263	9999.023	94.7483976893	9462.891	21.3128965188	10485.35	22.0612153431
5.185	2.61620972497	9997.559	46.9595670813	9492.188	19.1588310748	10461.91	34.9267792476
5.186	3.11020174337	9997.559	44.5030022747	9522.949	38.5930934233	10521.97	9.8357567914
5.187	2.87373675908	9996.094	94.8767273075	9520.02	18.3297355307	10521.97	20.1503576463
5.188	3.25032175294	9996.094	57.8113761349	9549.316	18.4089406063	10504.39	11.1139253185
5.189	2.69672737604	9994.629	100.123423471	9479.004	18.3717645391	10510.25	18.5179795112
5.19	3.0370540256	9999.023	109.917816411	9502.441	17.8591577328	10480.96	13.9562895388
5.191	3.12458496343	9999.023	77.6156815405	9549.316	11.0018611156	10511.72	18.7661910391
5.192	2.72719146084	9997.559	156.178313308	9528.809	37.6831219203	10482.42	11.4641967555
5.193	2.85742738385	9996.094	70.9579504926	9544.922	17.7478810549	10538.09	21.4900921264
5.194	2.94447586798	9996.094	201.646464798	9495.117	19.3146777623	10461.91	20.0936671928
5.195	3.04769053703	9994.629	256.07419729	9530.273	14.9415856927	10498.54	14.1261157223
5.196	2.96673695657	9999.023	221.706880531	9536.133	12.785540227	10526.37	15.1822353683
5.197	2.43218832615	9999.023	347.507721072	9500.977	33.9709545218	10508.79	21.2712672745
5.198	3.14521191214	9997.559	321.6549566	9544.922	22.5336992146	10546.88	13.0731043078
5.199	2.89481641737	9996.094	190.280680105	9508.301	16.3030915262	10461.91	13.3645150187
5.2	2.65859754985	9996.094	319.919660338	9505.371	13.8197592408	10470.7	13.5412896521
5.201	2.9559467052	9994.629	284.298266958	9483.398	16.1787610244	10508.79	23.0064881982
5.202	2.84706029518	10000.49	325.707124077	9457.031	11.1037211527	10458.98	17.2722789552
5.203	3.21632273416	9999.023	385.162731717	9486.328	28.4503339411	10514.65	14.3665460951
5.204	3.11427460314	9997.559	377.459691635	9499.512	21.1502274326	10542.48	16.7806718237
5.205	2.69605819729	9997.559	333.580207033	9539.062	31.0844181535	10533.69	13.8296676425
5.206	2.64380684809	9996.094	313.778851831	9452.637	26.8163960605	10500.0	20.2154428847
5.207	3.0077035593	9994.629	280.301731441	9500.977	25.6395860988	10541.02	19.6741016851
5.208	3.229099464	10000.49	217.236652277	9530.273	18.4699531881	10494.14	17.8787581918
5.209	40.5435449392	9999.023	474.573774008	9487.793	341.563785454	10473.63	212.872820592
5.21	3.23882302251	9997.559	422.127054377	9458.496	17.5178380269	10457.52	15.6014294502
5.211	2.94887677278	9997.559	496.937718576	9515.625	17.6617280499	10546.88	14.498623467
5.212	2.88229475293	9996.094	454.362438744	9522.949	26.8299792838	10545.41	26.66640321
5.213	4.2962177547	9994.629	436.823599866	9484.863	23.9187003711	10517.58	33.7478704871
5.214	3.33156874325	9994.629	401.543370256	9471.68	17.0879096128	10457.52	13.4989212876
5.215	3.07784603133	9999.023	363.276394928	9471.68	15.977139818	10457.52	18.7222828815
5.216	3.11435555576	9999.023	309.101980384	9458.496	16.2154944726	10529.3	15.5718708123
5.217	3.25913367738	9997.559	323.765355727	9524.414	26.4659259313	10513.18	24.2785497861
5.218	3.13257034722	9996.094	218.47372816	9499.512	17.1572099803	10539.55	22.0890651278
5.219	3.10774026723	9996.094	312.221217864	9493.652	30.0589488426	10548.34	44.9016235259
5.22	2.82393716636	9994.629	271.33651713	9481.934	16.8789784615	10502.93	43.3041385147
5.221	3.17003222802	9999.023	248.346122714	9533.203	29.8668718579	10483.89	12.1494305619
5.222	3.07572131622	9999.023	325.184427322	9536.133	28.5167785382	10470.7	25.0577614305
5.223	2.86211156462	9997.559	333.327777682	9506.836	17.4689479756	10529.3	18.1659498168
5.224	2.96742985877	9996.094	268.557411593	9515.625	15.1865832826	10526.37	24.8218458046
5.225	2.63808648833	9996.094	272.013704298	9474.609	24.2048457238	10464.84	23.5204540058
5.226	3.37794721042	9994.629	208.927446506	9464.355	11.4339866962	10501.46	22.0075268306
5.227	2.87697056047	10000.49	258.41874371	9521.484	18.1821041804	10478.03	24.3791675814
5.228	3.10057675234	9999.023	150.667001548	9503.906	43.3606549244	10480.96	20.3331474831
5.229	3.09764715632	9997.559	126.554947086	9549.316	20.4714862766	10461.91	25.5488011974
5.23	3.13169174165	9997.559	114.403939828	9457.031	19.8413300457	10454.59	14.8583052619
5.231	3.03262360766	9996.094	162.353335566	9533.203	16.0042801999	10510.25	16.4311214042
5.232	3.22559760952	9994.629	109.586707258	9518.555	18.3468808035	10532.23	31.0976927462
5.233	3.13272067236	10000.49	135.944749734	9549.316	10.1184219771	10513.18	16.3825158267
5.234	2.80551738096	9999.023	102.262664894	9493.652	28.4467278319	10489.75	14.5714024276
5.235	3.35986862851	9997.559	75.8757913387	9461.426	18.4715798258	10483.89	20.0937698028
5.236	2.96062468334	9997.559	56.2777713769	9476.074	18.4797172879	10501.46	23.3873228213
5.237	3.27465106738	9996.094	134.081019344	9506.836	24.8710381791	10545.41	21.3471909697
5.238	3.08447577604	9994.629	34.9358517689	9477.539	11.123004407	10479.49	12.0832028931
5.239	3.1064719805	9994.629	71.1726511267	9539.062	18.5786004314	10533.69	12.9131803462
5.24	3.24212945338	9999.023	32.9380665539	9527.344	17.9895973852	10472.17	18.2299920866
5.241	3.14455375162	9990.234	18.9776631793	9502.441	18.7147669875	10498.54	27.1221820225
5.242	3.39610486819	10006.35	20.3621727439	9530.273	16.0140119499	10542.48	19.6618300944
5.243	3.12819798223	10045.9	15.1112378037	9486.328	15.1787134929	10450.2	17.5932070767
5.244	3.23427002308	10028.32	21.3519903548	9521.484	25.6147848307	10458.98	20.411417515
5.245	3.24955802704	10010.74	11.6186907249	9479.004	25.8450134929	10504.39	12.3863193237
5.246	3.12166794583	9990.234	16.0968652413	9528.809	19.7054180321	10533.69	33.5281533345
5.247	2.84262683693	9999.023	24.5015383152	9533.203	28.6990653298	10480.96	36.0361675525
5.248	2.82273537052	9997.559	26.8976866155	9544.922	20.0029743911	10482.42	27.905703277
5.249	2.71047730139	9996.094	18.5806900516	9489.258	14.1539126464	10486.82	17.0239438161
5.25	3.73875444148	9996.094	25.5460588478	9534.668	19.9813948293	10532.23	17.044922158
5.251	3.30913037661	9994.629	45.6653809885	9514.16	21.6416560675	10495.61	21.8323489061
5.252	3.05545045281	10000.49	41.497249734	9517.09	23.4282859758	10502.93	12.5642569811
5.253	3.01057178081	9999.023	67.7341106813	9477.539	24.6563728455	10505.86	18.9809410192
5.254	2.93207596849	9997.559	43.0985422298	9461.426	16.3840326685	10514.65	24.7743566967
5.255	2.96674314964	9997.559	63.3572500517	9473.145	16.5778512916	10513.18	13.3627095779
5.256	2.9119546821	9996.094	63.1202674451	9533.203	25.9205272332	10458.98	28.2231329841
5.257	2.98575349891	9994.629	78.3322898334	9455.566	17.8281052181	10526.37	20.4994883588
5.258	3.78739811813	10000.49	77.9223853001	9459.961	10.2312064908	10533.69	19.6799588005
5.259	6.2874146533	9999.023	45.7488570808	9514.16	35.7049975086	10467.77	30.1100309331
5.26	3.49782530644	9997.559	31.1052651214	9461.426	19.1963009616	10450.2	34.8704495557
5.261	3.07088808023	9997.559	49.1492492356	9451.172	21.4395082937	10461.91	29.105140022
5.262	3.20799561369	9996.094	25.9652183263	9493.652	22.6982565333	10491.21	18.9305454324
5.263	3.55078572029	9994.629	29.3652380001	9522.949	30.4316042716	10472.17	12.1417288666
5.264	3.26857756076	9994.629	81.7562922743	9522.949	27.9282568755	10456.05	9.33541006317
5.265	2.98455304437	9999.023	103.480823005	9506.836	24.2532326878	10483.89	26.5558265626
5.266	3.21773166961	9999.023	58.9835015798	9515.625	17.2284122984	10545.41	23.6326595185
5.267	3.04304530366	9997.559	73.3215888533	9473.145	13.5514655062	10500.0	23.1695465628
5.268	3.28920041094	9996.094	72.0465922366	9527.344	25.7561600637	10516.11	22.9604525652
5.269	3.25790589462	9996.094	31.3243271196	9537.598	18.489387665	10526.37	17.9529658153
5.27	3.5329753125	9994.629	34.5943702369	9534.668	31.1625045895	10470.7	25.0051097411
5.271	3.60060530427	9999.023	17.9219880247	9520.02	24.2236192322	10529.3	24.0497402922
5.272	3.66303097575	10032.71	16.14707699	9467.285	16.6699202936	10479.49	32.316722544
5.273	5.19122389212	10015.14	20.0286193008	9546.387	29.6406351934	10501.46	29.061982573
5.274	23.3393784261	10047.36	114.487802406	9458.496	148.914543032	10514.65	119.418573913
5.275	3.53324153433	10028.32	20.5927342351	9536.133	29.7688029199	10472.17	34.5612931386
5.276	3.53035791583	9981.445	17.0542505457	9539.062	17.7222450577	10478.03	20.5171004612
5.277	3.47413338604	9959.473	13.8492982332	9462.891	15.3429057649	10524.9	17.4277896399
5.278	3.5526061975	9999.023	38.374800456	9512.695	19.5003510873	10485.35	25.9672737764
5.279	3.47520839979	9997.559	100.397148138	9543.457	17.6181112953	10457.52	23.1193232146
5.28	3.12895361004	9997.559	100.190581456	9476.074	42.8001532063	10500.0	20.0184832078
5.281	3.338757826	9996.094	196.846660012	9474.609	20.1441300706	10485.35	16.8322449668
5.282	3.42534520614	9994.629	106.269561067	9505.371	21.082505511	10453.12	17.7057435875
5.283	3.39552940784	10000.49	100.31819129	9490.723	24.2240180772	10479.49	26.5691521448
5.284	3.85502613851	9999.023	70.2822937688	9546.387	20.401963441	10464.84	13.446849198
5.285	3.4679403525	9997.559	21.6031950181	9487.793	20.5577264671	10460.45	20.9360993575
5.286	3.28063770126	9997.559	90.2033150611	9522.949	26.6065435706	10450.2	19.5002975077
5.287	3.56294519927	9996.094	93.7902860971	9546.387	21.2572912198	10450.2	29.5094569956
5.288	3.13327609837	9994.629	77.2413397065	9514.16	23.6123817244	10460.45	26.0609258947
5.289	3.35429046996	9994.629	95.3571997927	9502.441	23.877970793	10521.97	23.2878576268
5.29	3.2647290347	9999.023	144.63854694	9541.992	21.9304800781	10456.05	28.7001295606
5.291	3.49354432079	9999.023	71.7961026186	9454.102	20.9685310548	10523.44	17.2768241503
5.292	3.26557634513	9997.559	74.9796682213	9506.836	21.6959758493	10513.18	23.8154246328
5.293	3.41235921655	10012.21	20.8280477489	9512.695	19.7315823469	10470.7	16.0447274011
5.294	3.76189120316	9996.094	20.9292678593	9476.074	16.1030599814	10533.69	20.3241982062
5.295	3.82098734143	9994.629	100.35573329	9530.273	19.5558111302	10548.34	19.6812064485
5.296	3.59750958082	9999.023	26.5921054895	9549.316	14.0568148409	10473.63	24.6186842759
5.297	3.54747885128	9999.023	57.2169554295	9500.977	15.6142537358	10505.86	23.3973420625
5.298	3.09881949089	9997.559	70.5922415624	9465.82	25.9547712098	10508.79	17.5398391089
5.299	3.70477230232	9997.559	31.5836548844	9462.891	31.9671385586	10529.3	18.814942906
5.3	4.74819401666	9996.094	114.006235695	9539.062	35.0363796846	10510.25	43.4529577562
5.301	3.99759114279	9994.629	119.05675177	9503.906	20.9112643396	10523.44	22.4989924661
5.302	3.62861919438	10000.49	27.9810763826	9528.809	32.4739567792	10467.77	29.401368395
5.303	3.69251383531	9999.023	100.423122549	9505.371	38.231447924	10520.51	24.7331181336
5.304	3.83873426499	9997.559	126.894696676	9525.879	34.4912283844	10473.63	28.280961205
5.305	4.00038869593	9997.559	69.8436177855	9495.117	29.0907790376	10533.69	14.3911978849
5.306	3.45108681875	9996.094	181.256183264	9473.145	20.6570900139	10513.18	22.9991981255
5.307	4.00266142614	9994.629	183.074537544	9454.102	15.9079064921	10478.03	19.9153526689
5.308	3.35124272061	10000.49	99.3772910067	9543.457	18.7124788821	10541.02	25.6645398173
5.309	3.75746943954	9999.023	205.790733615	9540.527	24.9436771699	10485.35	14.4684853926
5.31	3.31513167927	9997.559	194.893697313	9483.398	27.7142766053	10543.95	31.5735104665
5.311	3.22982692368	9997.559	195.427180932	9458.496	30.4433126375	10451.66	29.9947490642
5.312	3.94569749461	9996.094	221.693057767	9508.301	27.0798608605	10527.83	31.1575029493
5.313	3.74198736048	9994.629	251.264142241	9461.426	39.1619919354	10533.69	30.2517563025
5.314	3.98014197707	9994.629	248.882492571	9522.949	19.8929272194	10533.69	32.1156904534
5.315	3.32436674974	9999.023	170.410185639	9455.566	18.8503900663	10514.65	25.6984951312
5.316	3.64484224793	9999.023	104.170182331	9464.355	34.2452811284	10543.95	25.2321453414
5.317	3.75286253997	9997.559	208.483786478	9534.668	24.0893466973	10497.07	27.0764116413
5.318	4.68470405971	9996.094	144.560346566	9520.02	28.3163448567	10472.17	27.8430767447
5.319	8.44181086162	9996.094	150.991282256	9509.766	64.5770664887	10475.1	52.9289188269
5.32	251.09505674	10007.81	1084.22179414	9509.766	2050.72737934	10469.24	1547.01783138
5.321	5.44015666478	9999.023	150.205745464	9470.215	54.8600297907	10511.72	42.0461910889
5.322	5.20970739515	9999.023	314.043410098	9546.387	47.8331350187	10516.11	49.0037582458
5.323	5.33198716497	9997.559	273.816364805	9493.652	34.8970836838	10510.25	20.8837340577
5.324	5.15185289613	9996.094	200.690688011	9527.344	22.2752743884	10526.37	24.9025976902
5.325	5.11558369519	9996.094	193.094718236	9496.582	27.04450003	10473.63	34.4226569997
5.326	53.1443200971	9955.078	338.646936365	9544.922	296.082679636	10539.55	269.187378715
5.327	5.0094800749	9999.023	234.816054099	9533.203	41.0683294576	10464.84	33.0148942588
5.328	5.22900052968	9999.023	348.857669808	9474.609	21.2338157398	10478.03	40.9889285351
5.329	6.22253032767	9997.559	303.90245082	9464.355	42.4939171661	10530.76	59.9320311582
5.33	11.1044444502	9997.559	84.2061559141	9454.102	55.4644446156	10486.82	61.7846305913
5.331	4.46562038195	9996.094	204.943707053	9474.609	31.5464533253	10475.1	23.047626215
5.332	4.90389564133	9994.629	123.218089911	9537.598	22.0606751164	10536.62	31.9725748891
5.333	4.63434800391	10000.49	82.1263904908	9546.387	24.3857751687	10502.93	25.8272163191
5.334	6.80327960196	9999.023	90.9123116407	9498.047	28.9461529257	10533.69	37.0880250733
5.335	7.72008220724	9981.445	118.27942192	9496.582	53.772526175	10466.31	67.4918607754
5.336	4.53850914606	9997.559	186.689901001	9512.695	33.5426067376	10456.05	20.9667010308
5.337	23.6647711314	9996.094	328.069029494	9499.512	163.385737101	10467.77	135.556408127
5.338	4.31116825197	9996.094	147.340891795	9515.625	31.9435209349	10510.25	27.7505034991
5.339	1741.61828058	9988.77	7513.12829547	9495.117	11389.887957	10470.7	9703.50988279
5.34	4.06766744128	9999.023	157.747580994	9493.652	21.5277618	10488.28	16.9041271094
5.341	3.76043374938	9999.023	116.520967442	9503.906	24.8381767882	10453.12	23.230473642
5.342	5.10273438604	9997.559	130.585248742	9495.117	40.5313297979	10469.24	34.8794636903
5.343	4.47412205342	9996.094	151.17210034	9515.625	19.0495599457	10473.63	39.7368377738
5.344	3.56414107645	9996.094	60.0038885912	9499.512	25.6119489163	10473.63	30.9188231155
5.345	4.55689628794	9994.629	166.188357087	9468.75	26.3880917808	10489.75	35.2406919692
5.346	4.04441220385	9999.023	76.9920613583	9498.047	30.3815336782	10498.54	45.3610157248
5.347	4.23832036444	9999.023	62.3739059713	9533.203	31.4997381711	10454.59	30.2153055913
5.348	4.15266521335	9997.559	78.2173802272	9525.879	34.572595098	10461.91	21.8426362203
5.349	3.83917358062	9996.094	43.1983597171	9503.906	17.7675392733	10456.05	20.2427344639
5.35	4.33505892304	9972.656	17.9594453876	9493.652	34.4835025701	10519.04	19.5083046364
5.351	3.9906848533	10012.21	14.5805986815	9483.398	30.2221942873	10532.23	28.6587854783
5.352	3.90717734923	10026.86	15.0002346484	9528.809	32.8810212067	10513.18	17.8171362879
5.353	3.66018986356	10016.6	27.7246741307	9476.074	28.0162954465	10502.93	17.4378527527
5.354	3.37289708165	10031.25	25.6044532173	9525.879	21.1580964883	10457.52	13.28887071
5.355	3.38099862359	9996.094	14.4875727677	9539.062	21.6855313243	10475.1	12.6247613112
5.356	3.5374998377	9958.008	14.4881459536	9479.004	19.9290644231	10521.97	33.7172635934
5.357	3.37003916873	10000.49	13.0875004458	9515.625	20.122191876	10519.04	29.6991510217
5.358	3.8666208631	9978.516	34.9274706895	9541.992	33.0063919472	10456.05	16.4400287832
5.359	3.36567594283	10029.79	25.7594073476	9452.637	19.7305966659	10492.68	15.7100899974
5.36	4.15357705159	10015.14	23.2178729157	9520.02	24.5067523448	10495.61	20.1866678409
5.361	5.19768223094	9997.559	42.5851485999	9509.766	56.1810314589	10517.58	16.7962383784
5.362	4.80140840661	9996.094	54.1990285248	9484.863	33.472679463	10529.3	49.9924317805
5.363	8.63368174278	9994.629	56.2525345798	9473.145	60.0297028768	10454.59	55.9602213012
5.364	24.0547428769	10016.6	90.8959653748	9455.566	198.20067228	10527.83	224.777899208
5.365	1402.52464247	10001.95	6857.33634869	9496.582	10449.8565847	10461.91	9629.38139626
5.366	408.827059517	9960.938	1538.09145771	9539.062	2443.1946824	10539.55	2880.80832077
5.367	86.8362918261	9994.629	347.544667885	9525.879	453.97531816	10519.04	551.282287028
5.368	12.7158057797	9996.094	110.793117785	9525.879	89.4068817956	10501.46	64.5555162771
5.369	7.37127215814	9996.094	125.432356948	9454.102	72.5260945131	10538.09	42.563451751
5.37	5.67608296781	9994.629	150.270716536	9544.922	28.67506319	10489.75	40.27552389
5.371	4.38428273274	9999.023	103.35795656	9537.598	46.7480624646	10473.63	21.7034883079
5.372	3.83572229188	9999.023	118.30240864	9471.68	21.6348435728	10539.55	16.5984680234
5.373	3.60586868081	9997.559	125.766830477	9499.512	22.758594109	10495.61	23.7843721162
5.374	3.25977646664	9996.094	108.862582932	9473.145	24.2106377343	10461.91	27.4841373885
5.375	3.6799416957	9996.094	123.774295637	9541.992	16.6223685182	10497.07	28.1144864791
5.376	3.24790439026	9994.629	255.540957369	9522.949	27.4432993829	10529.3	17.6230374726
5.377	3.24395662073	9999.023	187.409786451	9473.145	25.5496751368	10501.46	27.9726942774
5.378	5.92382696087	9999.023	227.656042286	9457.031	25.7240989516	10536.62	25.1786663258
5.379	2.89905948273	9997.559	295.705367537	9479.004	14.6381036893	10516.11	19.3190250624
5.38	2.88266523265	9997.559	279.720701862	9511.23	18.4970024365	10467.77	10.3794613188
5.381	2.65268590274	9996.094	445.427728069	9451.172	18.3316169706	10520.51	17.6342657115
5.382	2.46221048555	9994.629	426.077915467	9527.344	19.4134783405	10543.95	19.9154507377
5.383	3.14674036976	10000.49	325.868817212	9490.723	11.7272924595	10469.24	18.7565331372
5.384	2.74206247251	9999.023	248.419611154	9493.652	17.4630154017	10495.61	15.6265468211
5.385	2.67371272189	9997.559	249.058418126	9547.852	15.4276788757	10492.68	16.234321285
5.386	2.90083030447	9997.559	300.10963401	9528.809	15.0723168285	10451.66	19.0291932769
5.387	3.11156284119	9996.094	279.487124041	9458.496	34.1211248538	10513.18	11.2773985399
5.388	2.90672634728	9994.629	311.279725735	9479.004	13.5944785021	10545.41	12.802090958
5.389	2.60860540266	9994.629	244.325804721	9490.723	16.7538273072	10473.63	18.4190351508
5.39	2.42986760459	9999.023	253.236729601	9546.387	14.0609129118	10488.28	13.6947683354
5.391	2.50083470316	9999.023	184.683943172	9474.609	18.5374947989	10519.04	11.7843341861
5.392	2.17797148473	9997.559	211.920547468	9534.668	14.4948972335	10541.02	21.5865464716
5.393	2.84293260934	9996.094	179.132945866	9541.992	10.2371250083	10494.14	15.8960871506
5.394	2.35079075717	9996.094	196.921792347	9461.426	20.2929268981	10519.04	16.6860090696
5.395	2.43421324089	9994.629	307.657506604	9502.441	12.8887320665	10510.25	11.2799260773
5.396	2.27068491206	9999.023	242.127484251	9481.934	21.5637224474	10482.42	20.5259652459
5.397	2.64933452696	9999.023	468.4516613	9537.598	14.1785487375	10549.8	16.9704217777
5.398	2.34508237877	9997.559	663.169268762	9476.074	16.7205045656	10548.34	19.8998010153
5.399	2.48757243249	9996.094	648.7187517	9544.922	14.8629975537	10542.48	13.1206827952



# 3dB lower power
5.0	2.43829608568	9996.094	91.0474670653	9464.355	13.3038602644	10457.52	17.7430207954
5.001	2.4916474416	9994.629	139.429836485	9539.062	19.3686826509	10473.63	19.0797077575
5.002	2.39376143112	10000.49	62.4136233035	9512.695	31.3734945818	10545.41	15.0938516335
5.003	2.71917362645	9999.023	151.234429749	9483.398	17.4205201316	10485.35	8.70226143994
5.004	2.09960702191	9997.559	92.5065191704	9530.273	19.6617526406	10526.37	13.5157205595
5.005	2.03802688321	9997.559	88.0974773853	9495.117	24.8795818979	10463.38	9.85644705417
5.006	2.35535809685	9996.094	108.473279659	9493.652	13.3284961332	10538.09	10.1798136097
5.007	2.658771508	9994.629	75.6478671605	9500.977	17.1225879284	10526.37	16.3062857945
5.008	2.34361413945	10000.49	70.6344678998	9511.23	13.4358044988	10511.72	16.516187211
5.009	2.38114970511	9999.023	146.218906723	9518.555	17.6528721328	10505.86	17.6147718638
5.01	2.57680564659	9997.559	65.0285533162	9528.809	15.0605874505	10460.45	16.7536779329
5.011	2.17648456965	9997.559	120.352830114	9459.961	15.1545385161	10546.88	13.1308840463
5.012	1.99276377549	9996.094	68.5228792887	9521.484	9.93372575486	10517.58	13.1875952109
5.013	2.48251124352	9994.629	40.6351225799	9541.992	14.8819540222	10502.93	21.6190899215
5.014	2.36761950655	9994.629	138.804376321	9502.441	15.8574385458	10457.52	13.0466035649
5.015	2.4391616291	9999.023	102.464699649	9511.23	14.0685410744	10494.14	10.5349682496
5.016	2.19381162981	9999.023	51.7431349484	9454.102	11.7197159608	10514.65	11.019682156
5.017	2.49858354337	9997.559	106.083146637	9495.117	16.9630412433	10450.2	18.1018328578
5.018	2.15208003605	9996.094	42.7116290182	9537.598	26.9673939354	10478.03	16.453546375
5.019	2.44057597472	9996.094	47.2372041018	9544.922	16.0885016619	10475.1	19.6987266248
5.02	2.2221397218	9994.629	47.9709407592	9476.074	10.5653443035	10454.59	21.8475825444
5.021	2.27273629484	10000.49	17.2632231019	9517.09	18.2181098285	10498.54	14.0301941146
5.022	2.16673260489	9999.023	52.9272532961	9517.09	16.49796925	10454.59	17.6088883596
5.023	2.06544338715	9997.559	15.6793295011	9527.344	16.0862678198	10517.58	13.9227245998
5.024	2.31343899218	9996.094	15.0176489995	9524.414	14.5827944077	10497.07	14.5555893172
5.025	2.2188500857	9996.094	13.4956710286	9512.695	13.0372713954	10475.1	19.8030502321
5.026	2.11619110746	9994.629	14.7255939007	9493.652	16.1623386784	10479.49	17.9158462108
5.027	1.88833336839	9975.586	8.41337350712	9451.172	11.1014974816	10482.42	23.051800411
5.028	2.59747004979	9999.023	12.0991809416	9520.02	17.5347134222	10501.46	12.3319459261
5.029	2.4563641258	10003.42	11.614490453	9493.652	16.0418659004	10519.04	16.2777225316
5.03	2.33813240063	9994.629	14.2323972393	9539.062	12.1267973463	10495.61	13.2468750604
5.031	2.46429093796	9996.094	22.4271855104	9490.723	17.6056080942	10472.17	18.6411139759
5.032	2.1220051768	9994.629	21.6486018222	9528.809	19.782098556	10454.59	18.9266353417
5.033	2.48816454243	10000.49	24.5865826515	9502.441	18.000816684	10470.7	9.11459713172
5.034	2.43209369249	9999.023	44.5838816563	9464.355	18.1425363387	10488.28	15.1126550982
5.035	2.22436128236	9997.559	23.904374717	9468.75	11.8672858169	10548.34	13.4721319057
5.036	2.39726461509	9997.559	34.776521505	9477.539	15.3073711804	10504.39	12.5842555855
5.037	2.11769310707	9996.094	52.6009812642	9533.203	16.3411323096	10543.95	15.9268069843
5.038	2.71558758522	9996.094	25.1705860352	9462.891	12.0403795515	10463.38	26.7145639937
5.039	2.59389856834	9994.629	38.4737174738	9487.793	13.1830252051	10539.55	20.3634040713
5.04	2.13199311152	9999.023	42.8405106243	9515.625	11.1627383416	10501.46	21.2898421268
5.041	2.28197938554	9999.023	30.3187752524	9490.723	21.2717020631	10524.9	12.9049748495
5.042	2.34534369183	9997.559	102.614506575	9461.426	10.0269293869	10453.12	26.1611968707
5.043	2.09067780512	9996.094	55.6993206011	9465.82	11.6692844419	10530.76	18.4946341818
5.044	2.50009532631	9996.094	80.7981707029	9451.172	25.9875047322	10536.62	13.6542029812
5.045	2.20729329738	9994.629	116.232889336	9492.188	16.6370322231	10542.48	20.3096894179
5.046	2.40203265626	9999.023	41.1804709515	9457.031	14.8308552394	10498.54	26.6485096493
5.047	2.62969956121	9999.023	102.348805345	9495.117	15.7142102357	10482.42	16.0427228885
5.048	2.46441688962	9997.559	68.7158763501	9476.074	19.107557149	10549.8	10.9341078952
5.049	2.27325553814	9996.094	59.9261348151	9531.738	10.3013055833	10529.3	9.65284678866
5.05	2.32147432325	9996.094	62.4735257335	9508.301	16.5450833638	10548.34	18.4708317976
5.051	2.54627103657	9994.629	130.302060415	9486.328	13.1889983898	10464.84	13.3885104689
5.052	2.32873027873	10000.49	108.394540622	9495.117	15.8230237829	10478.03	12.0398922329
5.053	2.21779329662	9999.023	142.065024804	9546.387	12.1789417758	10529.3	10.7098277641
5.054	1.88032175546	9997.559	78.7713518554	9536.133	19.3273736322	10539.55	12.2725485824
5.055	2.24311763232	9997.559	83.2586412017	9515.625	13.7392575861	10450.2	11.4278128498
5.056	2.26776081605	9996.094	93.1329888822	9480.469	13.1551260323	10511.72	11.4656551587
5.057	2.24428545854	9994.629	75.5620546437	9531.738	13.865937478	10495.61	20.8012033168
5.058	2.44026302048	10000.49	85.7265335537	9536.133	15.1328765198	10543.95	15.8576351046
5.059	2.58085236635	9999.023	107.751795028	9461.426	15.3127910245	10473.63	9.17135000536
5.06	2.27431766511	9997.559	91.9836546437	9546.387	25.3792914677	10485.35	12.5116654907
5.061	2.27359889092	9997.559	154.35660282	9544.922	14.8053825161	10504.39	14.8627757538
5.062	2.38590942807	9996.094	113.43766079	9506.836	14.6307589309	10483.89	8.68719606558
5.063	2.25592764511	9996.094	109.943964914	9514.16	13.1192931394	10489.75	15.5212893773
5.064	2.5234994217	9994.629	111.49170134	9533.203	8.69522762481	10491.21	23.0307119835
5.065	2.33530327404	9999.023	116.068769645	9512.695	15.4144863934	10539.55	9.23295689333
5.066	3.18312366117	9999.023	71.1786458266	9521.484	17.8604816424	10451.66	14.5342494769
5.067	2.44719811725	9997.559	104.114994837	9525.879	19.1105701947	10464.84	24.2680711887
5.068	2.45771629753	9996.094	51.647575252	9517.09	9.32010502367	10535.16	16.6294136517
5.069	2.51905160797	9996.094	121.138695963	9459.961	16.5128595973	10494.14	17.2546149022
5.07	2.2185644046	9994.629	98.6542420403	9473.145	23.372415237	10539.55	15.5870439358
5.071	2.17467375945	9999.023	49.7242478223	9549.316	9.06218447282	10480.96	13.0385355662
5.072	2.03999006138	9999.023	81.7113803801	9498.047	13.7953280324	10476.56	21.0515760275
5.073	2.09062097187	9997.559	134.199450533	9534.668	12.7579355446	10511.72	11.9219815345
5.074	2.62400577007	9997.559	122.706269973	9473.145	22.1568704178	10545.41	16.4136906563
5.075	12.3539067182	9977.051	85.8220829522	9514.16	50.5371004904	10470.7	84.8507425968
5.076	2.40849866958	9994.629	74.1213687019	9503.906	15.1501088849	10532.23	11.8377289877
5.077	2.43398850516	10000.49	22.6904625687	9539.062	14.0330164011	10464.84	12.8335637546
5.078	2.54488303906	9999.023	34.6734622218	9506.836	9.87448129325	10517.58	9.64415204998
5.079	17.2415187547	9975.586	91.9320584261	9498.047	85.4620456722	10548.34	221.005624238
5.08	2.80350446738	9997.559	30.7717556304	9524.414	10.1815655947	10545.41	17.0840110323
5.081	2.55902517013	9996.094	33.5737597435	9471.68	20.0892481696	10502.93	15.2157386412
5.082	2.22679539799	9994.629	45.1182954527	9462.891	16.0160227102	10453.12	14.1494792749
5.083	2.74875986373	10000.49	46.050031713	9486.328	20.0598667762	10450.2	14.1020999092
5.084	2.22417414938	9999.023	52.6164244658	9527.344	23.7876983083	10450.2	16.6875479757
5.085	2.38963496472	9997.559	29.836093143	9451.172	10.7640649638	10535.16	16.2603576333
5.086	2.42108421738	9997.559	11.0479649148	9492.188	14.5065817314	10492.68	12.619241319
5.087	2.6481467625	9996.094	28.7734635698	9525.879	9.48935022409	10488.28	14.7796835873
5.088	2.84809148159	10003.42	19.8388859503	9493.652	24.7450512537	10491.21	23.2356949406
5.089	230.883099965	9999.023	1826.78690483	9467.285	1474.3857191	10486.82	1336.7731284
5.09	3.03647564042	9999.023	41.2608014791	9486.328	17.5396969543	10497.07	15.0341315382
5.091	2.23160244145	9999.023	33.308982065	9459.961	18.8560289598	10536.62	15.5178345484
5.092	2.33324468543	9999.023	13.4432595574	9503.906	14.7598418504	10461.91	16.4257766117
5.093	2.64857665405	10019.53	13.3637639275	9464.355	10.1025914653	10464.84	16.7933289258
5.094	2.44438813032	9996.094	20.644472899	9506.836	9.60103451252	10523.44	11.8109298546
5.095	2.79375091468	9994.629	19.6714113531	9458.496	10.5275111895	10460.45	12.3581573844
5.096	2.38134754361	10004.88	9.78201429305	9530.273	12.2896643095	10523.44	15.40498571
5.097	2.43202389205	9999.023	29.7448179866	9495.117	14.9056978787	10476.56	14.1733598967
5.098	2.45212340687	9997.559	69.3940445793	9531.738	15.1500221205	10497.07	12.5661129954
5.099	2.46457829147	9996.094	54.1514363872	9546.387	13.6177182268	10489.75	11.6970045444
5.1	2.44618866625	9996.094	55.6241563325	9467.285	10.2728169223	10478.03	17.1276748787
5.101	2.12046272132	9994.629	38.6665324544	9537.598	12.3032303724	10539.55	24.9390524336
5.102	2.44267534718	10000.49	25.1371634495	9500.977	13.1564496604	10523.44	25.0975927641
5.103	2.46514140057	9999.023	60.2499137734	9540.527	18.755409503	10546.88	15.7632953144
5.104	2.30643334626	9997.559	37.4898182666	9458.496	9.31436348199	10507.32	15.0975695497
5.105	2.40036286986	9997.559	17.2895540306	9462.891	26.5931217154	10546.88	22.8864503792
5.106	2.71987042414	9996.094	30.5672816462	9480.469	17.7440458979	10453.12	12.3794934966
5.107	2.83538034209	9996.094	16.410391184	9451.172	20.9008460621	10485.35	15.976650193
5.108	2.60737280931	10000.49	18.7038561877	9512.695	23.1800304729	10507.32	11.0597519209
5.109	2.48322069338	9999.023	26.5282297444	9521.484	12.2352185739	10538.09	19.007158531
5.11	2.71174447773	10023.93	20.7783793202	9464.355	16.0482906687	10541.02	10.3894316041
5.111	2.85675875995	9997.559	12.9263417256	9539.062	15.2128129497	10505.86	21.6503781118
5.112	3.06882943885	9996.094	29.7160151428	9461.426	13.5605208834	10461.91	17.9652294502
5.113	2.71066502575	9996.094	17.7651268418	9455.566	31.5864164672	10469.24	13.1670572704
5.114	3.42510417661	9994.629	27.7619549309	9467.285	22.62210613	10479.49	20.965798714
5.115	2.9217655621	10042.97	12.5250562077	9528.809	14.1412450057	10524.9	12.9775194002
5.116	2.86529060565	9997.559	20.0069712982	9483.398	13.9721910408	10549.8	8.17816218659
5.117	2.6458419834	9997.559	14.3939635323	9496.582	13.2571627242	10535.16	16.3913154416
5.118	2.54410410391	9996.094	11.9545244954	9486.328	13.9626239123	10467.77	15.8698855992
5.119	2.71146958481	10037.11	12.2820764933	9481.934	20.9925803602	10463.38	14.167856753
5.12	2.71702271367	10003.42	16.0365547205	9534.668	10.6000929932	10473.63	12.9933234562
5.121	2.44358966806	10023.93	8.13735352218	9533.203	19.9213403597	10498.54	20.8389440658
5.122	2.40463607988	10047.36	16.7826608209	9549.316	14.9250465832	10472.17	27.5066013808
5.123	2.62802356609	10018.07	10.5610514696	9468.75	20.4626810777	10548.34	26.593828942
5.124	3.02320468169	10000.49	10.8634034224	9455.566	20.3892192975	10456.05	22.2258312254
5.125	2.46189757794	9996.094	18.3643182796	9514.16	15.7772957392	10521.97	17.3827969658
5.126	2.27849907941	9994.629	21.8513931751	9541.992	15.9371685777	10495.61	24.9191260016
5.127	2.81927586167	10000.49	17.4713628759	9547.852	19.2978809361	10533.69	14.9330993747
5.128	2.64774587509	9999.023	26.2107908937	9528.809	19.6441725863	10542.48	13.7952474554
5.129	2.53737709319	9997.559	16.5927776269	9530.273	17.7750302913	10480.96	13.6885942067
5.13	2.64569755351	9987.305	9.04898353953	9549.316	10.6963994425	10543.95	8.86502677458
5.131	2.77728829121	9996.094	48.5017086401	9509.766	21.4594981788	10464.84	28.189347369
5.132	10.0627510033	9994.629	55.120575088	9454.102	50.5516140284	10535.16	125.882258181
5.133	2.83698146618	10000.49	59.749685446	9540.527	18.3817878102	10500.0	12.5814181158
5.134	2.56477149583	9999.023	55.6307525496	9471.68	13.1479120344	10494.14	15.1295017121
5.135	2.77018267455	9997.559	26.5130547428	9549.316	20.6165297933	10523.44	23.3308729677
5.136	2.87207314664	9997.559	39.6288154105	9455.566	15.7053215947	10501.46	12.8597422458
5.137	2.81018868875	9996.094	26.2742916588	9471.68	17.6583345465	10520.51	18.8805394098
5.138	3.05408298045	10029.79	8.98809116103	9459.961	16.0747075539	10501.46	34.9820825716
5.139	2.73033738266	10037.11	20.8985199952	9531.738	21.4408459477	10539.55	22.1102779328
5.14	2.96916693745	10006.35	12.248970957	9527.344	17.5984502283	10535.16	16.6178264984
5.141	17.9458143267	10041.5	77.89859478	9487.793	137.005189728	10532.23	143.457865998
5.142	2.9284757914	9997.559	21.2358088762	9455.566	7.5709747807	10486.82	12.6986835198
5.143	3.00147883462	9979.98	8.64032973554	9520.02	16.7659621532	10507.32	13.1087282221
5.144	2.8538139282	9999.023	12.979955873	9468.75	26.45674077	10542.48	13.3213867829
5.145	2.60214798027	10045.9	15.4184729895	9484.863	14.2564706804	10494.14	22.978396833
5.146	2.74043087225	9987.305	16.1115181027	9540.527	12.1044283799	10508.79	9.56992159902
5.147	2.91199176729	10019.53	11.0427496774	9451.172	14.829446522	10467.77	19.1997073239
5.148	2.56592529295	10028.32	10.5665889513	9502.441	18.6101069564	10479.49	12.1258464347
5.149	2.62960572195	9996.094	11.6305104525	9530.273	23.1365214353	10501.46	19.0600679549
5.15	2.58369620461	10035.64	11.1144579851	9541.992	10.8740394125	10453.12	12.655203381
5.151	2.4543932879	9997.559	14.6474580076	9530.273	16.3563615319	10508.79	15.0036175127
5.152	2.66104112323	10018.07	22.8642523259	9480.469	13.6461161704	10511.72	13.2354460709
5.153	2.70895941517	10004.88	14.5020550331	9505.371	26.1618176314	10479.49	17.835110349
5.154	3.02216122096	9997.559	16.4192353371	9487.793	26.8448682464	10507.32	10.1340678653
5.155	3.05276942916	9996.094	24.3498744302	9493.652	15.6847638735	10491.21	12.6752284057
5.156	2.93586283629	9996.094	31.9843514925	9483.398	24.2269731369	10505.86	25.9545115089
5.157	2.92359514132	10047.36	15.7513605563	9540.527	12.6984660453	10505.86	17.9547792216
5.158	2.66133024997	10000.49	20.5844175373	9483.398	14.9598725668	10466.31	15.817112802
5.159	2.7990691196	9999.023	61.9960444629	9514.16	15.6951436174	10451.66	14.0044831577
5.16	2.97454857217	9999.023	21.369444629	9464.355	26.8959736994	10546.88	14.8387033522
5.161	2.96653523207	9997.559	18.5396124041	9505.371	12.4397263797	10510.25	24.3257433216
5.162	4.51618060209	9996.094	22.6115078486	9473.145	27.2443544286	10458.98	42.7301589292
5.163	3.51737183642	9996.094	19.1359134435	9492.188	27.4151534212	10488.28	16.009515746
5.164	2.64592115088	9994.629	31.8020432332	9470.215	20.6414517935	10482.42	21.7455993436
5.165	2.58505859555	9999.023	39.1798722523	9546.387	13.7454059816	10495.61	14.6877141026
5.166	2.65727086818	9999.023	31.5673172358	9461.426	13.1545223711	10536.62	32.7984430835
5.167	2.78015614932	9997.559	103.967494167	9461.426	12.9977582452	10519.04	27.819766416
5.168	2.88248370719	9996.094	83.7909864658	9459.961	9.36745761813	10521.97	22.5483730953
5.169	2.33785521279	9996.094	87.7426514626	9521.484	16.2484015052	10521.97	18.4359763665
5.17	2.85585915406	9994.629	123.194628262	9483.398	16.973525197	10516.11	14.2331858603
5.171	2.87887079241	9999.023	69.692452716	9520.02	18.0717659777	10500.0	19.4307254973
5.172	3.35452746783	9999.023	65.9811516478	9499.512	15.9049035307	10545.41	14.49028818
5.173	2.56366085334	9997.559	132.258280392	9452.637	12.8164841913	10510.25	17.8184007033
5.174	2.6091155156	9997.559	28.4736801858	9530.273	13.4248643343	10492.68	22.7471045089
5.175	3.01246010945	9996.094	101.924617619	9514.16	13.5925053575	10533.69	17.2042085945
5.176	2.92921446372	9994.629	93.9689180382	9464.355	18.0583514276	10472.17	22.1704771161
5.177	2.34159776596	10000.49	39.8125037662	9543.457	15.9362435125	10460.45	16.0491721212
5.178	2.61807928663	9999.023	63.3125856177	9464.355	14.9947487749	10527.83	19.4159400064
5.179	2.72025948059	9997.559	40.1880966086	9470.215	19.4472002107	10511.72	17.97320659
5.18	2.95104063862	9996.094	13.1924933347	9503.906	15.3631582125	10521.97	16.7348971568
5.181	2.88479007987	9996.094	49.6222903546	9474.609	13.2593982145	10456.05	20.3335854101
5.182	3.65444503589	9994.629	21.0822150956	9479.004	22.4128669279	10507.32	20.6383702882
5.183	6670.89377833	9984.375	41628.7903284	9502.441	92925.035239	10527.83	41571.4426323
5.184	3.2115762606	9999.023	11.7432045994	9539.062	20.1444179295	10486.82	16.0368800092
5.185	2.756613165	9997.559	29.3971980574	9511.23	27.4253027402	10505.86	16.6999248041
5.186	3.28329632378	9969.727	13.1857875419	9547.852	18.263950759	10505.86	17.9582391291
5.187	2.66120960507	9996.094	20.8734691973	9457.031	19.6154099704	10473.63	16.1406739475
5.188	3.03578541654	9994.629	17.57129338	9537.598	17.089846377	10494.14	18.5520811344
5.189	2.42290171881	9994.629	43.0298023556	9464.355	16.3971162261	10532.23	18.1829424921
5.19	2.58987848596	9999.023	49.3990184226	9495.117	17.2374357451	10520.51	17.1732651934
5.191	3.01036093444	9999.023	28.4272592355	9462.891	23.0019540272	10508.79	25.7963660505
5.192	2.56308415237	9997.559	26.1130309732	9508.301	26.2637629357	10467.77	20.1620793241
5.193	2.9341196849	9996.094	25.2576371512	9527.344	18.713031977	10470.7	16.8084610994
5.194	2.81614915876	9996.094	43.2318300564	9484.863	23.5792346931	10473.63	11.439532569
5.195	3.09780853999	9994.629	65.5758574203	9515.625	23.457529494	10469.24	18.5756914929
5.196	3.06442126689	9999.023	44.4009104858	9477.539	22.0697472861	10501.46	16.1352068212
5.197	2.83644083997	9999.023	112.200012918	9480.469	19.5863034654	10504.39	17.1428362946
5.198	2.9413843966	9997.559	97.7030948472	9489.258	23.5566501293	10517.58	21.9978448578
5.199	2.7264793797	9996.094	42.2548167811	9522.949	16.3481378437	10483.89	17.6673999536
5.2	3.09991539109	9996.094	66.5331122003	9539.062	14.5674235351	10527.83	21.244424753
5.201	2.90419324496	9994.629	93.5928009572	9540.527	21.6346604659	10548.34	20.9266677741
5.202	2.46355625985	10000.49	90.668738395	9515.625	16.6481718142	10482.42	20.3763614995
5.203	3.14018368359	9999.023	153.490709886	9515.625	21.7241776669	10475.1	25.3165310348
5.204	2.67885512142	9997.559	95.4927606655	9541.992	13.4629084475	10498.54	20.3328003099
5.205	3.00956222494	9997.559	81.4969213276	9540.527	15.5251231397	10508.79	18.5663762544
5.206	2.93869864537	9996.094	105.948304042	9537.598	22.8213235572	10492.68	15.3560213699
5.207	2.75278225845	9994.629	86.9638124801	9471.68	27.8745945322	10453.12	18.1806939244
5.208	2.69837129452	10000.49	81.1728780062	9508.301	20.3108261901	10538.09	13.6339541471
5.209	12.8625479836	9999.023	119.022023096	9503.906	77.9440389848	10524.9	63.6002531382
5.21	2.77783570863	9997.559	136.729756173	9486.328	22.3676584936	10530.76	21.7724057285
5.211	3.09615922632	9997.559	131.066536001	9512.695	12.4001414469	10450.2	33.687011302
5.212	3.32648919585	9996.094	228.234187632	9543.457	17.3145159667	10504.39	21.5036519026
5.213	3.16893545729	9994.629	50.3964088153	9524.414	15.8573909678	10526.37	20.0319002889
5.214	3.8107317426	9994.629	161.503654455	9520.02	22.5105445034	10486.82	16.8911228336
5.215	3.04062725657	9999.023	95.2503011771	9530.273	15.1598876859	10495.61	24.5432564027
5.216	2.94893388502	9999.023	73.4133495492	9517.09	20.1776850284	10539.55	14.4620854975
5.217	2.64630214972	9997.559	86.2236943006	9461.426	17.7128083717	10520.51	23.9411152155
5.218	2.88268251609	9996.094	66.5477629592	9528.809	16.1273301772	10530.76	19.4202542819
5.219	2.98909638879	9996.094	92.2797704068	9489.258	22.9860662254	10458.98	19.733394263
5.22	3.00088708088	9994.629	162.447369815	9518.555	16.6998215993	10500.0	17.1660111061
5.221	4.97471103222	9999.023	158.265303672	9514.16	30.4152191239	10486.82	41.3758547688
5.222	2.74753980387	9999.023	125.458015965	9486.328	27.7896402221	10480.96	18.2199304183
5.223	2.93817609125	9997.559	89.390141357	9498.047	22.6176873157	10511.72	18.0977040633
5.224	2.97712094581	9996.094	73.7983296594	9462.891	16.7394024808	10466.31	22.282360851
5.225	3.1556412883	9996.094	88.7244392635	9500.977	11.0413365404	10532.23	20.3868147747
5.226	3.45606553505	9994.629	100.22391973	9480.469	15.371158084	10491.21	28.4173311481
5.227	3.16534422292	9999.023	48.5332251063	9454.102	10.3435530162	10482.42	16.1877574635
5.228	3.16445418238	9999.023	34.0629929683	9549.316	13.9403572136	10486.82	18.1589656083
5.229	3.32846491564	9997.559	28.670891161	9506.836	25.344324887	10529.3	18.5013471706
5.23	2.70663328551	9997.559	30.384790058	9509.766	11.9675862767	10545.41	19.2851064666
5.231	3.00260898045	9996.094	60.1608289826	9454.102	19.4152419739	10486.82	20.4751878738
5.232	3.33863964622	9994.629	46.2790075412	9499.512	22.4742359585	10523.44	18.5910163086
5.233	2.53354326047	10000.49	37.9319565817	9530.273	25.0363043437	10469.24	16.2525574309
5.234	2.85461561397	9999.023	47.3224243983	9465.82	14.813951695	10494.14	19.3846021591
5.235	3.10133230813	9999.023	20.6833831657	9503.906	22.0854347163	10479.49	26.4234633219
5.236	3.12636972967	9960.938	11.3937198481	9462.891	13.8850464465	10483.89	20.5237488665
5.237	3.44460491421	9996.094	34.4126662536	9487.793	26.6211802431	10476.56	19.649324595
5.238	3.02945496861	9974.121	15.9026055126	9543.457	16.5052834478	10480.96	27.1012761579
5.239	3.24108184008	10013.67	19.5233299691	9462.891	15.9770723984	10527.83	16.2047863286
5.24	3.1574530128	9968.262	17.7110871023	9520.02	29.2954588134	10464.84	18.7065133616
5.241	2.85417439608	10021.0	18.5509475144	9517.09	18.6388421366	10519.04	25.5402100766
5.242	2.92047811784	9953.613	11.1948504402	9511.23	21.1253878972	10519.04	21.3942431166
5.243	2.74201020547	10012.21	14.6847963764	9528.809	20.5681083285	10488.28	22.4287501011
5.244	2.90971740186	9955.078	12.6637754393	9509.766	19.3941417395	10495.61	20.6575750461
5.245	2.8200668265	10016.6	12.4511578704	9484.863	27.2131043036	10483.89	15.6465273883
5.246	3.10463196073	10031.25	13.6133669979	9468.75	20.763021658	10521.97	13.6035955815
5.247	3.27044316918	10006.35	12.8159121405	9534.668	20.0841055649	10456.05	14.8824545135
5.248	3.5197404333	10047.36	15.720106632	9528.809	14.905544712	10450.2	14.9562094406
5.249	3.15802806157	9994.629	19.3965866645	9479.004	25.0359662091	10464.84	26.7533898373
5.25	3.05952952592	9996.094	23.0023578724	9524.414	21.5081720491	10516.11	14.8837816577
5.251	3.07612022293	9991.699	18.0744604721	9492.188	22.9853430983	10535.16	25.6231576
5.252	3.07936089855	10000.49	21.7292974501	9462.891	34.8122615086	10463.38	25.1190523732
5.253	3.29817586627	9999.023	33.9524645346	9455.566	23.1362399106	10482.42	21.5301548768
5.254	2.91261952935	9997.559	32.9360453336	9492.188	19.5233607021	10507.32	15.6474885344
5.255	3.40072310523	9997.559	28.1893657828	9481.934	14.9996958345	10539.55	23.9490688664
5.256	4.24689924266	9996.094	43.8042477039	9471.68	32.0786826504	10521.97	21.558711912
5.257	3.31439437842	10006.35	18.6217145244	9502.441	14.2887535993	10538.09	22.0637197511
5.258	3.79908795242	9999.023	19.9080407641	9543.457	14.7479730824	10508.79	11.4881480442
5.259	3.33517792799	9999.023	38.2483303491	9511.23	15.253247697	10483.89	16.887829784
5.26	2.87159286092	10007.81	16.8591455371	9489.258	15.979608202	10450.2	22.574732098
5.261	3.58483690579	9997.559	33.2181496425	9498.047	21.334041249	10460.45	25.5249845617
5.262	3.04835284641	9996.094	36.6203201542	9530.273	29.8405311128	10456.05	27.0493038239
5.263	3.22833971405	9996.094	11.5387969199	9530.273	15.6097832448	10472.17	14.9477614773
5.264	3.48453782044	9999.023	18.1294524506	9508.301	19.2368414728	10535.16	19.2589551021
5.265	3.23174807339	9999.023	14.1019774958	9500.977	14.676262542	10498.54	23.2147781382
5.266	3.44445277797	9999.023	36.083059664	9536.133	17.6971774459	10467.77	23.42299301
5.267	3.06283928175	9997.559	32.2676840211	9454.102	20.2783184725	10524.9	13.622228612
5.268	2.84960318363	9996.094	43.3066255901	9489.258	21.737990338	10536.62	22.1355764798
5.269	3.22730952033	9950.684	10.7743037944	9522.949	23.5565963592	10500.0	23.2394555618
5.27	3.30433060164	9950.684	16.5117102038	9525.879	40.1008763892	10478.03	25.4939201187
5.271	3.32831708145	9959.473	15.783446735	9476.074	21.8568274063	10461.91	20.6453444145
5.272	3.97621026083	10031.25	15.8947994681	9531.738	21.4193202196	10454.59	28.7778256349
5.273	15.5868942229	10034.18	77.9194798498	9505.371	111.743900915	10513.18	168.713296428
5.274	10.7287779936	9953.613	35.1233049936	9483.398	66.4081920748	10470.7	67.1009591773
5.275	3.01245175465	9959.473	14.0500057736	9477.539	29.9787445375	10533.69	31.2969689211
5.276	3.48465255125	10028.32	16.0915968172	9537.598	31.3371292691	10548.34	31.0942132513
5.277	2.80233784309	10013.67	12.3438113578	9549.316	11.1920227717	10491.21	10.4492351809
5.278	3.24509635228	9999.023	26.5304558162	9540.527	14.4027340863	10526.37	24.4971463815
5.279	3.69671874139	9997.559	33.5244642944	9525.879	21.5975248408	10495.61	21.1744249183
