


# Excitation is now parallel to the bias field
3.9	0.001244668149	10003.42	0.00600724107262	9455.566	0.0141793051353	10510.25	0.00764929716267
3.901	0.00107450750157	10007.81	0.0050194513019	9474.609	0.00747405444653	10457.52	0.016683534007
3.902	0.0010690345979	9982.91	0.00457648258616	9502.441	0.00738030424848	10456.05	0.0156041646188
3.903	0.00111368505675	10006.35	0.00676080537481	9509.766	0.00559044388406	10451.66	0.00788454481221
3.904	0.00115446014339	10035.64	0.00479127495204	9473.145	0.00938063528166	10546.88	0.0107110394835
3.905	0.00121994995734	9955.078	0.00575609322407	9495.117	0.00462399787017	10479.49	0.0154618918284
3.906	0.00108699422253	10041.5	0.00719822516129	9517.09	0.00590322550962	10524.9	0.00991820891251
3.907	0.00139591185615	10019.53	0.00486988350159	9528.809	0.00589347559818	10508.79	0.00823568052504
3.908	0.00143987075333	9955.078	0.00655078234151	9457.031	0.0101749759298	10454.59	0.00875547584136
3.909	0.00156242980015	9993.164	0.0070138970894	9540.527	0.00787514815014	10504.39	0.00832224961599
3.91	0.0015225496958	10028.32	0.00462247242232	9546.387	0.0139849375457	10483.89	0.0078126491358
3.911	0.00150702875456	9956.543	0.00737685449284	9511.23	0.00780926978202	10454.59	0.0153087165868
3.912	0.0015519612563	9982.91	0.00558530098451	9454.102	0.0125302016413	10498.54	0.0116201576616
3.913	0.00157916552576	10032.71	0.00755414624944	9518.555	0.0098193796658	10539.55	0.0101271347148
3.914	0.00146151773246	10012.21	0.0064849351265	9543.457	0.00958835563853	10494.14	0.012204601264
3.915	0.00136456379009	10018.07	0.00604048212073	9487.793	0.0103699691821	10478.03	0.00923439855654
3.916	0.00141185728953	9997.559	0.00546586325126	9480.469	0.0106436189768	10454.59	0.0132502846074
3.917	0.00154453688156	10035.64	0.00650213748815	9467.285	0.0109017239965	10482.42	0.0107411755499
3.918	0.00127013152473	9978.516	0.00675918251333	9468.75	0.00645408384727	10467.77	0.0113087899852
3.919	0.00122413714765	9996.094	0.00984819111328	9459.961	0.00801769175168	10454.59	0.0140481626083
3.92	0.00148731339012	9955.078	0.0101690696825	9505.371	0.00933508543862	10501.46	0.00926235794765



# Excitation is now parallel to the bias field
3.9	0.00274883444865	9991.699	0.00857596089011	9495.117	0.0127667801586	10508.79	0.0175487831049
3.901	0.00228628169629	9977.051	0.0116960231305	9547.852	0.0138814457102	10467.77	0.0192963467026
3.902	0.00175671674115	10003.42	0.00842280795385	9476.074	0.0104410196783	10527.83	0.0081535409357
3.903	0.00134723551179	10038.57	0.00507310052413	9483.398	0.0084706990837	10454.59	0.0171291670566
3.904	0.00141572229402	9952.148	0.00430068773432	9544.922	0.00920292118267	10454.59	0.0124082651558
3.905	0.00150835015436	10048.83	0.00578525637639	9451.172	0.00816628250947	10505.86	0.00771680626296
3.906	0.00138576324347	9990.234	0.00524206617703	9477.539	0.007550076668	10516.11	0.00678256652642
3.907	0.00135237000553	9972.656	0.00419689600893	9546.387	0.0108429380365	10513.18	0.00707404584516
3.908	0.00140143600921	9977.051	0.00736269019868	9452.637	0.014961286009	10492.68	0.0155663497329
3.909	0.00157976627141	10032.71	0.0114970125372	9481.934	0.00800938059414	10451.66	0.00863699307005
3.91	0.00188200642619	9953.613	0.00764814900261	9520.02	0.00922080524234	10454.59	0.0184822697131
3.911	0.0016035251006	10028.32	0.0103709534965	9493.652	0.00711827032115	10454.59	0.0147431542504
3.912	0.00140367608686	10004.88	0.00849620981095	9455.566	0.0136100651462	10454.59	0.0110922918595
3.913	0.0014141741148	10013.67	0.00524481814189	9454.102	0.0117883333824	10454.59	0.0117187150061
3.914	0.00175825780114	10019.53	0.00452343679503	9462.891	0.0109326394414	10521.97	0.00988104257536
3.915	0.0018438063755	10022.46	0.0209516257803	9471.68	0.0107695346151	10454.59	0.0148991606974
3.916	0.00172409569511	10004.88	0.00946333651497	9454.102	0.0136565244739	10454.59	0.00987439220175
3.917	0.00205883527131	10003.42	0.00858905950359	9486.328	0.0195236621227	10543.95	0.0138724545838
3.918	0.00179168624082	9950.684	0.00643295954475	9470.215	0.00921648467899	10508.79	0.00846892247761
3.919	0.00114527578404	10010.74	0.00476236402451	9508.301	0.00944016327475	10494.14	0.0100421353516
3.92	0.00142226855959	10012.21	0.00747455199933	9511.23	0.00999237214903	10491.21	0.0114666712022
3.921	0.00114811239274	10016.6	0.00701764948068	9452.637	0.00740348723902	10527.83	0.00910924471821
3.922	0.00128557549103	9950.684	0.00623319596365	9452.637	0.0116779854787	10526.37	0.0068126993156
3.923	0.00125676510953	10047.36	0.00590438996826	9531.738	0.0101051438461	10451.66	0.00983399908806
3.924	0.00125818571716	10006.35	0.00473227215676	9454.102	0.00851812247163	10505.86	0.00840906902761
3.925	0.0014356073156	9950.684	0.00383771883803	9547.852	0.00648520259695	10519.04	0.00860899599508
3.926	0.00132001400319	10026.86	0.00544594835218	9536.133	0.00948083324075	10472.17	0.01569585635
3.927	0.00123234926488	9971.191	0.00626333310402	9505.371	0.0114401854275	10535.16	0.00727884247598
3.928	0.00137958060258	10012.21	0.00522486838046	9455.566	0.0086558747557	10456.05	0.0158135633579
3.929	0.00131427020917	9960.938	0.00522425642201	9455.566	0.00897276535864	10454.59	0.010671579656
3.93	0.00130945314253	9994.629	0.0114027198618	9455.566	0.0140814527923	10542.48	0.00806793317984
3.931	0.00124224374194	10004.88	0.0045147203034	9508.301	0.00521177076029	10458.98	0.00883526892901
3.932	0.00124278653082	9993.164	0.00800880919823	9480.469	0.00789228696353	10456.05	0.0119078621231
3.933	0.00119350843563	10021.0	0.00587951741525	9549.316	0.00351358175445	10491.21	0.0156107146475
3.934	0.00124098134051	10001.95	0.00741120553061	9511.23	0.0044415085356	10520.51	0.00744282478022
3.935	0.00127651219409	10013.67	0.0105657074782	9455.566	0.0118957750293	10456.05	0.00884142425316
3.936	0.00137340560552	9965.332	0.00465000427227	9500.977	0.0136406864119	10482.42	0.00727764996129
3.937	0.00131401624832	9955.078	0.00632062012817	9493.652	0.00935310316257	10497.07	0.00688110840226
3.938	0.00128793293112	10010.74	0.00668856330997	9477.539	0.00891582188224	10456.05	0.0069456927992
3.939	0.00117369002177	9965.332	0.00424031013183	9455.566	0.00594978730407	10470.7	0.0101453775327
3.94	0.00139086277196	10000.49	0.00495374930445	9459.961	0.00894937286698	10458.98	0.00986086873463
3.941	0.00111967586914	10029.79	0.00409104466925	9533.203	0.00608814849684	10458.98	0.0114998509117
3.942	0.00120509962662	9968.262	0.00619656390907	9457.031	0.0107950103671	10491.21	0.00714831499614
3.943	0.00126966068348	10007.81	0.00780610029246	9527.344	0.00808186578198	10549.8	0.00479387042311
3.944	0.00115088051193	9979.98	0.00795704045268	9528.809	0.00827861538047	10456.05	0.0225172011688
3.945	0.00120525315884	10025.39	0.00656044261046	9462.891	0.00784086605083	10545.41	0.00539160959023
3.946	0.00126139670749	9993.164	0.00545771544775	9505.371	0.00655568761317	10456.05	0.0143222912858
3.947	0.00127971650553	9982.91	0.00755825194274	9496.582	0.0079609615129	10454.59	0.0117713507593
3.948	0.00121488777683	10019.53	0.00693055931472	9536.133	0.00886188461016	10456.05	0.00984155630789
3.949	0.00107552824657	10045.9	0.00537658790267	9461.426	0.00496488944573	10483.89	0.00934414544337
3.95	0.00122457089044	10010.74	0.00436970599512	9492.188	0.0056046851417	10463.38	0.0086183744048
3.951	0.00111938465497	9990.234	0.00640796905457	9452.637	0.0069101073591	10456.05	0.011617045257
3.952	0.00128889765266	10041.5	0.00384569678052	9474.609	0.00851291026006	10532.23	0.0101676420628
3.953	0.00127681514071	9958.008	0.00561178239446	9481.934	0.0110635004624	10454.59	0.0188475749136
3.954	0.00110492704583	10031.25	0.00519700320659	9476.074	0.0053217860628	10500.0	0.00748169301665
3.955	0.00119867178756	10041.5	0.00607952342785	9536.133	0.00727239879068	10483.89	0.0106372367843
3.956	0.00116003108079	9999.023	0.00462331192932	9454.102	0.00818631374162	10526.37	0.0061994230183
3.957	0.00106790228607	9981.445	0.00419895997355	9543.457	0.00644354673219	10453.12	0.0139330362299
3.958	0.00114221142911	9950.684	0.00522314440308	9454.102	0.0112130182763	10453.12	0.0114416695253
3.959	0.00115952396199	10022.46	0.00492671245011	9484.863	0.00661026036769	10495.61	0.00807134039569
3.96	0.00119396246955	10021.0	0.00837780810289	9518.555	0.00789627407295	10451.66	0.00771136994727
3.961	0.00122678596493	9990.234	0.00525690601709	9454.102	0.0118007921341	10532.23	0.00934582036155
3.962	0.00104270906726	9952.148	0.00896139176105	9492.188	0.00489895257309	10451.66	0.0171602977821
3.963	0.00127436215515	9974.121	0.00678210239164	9470.215	0.00876774337803	10475.1	0.012309374075
3.964	0.52450897815	9997.559	2.20513104332	9489.258	3.08901168233	10521.97	5.52024125387
3.965	0.486906936978	9999.023	2.95616847837	9486.328	2.27263159514	10535.16	3.48803438688
3.966	0.202110139833	10000.49	1.42895629423	9530.273	0.894740416887	10514.65	0.940002594846
3.967	0.0453795052319	9997.559	0.326828152507	9499.512	0.289195420735	10527.83	0.230902293444
3.968	0.0207423203893	9991.699	0.16129279529	9500.977	0.0882782142103	10476.56	0.132661091239
3.969	0.0113213578667	9982.91	0.0847629674204	9511.23	0.0751050500948	10454.59	0.0754492673527
3.97	0.00843222593617	9963.867	0.0376293713237	9512.695	0.0604765818759	10489.75	0.0733919329426
3.971	0.00791866569082	9997.559	0.0291774951146	9467.285	0.0995265335051	10470.7	0.0364423497857
3.972	0.00675116902866	9953.613	0.0206634088945	9498.047	0.0463184065414	10526.37	0.0462742588903
3.973	0.00702702808063	9997.559	0.0578511258442	9540.527	0.0500220214011	10475.1	0.0570917115548
3.974	0.00652011444175	9974.121	0.0223965413752	9547.852	0.0365137245159	10539.55	0.049274787483
3.975	0.00652444956009	9999.023	0.0327739305625	9525.879	0.0531120256732	10511.72	0.0377671851775
3.976	0.00671988806401	9953.613	0.0344332953241	9517.09	0.0323974646146	10492.68	0.0466100315627
3.977	0.00845671568933	9999.023	0.0434534308692	9487.793	0.035543986108	10513.18	0.0601955244843
3.978	0.00720683205816	9999.023	0.106519231826	9470.215	0.0418498461681	10529.3	0.0563883293343
3.979	0.0092864041274	9997.559	0.0933936725381	9506.836	0.0520104335133	10460.45	0.0328831838466
3.98	0.00824294848812	10000.49	0.143456781177	9527.344	0.0530059041372	10492.68	0.0491750925812
3.981	0.00801211370282	9999.023	0.150436999568	9492.188	0.0630980358633	10469.24	0.0457563815808
3.982	0.00840818713737	9997.559	0.0858977567913	9530.273	0.0431868755622	10532.23	0.105799807593
3.983	0.0086844035404	10000.49	0.109876135556	9458.496	0.054714494126	10501.46	0.0756888150512
3.984	0.00918348932323	9999.023	0.297036323162	9498.047	0.0622137343406	10517.58	0.0790576523094
3.985	0.0112289850373	9997.559	0.153555191695	9470.215	0.0470909616061	10538.09	0.0913864443003
3.986	0.00927302124211	9997.559	0.168175347248	9455.566	0.0723178157615	10454.59	0.0502126165946
3.987	0.0132983320612	9999.023	0.228828923555	9465.82	0.0697479085829	10538.09	0.0886857966905
3.988	0.0117115940558	9997.559	0.309950580061	9479.004	0.0739727693914	10483.89	0.122637296599
3.989	0.0102484031655	9997.559	0.309892816685	9508.301	0.136750011478	10501.46	0.0932611649356
3.99	0.0126958666859	9999.023	0.488532574406	9455.566	0.0534576821337	10505.86	0.094791090301
3.991	0.0134804729166	9999.023	0.512805227227	9458.496	0.0581303131656	10482.42	0.0786786136249
3.992	0.0132127540699	9997.559	0.502507834528	9489.258	0.100402303638	10483.89	0.12492193957
3.993	0.012493100341	9999.023	0.310880135195	9461.426	0.116365825359	10489.75	0.0869238237302
3.994	0.0139513956101	9999.023	0.591931908376	9464.355	0.0947432913344	10456.05	0.14346162336
3.995	0.0146762006638	9997.559	0.985009033026	9517.09	0.173992829566	10492.68	0.138160723775
3.996	0.0191317364848	9999.023	0.756326763698	9498.047	0.191504760087	10475.1	0.0955865751904
3.997	0.0154084971309	9999.023	1.15152363696	9540.527	0.0884052230199	10498.54	0.0884076283217
3.998	0.0187159589981	9997.559	1.0161569171	9454.102	0.0860650356889	10521.97	0.137796853948
3.999	0.0193398515688	9999.023	1.0804257281	9514.16	0.176161677121	10494.14	0.165154160252
4.0	0.0186474984463	9999.023	1.0563208508	9521.484	0.11058049839	10527.83	0.122825558742
4.001	0.0140682548136	9997.559	0.842517867608	9493.652	0.125745043972	10501.46	0.0688463420879
4.002	0.0171694219973	10000.49	0.504957793577	9461.426	0.0768273813323	10486.82	0.0814448466694
4.003	0.0195519845912	9999.023	0.558710663439	9489.258	0.159613536698	10539.55	0.159504815964
4.004	0.0186122923717	9997.559	0.625425058132	9481.934	0.0662289846171	10505.86	0.117529301756
4.005	0.0186687608585	10000.49	0.454561616952	9454.102	0.108334910993	10541.02	0.11081306115
4.006	0.0193867238413	9999.023	0.522420339403	9522.949	0.0762576605643	10469.24	0.128154898509
4.007	0.0248492986355	9997.559	0.629185909107	9468.75	0.174785071392	10469.24	0.178984232387
4.008	0.0249701015998	10000.49	0.588854818313	9451.172	0.127632670004	10480.96	0.174348396358
4.009	0.0266131502426	9999.023	0.996314285845	9533.203	0.186756707643	10510.25	0.142112717566
4.01	0.0276032702911	9997.559	0.439732474449	9533.203	0.172317156341	10500.0	0.194272381523
4.011	0.0209634920011	9997.559	0.800595003584	9527.344	0.0977674772715	10480.96	0.112492025808
4.012	0.0196311652164	9999.023	0.58141754541	9474.609	0.0968022141663	10473.63	0.153908681562
4.013	0.0221123816105	9997.559	0.325573864379	9486.328	0.109759297093	10478.03	0.123985353886
4.014	0.0301054228763	9997.559	0.76210259238	9476.074	0.324758178639	10539.55	0.177881177238
4.015	0.0212148823419	9999.023	0.366580869173	9505.371	0.105022445149	10461.91	0.137397967103
4.016	0.0260810549001	9999.023	0.242420191744	9476.074	0.135294167443	10458.98	0.155038336646
4.017	0.0223514733794	9997.559	0.648302520874	9522.949	0.237720726133	10546.88	0.194349612898
4.018	0.0222731540588	9999.023	0.743414615669	9499.512	0.163202247046	10535.16	0.147397756949
4.019	0.0267943183379	9999.023	0.471978053382	9484.863	0.13265284055	10513.18	0.154194209847
4.02	0.0291430369181	9997.559	0.724268106385	9543.457	0.182878801925	10545.41	0.122072571956
4.021	0.0283573272306	10000.49	0.518266017425	9528.809	0.203475523401	10491.21	0.273798115432
4.022	0.0263857168149	9999.023	0.568189303567	9486.328	0.231095222073	10501.46	0.239414665319
4.023	0.0302552682685	9997.559	0.915641335251	9509.766	0.138958309412	10489.75	0.174602153522
4.024	0.0216026763122	10000.49	0.396917973189	9468.75	0.0931846173204	10451.66	0.0995907153885
4.025	0.0271261748939	9999.023	0.932693795577	9452.637	0.222846003398	10453.12	0.256239687521
4.026	0.0324558348603	9997.559	1.2279757036	9509.766	0.277965585279	10475.1	0.109387156374
4.027	0.0332255835371	10000.49	1.03928327172	9480.469	0.234616729487	10450.2	0.314472870633
4.028	0.025016846125	9999.023	1.09690713264	9543.457	0.189774290466	10478.03	0.279915897574
4.029	0.0304045795628	9997.559	1.19976980548	9514.16	0.320831001597	10536.62	0.109238938626
4.03	0.025252526696	10000.49	1.30770313262	9455.566	0.258675536125	10533.69	0.125590390418
4.031	0.0325875360043	9999.023	2.68875182708	9451.172	0.186448922966	10472.17	0.244811699392
4.032	0.0297061070131	9997.559	2.5748937889	9492.188	0.144179213901	10498.54	0.178606656785
4.033	0.0332100226045	10000.49	1.49775148861	9479.004	0.269294740522	10535.16	0.312343886594
4.034	0.0363826729495	9999.023	2.08364525423	9524.414	0.176230145679	10479.49	0.237662349597
4.035	0.0297522934769	9997.559	1.17656113408	9506.836	0.151205456024	10508.79	0.151389293977
4.036	0.0339335058878	9997.559	1.68064643643	9520.02	0.199903846235	10517.58	0.223201587148
4.037	0.0281384918027	9999.023	1.95523922661	9470.215	0.233253358237	10502.93	0.118130781312
4.038	0.027182800456	9997.559	1.96343763765	9492.188	0.143556947517	10541.02	0.222805855902
4.039	0.0259803350467	9997.559	2.18458446454	9451.172	0.245707710357	10482.42	0.156369505586
4.04	0.0202561578007	9999.023	1.22910945202	9484.863	0.0827538213472	10526.37	0.148633090479
4.041	0.023448200796	9999.023	1.67807713547	9459.961	0.15370876206	10476.56	0.086636700324
4.042	0.0199407066534	9997.559	1.47442975806	9534.668	0.152025050083	10457.52	0.123020345353
4.043	0.0191297309113	9999.023	1.65596349299	9530.273	0.121307255578	10453.12	0.0870716099502
4.044	0.025713298408	9999.023	1.05249888654	9533.203	0.137437468171	10501.46	0.237053200584
4.045	0.0222819330848	9997.559	1.59010772138	9496.582	0.15786935584	10478.03	0.182301089776
4.046	0.0245866809437	9999.023	1.84014666629	9455.566	0.167260474637	10492.68	0.10441920617
4.047	0.0298265720319	9999.023	1.79277926196	9465.82	0.18635932701	10456.05	0.249728340864
4.048	0.0241986116338	9997.559	1.6330579093	9541.992	0.158737060441	10545.41	0.17481127757
4.049	0.024031563423	9999.023	1.35051795023	9481.934	0.166703080496	10541.02	0.137824904104
4.05	0.0277089303456	9999.023	1.49888637112	9500.977	0.169565603605	10514.65	0.189267644146
4.051	0.0277388271709	9997.559	1.44686011337	9461.426	0.228389019129	10478.03	0.167220340376
4.052	0.0277111967876	10000.49	0.619036458354	9481.934	0.325977179188	10453.12	0.27150442054
4.053	0.0232836151746	9999.023	1.84647835222	9495.117	0.183949766514	10478.03	0.100405979597
4.054	0.0185642624368	9997.559	1.5063241858	9546.387	0.124556782873	10529.3	0.120690660587
4.055	0.0204494002487	10000.49	1.15171458672	9489.258	0.137654827355	10519.04	0.118256346206
4.056	0.0237321858006	9999.023	1.58794515737	9515.625	0.272694923431	10470.7	0.156240757384
4.057	0.023837433296	9997.559	1.01203211597	9525.879	0.189443520286	10470.7	0.122889679297
4.058	0.0167410228987	10000.49	1.18247923271	9464.355	0.17266872775	10464.84	0.144189017043
4.059	0.0197678806053	9999.023	1.20544760145	9471.68	0.142177856405	10527.83	0.14695676731
4.06	0.023479105313	9997.559	0.688792142929	9455.566	0.113469753036	10501.46	0.132961775641
4.061	0.0140347051296	9997.559	0.589146950343	9476.074	0.0747306491623	10486.82	0.0516950269176
4.062	0.015235344542	9999.023	1.15001572456	9531.738	0.100837855663	10510.25	0.0877436283155
4.063	0.0128059536439	9997.559	0.704148007569	9452.637	0.0718792250868	10473.63	0.09279058831
4.064	0.0130774598137	9997.559	0.568808565557	9496.582	0.0554506743733	10479.49	0.112264640512
4.065	0.010892119698	9999.023	0.637826119316	9511.23	0.0804345505626	10488.28	0.0751374110044
4.066	0.0113637029341	9999.023	0.382210024611	9461.426	0.0602276321628	10502.93	0.0625358275781
4.067	0.00932045399288	9997.559	0.401408030286	9541.992	0.0833688208279	10451.66	0.0628451508155
4.068	0.00880153016004	9999.023	0.19243183408	9502.441	0.0423453299755	10486.82	0.0681717280275
4.069	0.00706983698174	9999.023	0.264254181773	9479.004	0.0638699360259	10453.12	0.0299363122534
4.07	0.00831962529641	9997.559	0.29738593187	9483.398	0.0443016886256	10450.2	0.067315535092
4.071	0.0064798296017	10000.49	0.133156336255	9484.863	0.0478894454429	10501.46	0.0543659519255
4.072	0.0070378533517	9999.023	0.181760087653	9506.836	0.0273959158178	10473.63	0.0278752264149
4.073	0.00450877773517	9997.559	0.243284594847	9468.75	0.0230106141269	10505.86	0.0233037419421
4.074	0.00539337781023	10000.49	0.154427977317	9547.852	0.0255660453692	10454.59	0.0293464709273
4.075	0.00429750652016	9999.023	0.162254548125	9451.172	0.0198494500142	10494.14	0.0264446153535
4.076	0.00374889951171	9997.559	0.124623390096	9451.172	0.0195266980287	10472.17	0.0234223349131
4.077	0.0041461308162	9999.023	0.0917834852991	9547.852	0.0420510206302	10458.98	0.023569681549
4.078	0.00392212314219	9999.023	0.142740226876	9498.047	0.0240072086044	10485.35	0.0387707738662
4.079	0.00372901973253	9997.559	0.178605233216	9476.074	0.0343698139325	10450.2	0.0229881478684
4.08	0.00383451559464	10000.49	0.167611369662	9540.527	0.0159230619667	10541.02	0.0306827542227
4.081	0.00480284772221	9999.023	0.210593820978	9459.961	0.0370095035911	10497.07	0.0259995246143
4.082	0.00337902349956	9997.559	0.117839495458	9534.668	0.0308718268978	10470.7	0.0196551699895
4.083	0.00440311992802	10000.49	0.154619240016	9512.695	0.0211758682295	10482.42	0.0383653152437
4.084	0.00313596348389	9999.023	0.117670436179	9530.273	0.0172971744909	10464.84	0.02430051667
4.085	0.00306224963365	9997.559	0.0857344900285	9461.426	0.0156185995975	10535.16	0.0203110928316
4.086	0.00236881002306	9997.559	0.0405479558386	9539.062	0.0160065474746	10541.02	0.0269251883495
4.087	0.00273298656256	9999.023	0.0315100203269	9505.371	0.0143817834692	10480.96	0.0197285878961
4.088	0.00260706125826	9999.023	0.0183118486106	9487.793	0.0129735377105	10453.12	0.0119163718743
4.089	0.00267386615753	9952.148	0.0148284067429	9549.316	0.00857445474071	10451.66	0.0187307449256
4.09	0.00231973791328	9962.402	0.0139733129139	9503.906	0.0156959995671	10479.49	0.021489085607
4.091	0.00213993420243	10029.79	0.0102581817078	9537.598	0.0169607598796	10453.12	0.019822609921
4.092	0.00198182340745	9997.559	0.0198624600179	9452.637	0.0135275909293	10463.38	0.0145431981689
4.093	0.00231917396828	9952.148	0.0101551020248	9537.598	0.0155652054319	10453.12	0.0181130698971
4.094	0.00192480788746	9952.148	0.012198546652	9500.977	0.021639184055	10521.97	0.0115601764876
4.095	0.00199071614454	9997.559	0.0116009512128	9452.637	0.0150106012102	10486.82	0.011608511595
4.096	0.00200458594453	9959.473	0.0083408515114	9525.879	0.0251402769651	10451.66	0.00826112709596
4.097	0.00225891317248	9993.164	0.0124432692672	9481.934	0.00690706956921	10549.8	0.0135468529103
4.098	0.00239343889183	9999.023	0.0149420755821	9451.172	0.0119847696609	10546.88	0.0152663707433
4.099	0.0022216458228	9950.684	0.0105660297021	9483.398	0.0143760900405	10495.61	0.0130751196403
4.1	0.00240741035611	10012.21	0.0118652102532	9476.074	0.012899006166	10519.04	0.0187614293711
4.101	0.00231863112385	9991.699	0.0147478415376	9515.625	0.0179649401412	10485.35	0.0140729656258
4.102	0.00235965246247	10001.95	0.00899758913034	9549.316	0.0103176584214	10548.34	0.0166459214946
4.103	0.0025303361004	9985.84	0.0121268155087	9549.316	0.0182715415096	10466.31	0.0200049423194
4.104	0.00258584664911	10000.49	0.0123470394082	9451.172	0.0186531713504	10520.51	0.0185435930093
4.105	0.00275829125366	9971.191	0.0128736240343	9546.387	0.0122311032496	10454.59	0.0129697427298
4.106	0.0029081849681	10004.88	0.0110751159657	9451.172	0.0138664655005	10549.8	0.0243928135361
4.107	0.00279785642474	10013.67	0.0149790703359	9533.203	0.0119960486366	10508.79	0.014855472438
4.108	0.00321512018681	9956.543	0.010415577958	9520.02	0.0210821154216	10464.84	0.0257101781887
4.109	0.00311927809345	9972.656	0.0151452826054	9468.75	0.0217023727207	10464.84	0.0152724217148
4.11	0.00321866398009	9962.402	0.0113507869576	9486.328	0.0194811136936	10479.49	0.0205951014891
4.111	0.00345888377486	10012.21	0.0202255662896	9520.02	0.0193188804034	10526.37	0.0185902939803
4.112	0.0035130577459	10042.97	0.016605459015	9530.273	0.0191461231956	10530.76	0.023723995742
4.113	0.00392972313497	9982.91	0.0228015980039	9499.512	0.0357091631251	10519.04	0.0312941081963
4.114	0.00433786162695	10048.83	0.0256169473778	9486.328	0.0190744523136	10519.04	0.0360993353215
4.115	0.00448839728115	10016.6	0.0203160384297	9452.637	0.0188395058394	10514.65	0.0200315371601
4.116	0.00452905938811	10048.83	0.0305934383836	9461.426	0.0599036914544	10467.77	0.0259569355617
4.117	0.00452718866253	10041.5	0.0265978685944	9530.273	0.0348036136302	10491.21	0.0313695804535
4.118	0.00571356504581	10044.43	0.0407459408369	9454.102	0.0348508132065	10510.25	0.0235412578391
4.119	0.00607142761344	10031.25	0.0301124135616	9499.512	0.0283260609873	10513.18	0.0374023302847
4.12	0.00534678759008	9982.91	0.0213889867793	9528.809	0.0427991108901	10450.2	0.0383494142718
4.121	0.00549520582096	10004.88	0.0220948403166	9512.695	0.0237896998302	10483.89	0.0293690567191
4.122	0.00668816056521	9999.023	0.0234406627345	9477.539	0.0532916520655	10495.61	0.0585690545208
4.123	0.00726245186725	9982.91	0.0293401235003	9451.172	0.0561609637043	10461.91	0.0458297150943
4.124	0.00689185326207	9999.023	0.0657516444224	9531.738	0.0533115993532	10495.61	0.0407716795392
4.125	0.00797125905542	9968.262	0.0265189656932	9474.609	0.0581322649369	10457.52	0.0666870888702
4.126	0.0074374069804	9997.559	0.0406717892008	9505.371	0.0501902043099	10500.0	0.0683160550779
4.127	0.00918296133784	9988.77	0.0292057890103	9464.355	0.0377928276877	10538.09	0.0371062057056
4.128	0.0104504692898	9999.023	0.106418616587	9468.75	0.0333747621123	10511.72	0.0616075824855
4.129	0.00924311729639	10041.5	0.0291601332068	9530.273	0.0776356395052	10513.18	0.0813410719084
4.13	0.00957371159658	9977.051	0.0499646822602	9490.723	0.0816684941077	10461.91	0.0585443315962
4.131	0.0118358528283	9950.684	0.0536560907717	9534.668	0.0749730062307	10473.63	0.0993804018289
4.132	0.0125542543622	9952.148	0.052892143813	9498.047	0.06602502205	10511.72	0.0913236360392
4.133	0.0127862168707	10031.25	0.0505175632791	9531.738	0.0951957990671	10546.88	0.126858712295
4.134	0.0158831237685	10000.49	0.0645639695978	9481.934	0.102524749822	10543.95	0.189929578972
4.135	0.0171415904533	10013.67	0.0982396660063	9534.668	0.0810327840747	10529.3	0.0710663939861
4.136	0.0178725093982	9966.797	0.0577744027452	9480.469	0.124720493701	10502.93	0.180743412277
4.137	0.0233987781311	10023.93	0.119731969117	9477.539	0.0987036557395	10456.05	0.142360433041
4.138	0.022403087162	10022.46	0.092489900065	9457.031	0.093199125561	10549.8	0.0937655049581
4.139	0.0299643471189	9994.629	0.096609252394	9520.02	0.164601792918	10502.93	0.230566116558
4.14	0.026672796885	10010.74	0.138073877918	9530.273	0.169418515136	10479.49	0.266138048257
4.141	0.0369787313831	9993.164	0.120585661869	9543.457	0.168858070731	10461.91	0.152586822902
4.142	0.0353524971454	10003.42	0.167819093256	9451.172	0.246405278335	10500.0	0.226926562177
4.143	0.0358551324245	9959.473	0.134868297289	9499.512	0.200849003351	10510.25	0.343867325765
4.144	0.03729295236	10021.0	0.17076007196	9495.117	0.228816040092	10479.49	0.297728880018
4.145	0.0449547687624	9955.078	0.366137083179	9487.793	0.242566015625	10486.82	0.320284526577
4.146	0.0527492960734	10010.74	0.270841603104	9543.457	0.433174748876	10463.38	0.337236809636
4.147	0.0603805302983	9978.516	0.256584735904	9451.172	0.243915277459	10523.44	0.470577759473
4.148	0.066398255335	10015.14	0.36026198331	9451.172	0.404880245224	10542.48	0.203002104391
4.149	0.0807693116394	9962.402	0.38538878426	9549.316	0.390777725677	10451.66	0.393851309596
4.15	0.0802451147966	9999.023	0.543253735429	9481.934	0.594182033017	10483.89	0.580957868346
4.151	0.0937844351176	9987.305	0.490181072712	9451.172	0.58154477737	10470.7	0.582779122905
4.152	0.104354673332	9979.98	0.536774378334	9457.031	0.696768016915	10450.2	1.17606096809
4.153	0.12588035073	9962.402	0.470154884709	9536.133	0.712651165575	10482.42	0.67403058124
4.154	0.155768084063	9969.727	0.492474247482	9492.188	1.18735907821	10456.05	1.36438981313
4.155	0.182632927704	10025.39	1.00700253463	9511.23	0.591807478285	10450.2	0.974402373198
4.156	0.214140563412	9999.023	1.70143371541	9509.766	1.19738351915	10500.0	1.30066885745
4.157	0.249325604756	9997.559	2.29126991644	9534.668	1.29170780384	10526.37	1.41309481169
4.158	0.281568175263	10000.49	3.01816353058	9511.23	1.19027648352	10529.3	2.06877142084
4.159	0.328335198676	9999.023	4.52508121909	9528.809	1.15706078573	10529.3	1.40532344019
4.16	0.350167552328	9997.559	1.7804610721	9470.215	1.8690787352	10469.24	3.28783878801
4.161	0.452830871003	9997.559	4.65244131591	9457.031	2.03344823836	10469.24	2.50342800693
4.162	0.493930129776	9999.023	6.27420164224	9471.68	2.2874119404	10507.32	2.53550720443
4.163	0.540119713261	9997.559	3.33406731592	9524.414	2.8250826473	10533.69	4.56142399602
4.164	0.591254419718	9997.559	7.64270920586	9541.992	3.60038579243	10488.28	5.35822236535
4.165	0.791966200023	9999.023	3.53415524247	9480.469	6.0102984286	10478.03	5.15590178545
4.166	0.907431043506	9999.023	13.1555319119	9493.652	6.9658459122	10541.02	6.21390151224
4.167	0.889025024785	10007.81	6.1021457899	9496.582	3.69767629009	10491.21	5.00886383339
4.168	1.14291863246	9999.023	13.8195414353	9502.441	4.68964126022	10508.79	10.05768066
4.169	1.17083304042	9999.023	7.71647381882	9468.75	13.5736860777	10542.48	6.6285978965
4.17	1.10189850805	9997.559	13.9799977429	9537.598	3.95620748794	10519.04	10.4544961295
4.171	1.14551087754	9999.023	14.1997609525	9518.555	6.5547944605	10546.88	8.12891529315
4.172	1.02589503259	9999.023	14.3078113726	9540.527	5.50345983773	10526.37	5.06844464658
4.173	0.784194834568	9997.559	10.3031211631	9464.355	3.33128287612	10508.79	3.01680396719
4.174	0.661116739523	10013.67	3.11824929901	9505.371	6.92235681771	10529.3	6.8725111742
4.175	0.682182676698	9999.023	7.78199481761	9462.891	4.55951570692	10458.98	4.56692630826
4.176	0.545789957699	9997.559	8.11989763175	9474.609	3.06319593792	10508.79	3.38527764323
4.177	0.37173111292	10000.49	3.41324651687	9528.809	3.03717263149	10529.3	1.93099787051
4.178	0.360140402288	10034.18	2.84429103138	9536.133	2.2463205863	10492.68	1.93147839632
4.179	0.349934389309	9997.559	2.18687194858	9517.09	1.55843776244	10535.16	1.86757956335
4.18	0.278479664687	10000.49	1.72414896115	9544.922	1.21155438719	10483.89	1.80773319437
4.181	0.241438110205	9972.656	1.45020710229	9495.117	1.6313982324	10454.59	2.50931611489
4.182	0.25630845415	9966.797	0.883794543496	9498.047	1.65295712302	10472.17	1.83254847181
4.183	0.227672819217	10004.88	0.739512393824	9512.695	0.93091921782	10543.95	1.39140390699
4.184	0.227073566971	10007.81	1.25261880687	9474.609	1.6518431531	10543.95	1.86316726766
4.185	0.224372951979	10018.07	0.923269194597	9459.961	0.849854043825	10495.61	1.09023299559
4.186	0.176449856309	9977.051	1.34895048138	9514.16	1.02018402586	10529.3	1.28972229789
4.187	0.200953247568	10040.04	1.08385561156	9473.145	1.74360988521	10460.45	1.58410001615
4.188	0.151683246035	10045.9	0.653673101457	9457.031	1.29141315181	10495.61	1.01925736629
4.189	0.145525132268	9997.559	0.626678070653	9543.457	1.04368627574	10476.56	0.74447059426
4.19	0.121501678408	9999.023	1.8568111572	9483.398	0.565863864183	10480.96	0.73124659477
4.191	0.107431591151	9952.148	0.50457307541	9509.766	0.615396907876	10469.24	0.656398481677
4.192	0.0865030630354	9997.559	0.525382799771	9486.328	0.648892070114	10483.89	0.474000416403
4.193	0.0652095274101	9979.98	0.483420815024	9546.387	0.308436656066	10494.14	0.444056157529
4.194	0.04048744144	9999.023	0.360708025766	9544.922	0.306946239039	10500.0	0.214223900475
4.195	0.0264380781829	9997.559	0.210612204424	9505.371	0.105688477124	10485.35	0.216846743442
4.196	0.0183675512459	10000.49	0.120565385223	9522.949	0.135832658253	10495.61	0.0900646231524
4.197	0.014309740901	9999.023	0.101979362637	9452.637	0.0916923714476	10549.8	0.0615810515759
4.198	0.0226057476423	9997.559	0.0988144354976	9539.062	0.0734448325582	10533.69	0.100550274846
4.199	0.00134233796207	10018.07	0.00769923073009	9515.625	0.00946625554501	10451.66	0.0133280311211
4.2	0.00126768091855	9979.98	0.0110128690293	9534.668	0.00687417937223	10450.2	0.0100951694068
4.201	0.00130473948109	9990.234	0.00744323557097	9540.527	0.00861825595178	10482.42	0.00793381516478
4.202	0.00121511907895	10001.95	0.00441357009349	9476.074	0.00594395437778	10450.2	0.0204031096557
4.203	0.00108337015175	9952.148	0.00695107752801	9528.809	0.00678202598495	10517.58	0.00812524897036
4.204	0.00116736118499	9950.684	0.00591591421612	9470.215	0.00742252723834	10450.2	0.0174200317122
4.205	0.00114243304815	10016.6	0.00522994576275	9451.172	0.00509234661654	10466.31	0.00912898322219
4.206	0.00129160708559	10029.79	0.00529353084967	9528.809	0.00731574846771	10466.31	0.0105756370257
4.207	0.00120445405537	9950.684	0.00551607619488	9486.328	0.00577224410313	10549.8	0.00403027236109
4.208	0.00119047499183	10022.46	0.00510956333871	9452.637	0.00743986549808	10495.61	0.0124568662041
4.209	0.00113812338314	9988.77	0.00671734976518	9486.328	0.00689781684824	10498.54	0.00894427685813
4.21	0.00122733833543	10034.18	0.00502640636544	9496.582	0.00647915807826	10549.8	0.00410845383679
4.211	0.00121841804369	9953.613	0.00740886775871	9468.75	0.00948388577022	10488.28	0.00910896516527
4.212	0.00121113617615	10048.83	0.00905524900786	9457.031	0.00604820407973	10478.03	0.00966286970181
4.213	0.00124218250138	9959.473	0.00847388540426	9454.102	0.00532717041819	10538.09	0.00631633759018
4.214	0.0012760101015	10047.36	0.00712512091471	9521.484	0.00797059036024	10510.25	0.0125221440813
4.215	0.00119460994171	10045.9	0.00901459261558	9483.398	0.00666599654632	10485.35	0.00511187952803
4.216	0.00124906416571	10047.36	0.00542241057043	9493.652	0.0103802069635	10524.9	0.00800819364497
4.217	0.00118440537386	10022.46	0.00639375467558	9471.68	0.0133081952624	10523.44	0.00993223589414
4.218	0.0012913695562	10048.83	0.00588867902398	9451.172	0.00621726068147	10510.25	0.010123496861
4.219	0.00120383798108	10018.07	0.00696833891414	9543.457	0.00911115392871	10479.49	0.00766793769146
4.22	0.0012075272883	9999.023	0.00529837322696	9483.398	0.00721376711418	10546.88	0.00886928020975
4.221	0.00112039811946	10048.83	0.00874228309236	9468.75	0.00711408624437	10510.25	0.00892528160955
4.222	0.00128360865037	10047.36	0.00735487902527	9461.426	0.00869926556807	10546.88	0.0100977259816
4.223	0.00117627601297	10048.83	0.00884229496015	9517.09	0.0104738042801	10453.12	0.00496729094882
4.224	0.00121001876154	10048.83	0.00583995435463	9500.977	0.00631668180145	10504.39	0.0109485466306
4.225	0.00115811289851	10048.83	0.0134185272573	9473.145	0.00473781672055	10508.79	0.00621498834222
4.226	0.00133432579059	10048.83	0.0128228456275	9467.285	0.0106743028175	10454.59	0.00654756501855
4.227	0.00132912201721	10000.49	0.00590426383186	9471.68	0.00695081614751	10538.09	0.00935835062267
4.228	0.0012535187694	10048.83	0.00577865557156	9477.539	0.010648771466	10521.97	0.00758134099971
4.229	0.00118340257921	10048.83	0.0111587345713	9539.062	0.00878620331776	10475.1	0.00734325769955
4.23	0.00110621168195	10048.83	0.0108094842436	9549.316	0.00688260163088	10491.21	0.00745930768792
4.231	0.00116937144832	10022.46	0.00540964732764	9487.793	0.00693849773738	10476.56	0.00719585942476
4.232	0.00142452061439	9988.77	0.0065259778688	9547.852	0.00875372438507	10466.31	0.00711440044583
4.233	0.00127348547603	10047.36	0.00501934571669	9499.512	0.00950159932479	10454.59	0.00578394228336
4.234	0.00134527061379	10047.36	0.00903715837915	9461.426	0.00813271364576	10530.76	0.0113382444344
4.235	0.00123391930421	9988.77	0.00564841176556	9530.273	0.00560940232478	10480.96	0.00598331371851
4.236	0.00117910000076	10047.36	0.0119425317653	9464.355	0.00625132045874	10510.25	0.00609105579952
4.237	0.00106463393496	10047.36	0.0085666476379	9546.387	0.00868130142333	10507.32	0.0094634187142
4.238	0.0011075888766	9994.629	0.00521258680384	9518.555	0.00778970842603	10453.12	0.00654867232061
4.239	0.00111537408952	9960.938	0.00574502396968	9514.16	0.00663865942022	10480.96	0.00466622612794
4.24	0.00117235615955	10047.36	0.00877850529257	9547.852	0.00749395873014	10460.45	0.00601054276904
4.241	0.00121287250495	10047.36	0.0224579584839	9541.992	0.00938271051172	10480.96	0.00831376262955
4.242	0.00124056231278	10048.83	0.00622784275444	9549.316	0.00495745790771	10498.54	0.00803592558149
4.243	0.00119427733782	9999.023	0.0060419932929	9486.328	0.00924912226889	10514.65	0.00633305214314
4.244	0.00128611413286	9972.656	0.0036876433728	9506.836	0.00663262826484	10463.38	0.00543631091452
4.245	0.00125147750269	9950.684	0.00692004089887	9514.16	0.0080750038965	10472.17	0.0125560425405
4.246	0.00137591527846	9955.078	0.00450902542922	9483.398	0.00684002501211	10501.46	0.00637079308806
4.247	0.00113827960382	9969.727	0.00488423956226	9506.836	0.0068790313084	10488.28	0.00885231591919
4.248	0.00136054627602	9952.148	0.00875806791613	9521.484	0.00745848738433	10475.1	0.00874494059928
4.249	0.00119144800463	10041.5	0.00555826135192	9487.793	0.00868761413257	10450.2	0.0201784031784
4.25	0.00117701595545	9996.094	0.00543830724275	9500.977	0.00522315064369	10450.2	0.0221008930313
4.251	0.0010719940288	9950.684	0.00650361187932	9471.68	0.00465979898996	10488.28	0.00969943675081
4.252	0.00107643431393	9955.078	0.00722972469159	9452.637	0.00996936520603	10548.34	0.00591111615461
4.253	0.00106353303626	9972.656	0.00433456816979	9541.992	0.0113553511741	10451.66	0.0125994622568
4.254	0.00133715774758	9953.613	0.00781699195719	9451.172	0.00853819647336	10451.66	0.0165861228008
4.255	0.00117921294957	9971.191	0.00624792213453	9520.02	0.0098903656723	10457.52	0.0132757011549
4.256	0.00126395924508	9952.148	0.00637081434924	9492.188	0.00674979046127	10451.66	0.0131583111328
4.257	0.00120383139589	9979.98	0.00552382750298	9525.879	0.0109266168747	10466.31	0.00733598759798
4.258	0.00118928406204	9959.473	0.0078628862025	9451.172	0.0115139234162	10458.98	0.00836225522842
4.259	0.00120620188191	9952.148	0.0113867231643	9520.02	0.00781049463293	10451.66	0.0148876363676
4.26	0.0012135848936	10019.53	0.0075682517858	9451.172	0.00866325921076	10451.66	0.0154471458387
4.261	0.00124582134848	10031.25	0.0053139653273	9451.172	0.0125119058187	10520.51	0.00779105925997
4.262	0.00127085831116	10021.0	0.00674545740937	9528.809	0.00685060413743	10510.25	0.00858165054325
4.263	0.00132674941059	10032.71	0.0040340333621	9454.102	0.00883468474267	10460.45	0.0058075009256
4.264	0.00117026048129	10019.53	0.00440681055556	9549.316	0.00446564550816	10450.2	0.00932995532129
4.265	0.00116744396486	10019.53	0.00435003169121	9451.172	0.00697500088011	10549.8	0.00767347777672
4.266	0.00112756354977	9953.613	0.00465767422942	9524.414	0.00818892921337	10450.2	0.0174008088407
4.267	0.00110253625707	9985.84	0.00793365390836	9509.766	0.00723205311742	10513.18	0.00737676671879
4.268	0.00128420965816	9965.332	0.00445057038575	9492.188	0.00644919015761	10549.8	0.00340754581019
4.269	0.00106053949037	10045.9	0.0042844660359	9506.836	0.00688535138612	10549.8	0.00739483801011
4.27	0.00122431528904	9978.516	0.00326031529882	9525.879	0.0104945196085	10450.2	0.0107143090113
4.271	0.00123158480578	10047.36	0.00500220109865	9451.172	0.0105509799836	10450.2	0.0139250664905
4.272	0.00127627589107	9952.148	0.00681383940259	9531.738	0.0126677753953	10451.66	0.0210624587097
4.273	0.00123292336546	9965.332	0.00782086060043	9455.566	0.00596452781292	10451.66	0.0191028977998
4.274	0.00125638187058	9981.445	0.00397839326208	9451.172	0.0128773980155	10451.66	0.0306901131837
4.275	0.00120726974001	10035.64	0.00551612579854	9462.891	0.00761448715856	10451.66	0.012308955627
4.276	0.00130387127597	10045.9	0.00772263557929	9459.961	0.00823627978331	10451.66	0.0123385717997
4.277	0.00123525843325	10006.35	0.00437335580228	9452.637	0.00738813514913	10453.12	0.012915706563
4.278	0.00138561935357	9997.559	0.00423602068547	9452.637	0.00641915312589	10453.12	0.0128515549389
4.279	0.00121229700089	9975.586	0.00453807580058	9506.836	0.00764215474152	10495.61	0.0100206973651
4.28	0.00132429221888	9999.023	0.00487880120376	9454.102	0.00888275983097	10475.1	0.00935288976283
4.281	0.0014409091097	9993.164	0.00674715997205	9454.102	0.0183688197981	10454.59	0.0106527407328
4.282	0.0012905959898	10041.5	0.00457101033845	9454.102	0.00851933871686	10454.59	0.0143556177333
4.283	0.00126050583126	9975.586	0.00437968138837	9454.102	0.0150833356666	10454.59	0.0074457390052
4.284	0.00122912180355	10047.36	0.00842887872417	9451.172	0.00995486635991	10450.2	0.00602063213793
4.285	0.00129640506327	10004.88	0.00505501497874	9490.723	0.00833168337145	10454.59	0.0169928147624
4.286	0.00130172136357	9955.078	0.0105035991906	9454.102	0.00958484076598	10454.59	0.0115795738398
4.287	0.00129237522935	10047.36	0.006699465574	9452.637	0.0120434261229	10454.59	0.00949949809073
4.288	0.00112472410368	10006.35	0.00543487058955	9537.598	0.00653242178977	10467.77	0.00771512182502
4.289	0.00112685205012	10031.25	0.00856516901614	9452.637	0.00978184707734	10453.12	0.0157393758648
4.29	0.00118229155834	9950.684	0.00707342203149	9480.469	0.007554114415	10514.65	0.00738767035777
4.291	0.00128795061328	9993.164	0.00392516318078	9502.441	0.00908724307574	10451.66	0.010203568105
4.292	0.00132819936137	10015.14	0.00534352271314	9541.992	0.0131522585994	10541.02	0.00537614670444
4.293	0.00141245130091	9952.148	0.00583504247819	9531.738	0.00799211360219	10451.66	0.0176173566476
4.294	0.00123914813607	10023.93	0.0061455539967	9546.387	0.00471832722501	10454.59	0.00643535414249
4.295	0.00124301640422	10048.83	0.00413228091939	9515.625	0.0099172952279	10545.41	0.00798292800717
4.296	0.00112889034299	10000.49	0.00975624602186	9518.555	0.00550037526915	10501.46	0.00725609160144
4.297	0.00116257091052	9960.938	0.00506975877802	9452.637	0.0129300822723	10453.12	0.0188278614351
4.298	0.00107124239168	10012.21	0.00693094919626	9477.539	0.00624581057304	10453.12	0.0169797198264
4.299	0.00125115108467	9963.867	0.00803459519056	9503.906	0.0065893463397	10516.11	0.00940150358126
4.3	0.00128836216293	9953.613	0.0106166732018	9471.68	0.00570948363058	10491.21	0.00799190698184
4.301	0.00120005935809	9953.613	0.0100912456853	9547.852	0.00626438871021	10519.04	0.00629634412023
4.302	0.00138109037084	9994.629	0.00426005705404	9520.02	0.00981961122615	10476.56	0.00532237521164
4.303	0.00122389148764	9952.148	0.00566246905394	9452.637	0.0166645463927	10453.12	0.0171974515328
4.304	0.00109639515205	10019.53	0.00951744708234	9452.637	0.0109445552349	10453.12	0.0217206321187
4.305	0.00132067362024	9950.684	0.00541254156116	9546.387	0.00967856823451	10453.12	0.0161025437048
4.306	0.00124093871637	9953.613	0.0135140282144	9459.961	0.00719402712868	10453.12	0.00809834817629
4.307	0.00127104636009	9952.148	0.00631094291568	9499.512	0.0120135234593	10513.18	0.0101596720639
4.308	0.0011583108604	10032.71	0.00437456625223	9536.133	0.00649319970274	10453.12	0.00783482873452
4.309	0.00118602431913	9977.051	0.00609379630126	9502.441	0.006126176185	10453.12	0.00921753046401
4.31	0.00117126405464	9978.516	0.00409144854617	9502.441	0.00713365752171	10453.12	0.0143442214113
4.311	0.00135677710506	10012.21	0.00688101510618	9452.637	0.0126472114211	10451.66	0.0110929474986
4.312	0.00117981473273	9952.148	0.00995175961559	9479.004	0.00968916800551	10451.66	0.0107287284869
4.313	0.00118442531026	9972.656	0.0088042751558	9511.23	0.00749002903537	10500.0	0.00802463841916
4.314	0.00126364473325	9950.684	0.00489534468832	9533.203	0.00955104950076	10451.66	0.00995981165873
4.315	0.00115796352051	10026.86	0.00429916243953	9471.68	0.00666831252715	10451.66	0.013676873674
4.316	0.00124180326793	9950.684	0.00923257821611	9481.934	0.00761397119588	10451.66	0.00957157919063
4.317	0.00135676091766	9953.613	0.00533609149316	9464.355	0.00894072442947	10453.12	0.00739773185282
4.318	0.00129334382101	9993.164	0.00501584931285	9486.328	0.00839336818519	10530.76	0.0074165298893
4.319	0.00107185077355	9952.148	0.0126009093368	9452.637	0.00700644120734	10451.66	0.00794150644804
4.32	0.00134340763715	9952.148	0.0172687462231	9471.68	0.00617540853556	10451.66	0.0170447711434
4.321	0.00116048192623	9978.516	0.00678855384657	9452.637	0.00765109023406	10453.12	0.0133551735904
4.322	0.00139418133635	9952.148	0.00855490505146	9511.23	0.00670562622842	10451.66	0.00957908939287
4.323	0.00124748355276	9952.148	0.00976733866204	9522.949	0.00801467506056	10451.66	0.0139641539747
4.324	0.00130453861811	9952.148	0.0155878260853	9511.23	0.0123292690115	10451.66	0.0229175925119
4.325	0.00128237285254	9950.684	0.00930793532776	9451.172	0.0095017954223	10451.66	0.017797634344
4.326	0.00126867141191	10032.71	0.00622338329788	9451.172	0.00658370606651	10482.42	0.00516291155025
4.327	0.00126227415643	9952.148	0.0120780350202	9528.809	0.0070565245744	10516.11	0.00822233951041
4.328	0.00121040132721	10022.46	0.00463807901189	9451.172	0.00992793085926	10451.66	0.0113589531509
4.329	0.00104050273887	9952.148	0.0129369902227	9451.172	0.0115444538669	10451.66	0.00746259495723
4.33	0.00139778019726	9950.684	0.00664351672403	9549.316	0.00690719015161	10527.83	0.00601309599205
4.331	0.00118574854506	9974.121	0.00536764092449	9470.215	0.00672427596012	10500.0	0.00757096316417
4.332	0.00116824928256	9965.332	0.00539313676218	9549.316	0.00721214070548	10542.48	0.0106010907386
4.333	0.00113606854722	10048.83	0.00434224670897	9484.863	0.00790530043282	10505.86	0.00620718708429
4.334	0.00115736184311	10029.79	0.00689875765068	9524.414	0.00645832648382	10543.95	0.00995563159122
4.335	0.00111451033421	10029.79	0.00671496029406	9506.836	0.0116723258204	10510.25	0.00630940871486
4.336	0.0012061144667	10048.83	0.0083340381627	9521.484	0.00870815801042	10543.95	0.0071078460269
4.337	0.00119580276229	10048.83	0.015294403993	9471.68	0.0120041352403	10548.34	0.00821274137454
4.338	0.00131548529719	10045.9	0.0074741434858	9520.02	0.00693074594113	10504.39	0.00829008992093
4.339	0.00137808304331	10013.67	0.00516200669161	9505.371	0.00753484455592	10507.32	0.00723493839511
4.34	0.00134582881677	9987.305	0.00507254636795	9465.82	0.0124496417166	10501.46	0.00531696735482
4.341	0.00131512115497	9950.684	0.00717576078149	9537.598	0.00763907359857	10450.2	0.00773667015901
4.342	0.00116622574723	10031.25	0.00286783305542	9500.977	0.00797356507917	10548.34	0.00729680695481
4.343	0.00124024917571	10037.11	0.00614985707037	9525.879	0.00680135137694	10451.66	0.015106520879
4.344	0.00132272267661	9950.684	0.0150053096317	9509.766	0.00787123056917	10475.1	0.00588217305742
4.345	0.00114386202585	10001.95	0.00597914317621	9451.172	0.0199145737497	10451.66	0.0152582117226
4.346	0.00121168612402	9950.684	0.00729174932094	9500.977	0.0100748304668	10451.66	0.020882100014
4.347	0.00124094754814	9950.684	0.0165315573702	9498.047	0.0093566402328	10451.66	0.0205902955581
4.348	0.00121842309742	9955.078	0.00586151689833	9495.117	0.0100250745114	10451.66	0.0196663535625
4.349	0.00111444320754	9952.148	0.0130600155072	9462.891	0.00780580322934	10451.66	0.0133421071436
4.35	0.00108271949578	9952.148	0.0132897550929	9500.977	0.00546506260064	10453.12	0.0132793833292
4.351	0.0013050049257	9952.148	0.0123644201542	9451.172	0.00570585651101	10508.79	0.00756893969049
4.352	0.00126380461268	9953.613	0.00628594625158	9452.637	0.00988010013952	10453.12	0.0151322233631
4.353	0.00147991746898	9996.094	0.00448313263031	9455.566	0.00714582111884	10453.12	0.00894432805305
4.354	0.00114422004322	9952.148	0.015866557418	9452.637	0.0126977557319	10453.12	0.0106541875953
4.355	0.00127129502341	10003.42	0.00495793854767	9531.738	0.00678820465147	10524.9	0.00798982939117
4.356	0.00132552810004	9966.797	0.00724167603381	9496.582	0.00503105744564	10513.18	0.00984154070581
4.357	0.00118475906812	9994.629	0.00581420624545	9537.598	0.0153739021759	10476.56	0.00583480870428
4.358	0.00121010231019	9953.613	0.0079189929332	9477.539	0.00660567646008	10494.14	0.0126231392537
4.359	0.00103427535169	9984.375	0.00576836679211	9534.668	0.00992085345039	10453.12	0.0209714474681
4.36	0.00118410622354	9953.613	0.00769360320275	9515.625	0.00595769054165	10453.12	0.00836710256954
4.361	0.00135543691412	9956.543	0.00766272139119	9527.344	0.0072629809734	10543.95	0.00711764938005
4.362	0.00124038355324	9969.727	0.00876540281028	9465.82	0.0088052291623	10453.12	0.00991630096274
4.363	0.00126635819483	9999.023	0.00666283683233	9486.328	0.00951175305444	10451.66	0.00717446527994
4.364	0.00117300703755	9952.148	0.0153454581161	9452.637	0.0242508277153	10538.09	0.00689107919499
4.365	0.00121463078225	9975.586	0.00410124286763	9546.387	0.00960500725115	10451.66	0.0069848527512
4.366	0.00114404510396	9955.078	0.00428418152247	9477.539	0.00793114436606	10539.55	0.00837944634046
4.367	0.00119662527606	10006.35	0.00746392473869	9525.879	0.00858689590411	10521.97	0.00929479281011
4.368	0.00116659654611	9953.613	0.00503719532062	9503.906	0.0153256214158	10456.05	0.00727431206226
4.369	0.00117425534454	9999.023	0.00480605488418	9454.102	0.00823901366063	10483.89	0.0061815040461
4.37	0.00129596719833	9994.629	0.00596648643577	9514.16	0.00634369870551	10514.65	0.008549745336
4.371	0.00117424568966	9950.684	0.00568902311082	9451.172	0.00828411873382	10456.05	0.0141526430905
4.372	0.00122490834578	9955.078	0.00588643666217	9461.426	0.00498086233961	10456.05	0.015000112299
4.373	0.00103246616109	9955.078	0.0161835624852	9468.75	0.00538877450159	10451.66	0.00740813049101
4.374	0.00126084040216	9955.078	0.010374033731	9543.457	0.00732154481862	10454.59	0.00964547880707
4.375	0.00120302450224	9953.613	0.00581748406393	9452.637	0.00866186507014	10521.97	0.0115421891714
4.376	0.0012751963519	10013.67	0.00444496141355	9483.398	0.00800966051006	10457.52	0.00787513349378
4.377	0.00122698420607	9953.613	0.0155064718979	9454.102	0.00544187123693	10526.37	0.0102956650574
4.378	0.00111893041308	9953.613	0.00889047386105	9454.102	0.00696218345642	10451.66	0.0133908554541
4.379	0.00116507748394	9960.938	0.00453281455532	9517.09	0.00591001915846	10453.12	0.00528269432692
4.38	0.00142932124432	9990.234	0.00534973312343	9452.637	0.01205762929	10520.51	0.00774508939863
4.381	0.00142613549638	9952.148	0.00918395979974	9455.566	0.00938404178115	10453.12	0.00960302148137
4.382	0.00135145080375	10021.0	0.00487972515943	9452.637	0.00789937029847	10451.66	0.00837359799788
4.383	0.00132914039696	9952.148	0.0103166475287	9452.637	0.00870779481993	10498.54	0.0101388346621
4.384	0.00133120222142	9952.148	0.0110586783162	9452.637	0.0128467071357	10475.1	0.00611371603892
4.385	0.00119034015055	9956.543	0.00489388128968	9451.172	0.00809181128034	10517.58	0.00842370074426
4.386	0.00157026871081	9990.234	0.00384167295857	9451.172	0.0196981051242	10451.66	0.0145625248223
4.387	0.00134087017356	10007.81	0.00439108788631	9549.316	0.00627150634548	10450.2	0.0179462811908
4.388	0.00126581892461	9950.684	0.00859986913726	9514.16	0.0152907551763	10450.2	0.0151528373267
4.389	0.00110921686847	9950.684	0.00661916520114	9451.172	0.0143923333651	10453.12	0.00403411825876
4.39	0.00129296073021	10000.49	0.00848660154831	9457.031	0.00885550887002	10450.2	0.0121777509526
4.391	0.00128868066947	9960.938	0.00432625784861	9509.766	0.00612231459658	10535.16	0.0104506699875
4.392	0.00138275934636	10021.0	0.00570422819885	9468.75	0.00691661654543	10488.28	0.00653867956584
4.393	0.00119415146215	10007.81	0.00778413839242	9452.637	0.00651461304357	10451.66	0.0209930611212
4.394	0.00115724706553	9952.148	0.00816347630623	9465.82	0.00433690706742	10451.66	0.0153463652627
4.395	0.00146082951513	9952.148	0.00340385837152	9489.258	0.0118078946608	10451.66	0.0157241627713
4.396	0.00126448217757	10023.93	0.00512437343834	9502.441	0.00754720462378	10475.1	0.00440944750382
4.397	0.00116665046706	9979.98	0.00814100297244	9547.852	0.00577525038413	10453.12	0.0105026058907
4.398	0.00119273050091	9952.148	0.00609731977662	9452.637	0.0122279996964	10458.98	0.00624298156122
4.399	0.00117625537929	10032.71	0.00647787955284	9451.172	0.00846483403929	10519.04	0.00819544309688
4.4	0.00115992909425	10042.97	0.00531353921536	9515.625	0.00614901154731	10549.8	0.00505370573307
4.401	0.00122481452271	10044.43	0.00571175706272	9451.172	0.00608127225451	10451.66	0.0110604509281
4.402	0.00138912604464	10037.11	0.00597619898095	9451.172	0.0103543110743	10451.66	0.0146848248019
4.403	0.00106710115827	10022.46	0.00490385050335	9451.172	0.010568879653	10451.66	0.0085763020119
4.404	0.00115647666232	10035.64	0.00627487142469	9547.852	0.0071920097423	10451.66	0.0196994268408
4.405	0.00126820359589	10022.46	0.00448327974338	9486.328	0.00515449078304	10451.66	0.0187331168754
4.406	0.00118551244413	10010.74	0.0058472039734	9451.172	0.0159523440926	10451.66	0.00768529746477
4.407	0.00111980710743	9982.91	0.00511877996655	9490.723	0.00621611134502	10451.66	0.0132198033494
4.408	0.00114766380848	9952.148	0.0103677673663	9452.637	0.0166839760346	10549.8	0.00775410573036
4.409	0.00111730291815	10038.57	0.00469900564177	9451.172	0.0193117248726	10535.16	0.00684220191767
4.41	0.00129983330084	10047.36	0.00432799794412	9458.496	0.00881834096675	10450.2	0.00912874502431
4.411	0.00112355387538	9953.613	0.00644771454599	9549.316	0.00555620541299	10451.66	0.0150909637705
4.412	0.00120702898582	10037.11	0.00375628782661	9498.047	0.00757543112836	10450.2	0.0106617605065
4.413	0.00111118572671	10048.83	0.00479013524665	9512.695	0.00942898990972	10549.8	0.00517054423659
4.414	0.00125927420556	10028.32	0.00459618252305	9522.949	0.00650252248724	10450.2	0.00883327457132
4.415	0.00116620451718	9959.473	0.00466304620286	9518.555	0.00845514509804	10524.9	0.00626551420376
4.416	0.00107462245294	9958.008	0.00475902378558	9455.566	0.0110616680646	10453.12	0.00675076160235
4.417	0.00124345922209	9950.684	0.00677913252016	9451.172	0.0107129145946	10486.82	0.00487528377394
4.418	0.00126212725786	9993.164	0.0068435540405	9451.172	0.00772905070549	10451.66	0.0127631385142
4.419	0.00125738051467	10040.04	0.00497957138355	9521.484	0.0110261377859	10451.66	0.0179181943298
4.42	0.00127790963184	10037.11	0.00773920699029	9451.172	0.00704597905874	10527.83	0.00706136953491
4.421	0.0012525304748	9988.77	0.00426021154802	9480.469	0.00781442482682	10523.44	0.00692652425033
4.422	0.00119828610666	9966.797	0.00577538880447	9452.637	0.0113731600213	10469.24	0.00877810133061
4.423	0.00115333528819	9965.332	0.00433930980626	9452.637	0.0105949872833	10479.49	0.00910689274985
4.424	0.00112975083187	9971.191	0.00337920204281	9458.496	0.00542497016935	10451.66	0.0106925505404
4.425	0.00106413860963	9952.148	0.00693820703772	9455.566	0.00648137452108	10486.82	0.00821327784061
4.426	0.00133683700322	9990.234	0.00491755119784	9533.203	0.00698224528605	10497.07	0.0110152733081
4.427	0.00140452746521	9974.121	0.00868060005186	9452.637	0.00876463820296	10480.96	0.00923825245617
4.428	0.00132107217054	9953.613	0.00617614935454	9454.102	0.0112783483792	10543.95	0.00896559341312
4.429	0.00131277824493	10019.53	0.00570109615152	9455.566	0.00900982934354	10453.12	0.00711976030403
4.43	0.00144315387214	9999.023	0.00564147763118	9499.512	0.00792910079645	10460.45	0.00754788444776
4.431	0.00126864537353	9997.559	0.00427681186396	9496.582	0.00692617089609	10478.03	0.00769950024487
4.432	0.00104210965656	9953.613	0.00832241330472	9454.102	0.0104759635081	10454.59	0.00977910565721
4.433	0.00131441427665	9963.867	0.00684165099543	9452.637	0.0133282262639	10532.23	0.0052773031205
4.434	0.00117598080117	9968.262	0.00686337888601	9527.344	0.00590952531166	10461.91	0.00725797538403
4.435	0.00128668756293	9953.613	0.00543381925387	9452.637	0.0216978026417	10453.12	0.0339345029066
4.436	0.00137134200095	10015.14	0.00938508226421	9452.637	0.0123714812884	10453.12	0.00580068932813
4.437	0.00124197379026	10004.88	0.00689711886746	9525.879	0.00729508208416	10453.12	0.0111717648588
4.438	0.00116859696288	10003.42	0.00551884772506	9452.637	0.00943809502316	10451.66	0.0130621211404
4.439	0.00131432341833	9963.867	0.00407559298926	9518.555	0.00944018744777	10454.59	0.0121826713002
4.44	0.00116133791101	10013.67	0.00835821393457	9536.133	0.00678444365293	10516.11	0.0060563623426
4.441	0.00129697916689	10034.18	0.00647492467459	9454.102	0.00793961695456	10454.59	0.0207123259746
4.442	0.00127402975022	9953.613	0.0062617989727	9454.102	0.0205387458238	10453.12	0.0142844599777
4.443	0.00117433858815	10013.67	0.00605239501252	9503.906	0.00824274737105	10453.12	0.0109905099413
4.444	0.0012192098735	9990.234	0.007209498547	9506.836	0.00758962784651	10524.9	0.00551899677371
4.445	0.00131714180014	9952.148	0.00868065873145	9457.031	0.00593830723131	10453.12	0.0108813248745
4.446	0.0011424806932	9969.727	0.00406612336903	9452.637	0.0154961198553	10453.12	0.0170371948231
4.447	0.0013558204288	10048.83	0.0114160203596	9452.637	0.00735203275791	10517.58	0.00725091245651
4.448	0.00127983322709	10018.07	0.00640328424269	9452.637	0.00808670234601	10453.12	0.00584611554303
4.449	0.00115709414405	9952.148	0.0101997111486	9452.637	0.00993247111439	10453.12	0.0169118201996
4.45	0.00115828519616	9958.008	0.00442158782072	9452.637	0.00643697663747	10482.42	0.00978857753967
4.451	0.0011664959701	10026.86	0.00542283750075	9515.625	0.00617494332661	10454.59	0.00823107195333
4.452	0.00120562757221	9962.402	0.00945455694164	9487.793	0.00668164667415	10461.91	0.00889267775262
4.453	0.00125831311606	9952.148	0.00660809230138	9452.637	0.00905120204396	10453.12	0.0123287461831
4.454	0.00136213350558	10021.0	0.0074002837054	9452.637	0.00959407612601	10458.98	0.00929771087546
4.455	0.00116644043737	9953.613	0.0074636207447	9452.637	0.00607131019025	10504.39	0.0103653687415
4.456	0.00131221904605	9988.77	0.00506309212949	9493.652	0.0085100570182	10476.56	0.00629760015281
4.457	0.00122105402254	10026.86	0.00508394532784	9459.961	0.0083010405187	10478.03	0.00740806076425
4.458	0.00135525179936	10001.95	0.00544628263683	9467.285	0.0121744984036	10491.21	0.00609869122172
4.459	0.00167705086557	10038.57	0.00781577127158	9503.906	0.00966135405387	10456.05	0.0116896109057
4.46	0.00172746066197	9956.543	0.0126894264699	9486.328	0.0109282650224	10494.14	0.0111409119974
4.461	0.00151113283378	10021.0	0.00749034180561	9514.16	0.00721838632781	10533.69	0.00936681491789
4.462	0.00147446587164	10021.0	0.00551017802901	9487.793	0.0112508510546	10495.61	0.0123057893412
4.463	0.00143509807514	10044.43	0.00730197067223	9534.668	0.00938416021214	10457.52	0.0117805648993
4.464	0.00138626822596	9956.543	0.00974622888493	9484.863	0.00784177805902	10450.2	0.0108286140279
4.465	0.00164158493996	9958.008	0.00455299025248	9481.934	0.0104862942825	10533.69	0.00808075424898
4.466	0.00145250698164	9956.543	0.00864366422069	9455.566	0.0103734015521	10476.56	0.00779759494496
4.467	0.00167804517764	10012.21	0.0113469691243	9455.566	0.0190615108686	10460.45	0.0069617018668
4.468	0.00150225283451	9981.445	0.00487969119261	9496.582	0.0121680598928	10454.59	0.0106169803652
4.469	0.00148369865644	10013.67	0.00683752688623	9454.102	0.0106374611855	10454.59	0.00922174344774
4.47	0.00176767005539	9955.078	0.00629529290188	9525.879	0.011575521153	10454.59	0.0180159432419
4.471	0.00230255406775	10012.21	0.0120676131322	9454.102	0.0211534152374	10451.66	0.0231199445692
4.472	0.0104439803761	9999.023	0.0609496061154	9474.609	0.0763211690068	10535.16	0.0648921088293
4.473	2.55681306052	9955.078	15.3374039318	9459.961	13.4833691647	10533.69	9.32248470573
4.474	0.216763917871	10000.49	1.34707120513	9536.133	1.10688145852	10480.96	1.7666359661
4.475	0.0814298478951	9999.023	0.598861369016	9537.598	0.690369078498	10457.52	0.405621009741
4.476	0.0418844893277	10000.49	0.198995194921	9461.426	0.295083205107	10530.76	0.372295321034
4.477	0.0235339856042	10022.46	0.0890795755121	9517.09	0.154764503851	10508.79	0.145645971563
4.478	0.0197156545792	9999.023	0.0919380410008	9467.285	0.121175520071	10497.07	0.0955158102317
4.479	0.0142182771857	9982.91	0.0542778557336	9496.582	0.0535782529743	10527.83	0.0732550358079
4.48	0.00885481213363	10000.49	0.0496167199826	9467.285	0.0448682728093	10536.62	0.114330037975
4.481	0.00697670680822	9999.023	0.0246935584729	9500.977	0.0348344305934	10456.05	0.0499265041441
4.482	0.00539961205354	10022.46	0.0306453514043	9512.695	0.0265651182625	10482.42	0.0251246660169
4.483	0.00441906101804	10041.5	0.0262778816215	9500.977	0.0191506495866	10489.75	0.0362875249976
4.484	0.0037851319905	10037.11	0.0108964409273	9500.977	0.0328114639205	10504.39	0.0378328089812
4.485	0.00316725444808	10019.53	0.0152361861219	9539.062	0.0301722897583	10457.52	0.0311298319046
4.486	0.00347577107428	9979.98	0.0198932839616	9495.117	0.0205560711922	10463.38	0.0144951457547
4.487	0.00296202590355	9984.375	0.0156715130649	9531.738	0.0151267207097	10460.45	0.0139851101433
4.488	0.00300924088584	9960.938	0.0171314001689	9517.09	0.0123710310961	10460.45	0.0165746071673
4.489	0.00262155082764	10045.9	0.014724104252	9455.566	0.0175516879231	10504.39	0.0130897929158
4.49	0.00240198197122	9988.77	0.0079203462059	9528.809	0.0116595297776	10464.84	0.015565513532
4.491	0.00234390760289	9999.023	0.0237059981694	9489.258	0.0181713086027	10450.2	0.0111700531224
4.492	0.00227718823924	9997.559	0.0208676820525	9500.977	0.00936724646459	10519.04	0.0114624035428
4.493	0.00231448486774	9999.023	0.0106436820867	9452.637	0.0137375114683	10485.35	0.0182026842872
4.494	0.00217321056062	9999.023	0.00908780924799	9481.934	0.00885103714608	10526.37	0.0234875124609
4.495	0.00224843308074	9997.559	0.0163369140913	9484.863	0.0139142549173	10482.42	0.0153522910234
4.496	0.0019492072389	9999.023	0.013957207318	9521.484	0.0135494077396	10480.96	0.0114377434615
4.497	0.00223342048667	10001.95	0.00840616799938	9452.637	0.015926946772	10543.95	0.0105495688482
4.498	0.0020352088065	9997.559	0.00867087760964	9498.047	0.0134479532253	10516.11	0.0186032465271
4.499	0.00195222861536	10000.49	0.0155668626705	9457.031	0.0100735746577	10510.25	0.0100413401197
4.5	0.00195389693045	9981.445	0.0105865465426	9549.316	0.00788373290266	10488.28	0.00820727109002
4.501	0.00177525046278	9991.699	0.00901184951267	9530.273	0.00931674429003	10454.59	0.0160762687355
4.502	0.00200120140729	9958.008	0.00802845863525	9524.414	0.00912084320937	10479.49	0.00820410054862
4.503	0.00188301799938	10018.07	0.0109025420679	9486.328	0.0147524297103	10510.25	0.00985496328825
4.504	0.00206020180033	9963.867	0.00915983099786	9549.316	0.00807336556321	10451.66	0.013944101747
4.505	0.00199777884941	10029.79	0.00521547907781	9527.344	0.0102186611649	10472.17	0.0147669847861
4.506	0.00176710820302	10035.64	0.00800835510093	9454.102	0.0171825831768	10538.09	0.0116783563774
4.507	0.00182494687153	10004.88	0.00718393638549	9499.512	0.00838976269122	10463.38	0.0136112668985
4.508	0.00175205492036	10047.36	0.00891596994141	9490.723	0.0165798426138	10508.79	0.00797749356401
4.509	0.00156143115134	10044.43	0.00708569997508	9464.355	0.0136586845533	10492.68	0.0100335482741
4.51	0.00172906573995	10044.43	0.00615990936143	9452.637	0.0100789354253	10469.24	0.00845757023092
4.511	0.00138344734108	10042.97	0.00697063885544	9536.133	0.00875368644683	10527.83	0.0137165849147
4.512	0.001539251694	9971.191	0.00941733546483	9480.469	0.00887735685657	10453.12	0.0135765771981
4.513	0.00151531032274	10012.21	0.00728366408167	9546.387	0.0076375719381	10453.12	0.0191215200686
4.514	0.00127357908974	9966.797	0.00512391201395	9464.355	0.0114833198819	10504.39	0.00620860135426
4.515	0.00164177538289	9999.023	0.00686048444617	9484.863	0.0106584565297	10453.12	0.0150319536682
4.516	0.0014902685739	10038.57	0.00710242600788	9537.598	0.0109024741279	10453.12	0.0125002148971
4.517	0.00144546186375	9981.445	0.00357995368018	9503.906	0.0102152053588	10529.3	0.0142684795995
4.518	0.00175777906475	9978.516	0.00667444603111	9544.922	0.0095862380103	10498.54	0.00960606032201
4.519	0.00165180413222	10035.64	0.00522642711683	9452.637	0.0126476626702	10507.32	0.010088994286
4.52	0.00152844692231	10006.35	0.0048521182357	9527.344	0.0116485161769	10463.38	0.00840750909557
4.521	0.00152720895779	9990.234	0.00820237284712	9536.133	0.00817233860579	10549.8	0.00650289930166
4.522	0.00142700859826	9953.613	0.00732388145128	9477.539	0.00816810207924	10453.12	0.0111519732829
4.523	0.0015050629311	9953.613	0.00776685294554	9487.793	0.00650839094936	10497.07	0.0057304663388
4.524	0.0014606806942	10003.42	0.00744095735049	9474.609	0.00883764372077	10451.66	0.0113324708581
4.525	0.00143924077186	9999.023	0.00530416562022	9522.949	0.0113579788301	10450.2	0.0122697655671
4.526	0.00138448525894	9997.559	0.00808795468122	9461.426	0.0139724265771	10500.0	0.0141275075906
4.527	0.00149751109261	9991.699	0.007703476424	9454.102	0.00947788755923	10463.38	0.0102549716555
4.528	0.0015330034183	9985.84	0.00638416862622	9502.441	0.00945441371766	10541.02	0.00814313576575
4.529	0.00146169519775	9974.121	0.00585901386971	9536.133	0.00896355149682	10485.35	0.00753255364468
4.53	0.00143106621021	10048.83	0.00733671689714	9525.879	0.00767866924028	10454.59	0.00925568923046
4.531	0.00159541044951	9971.191	0.00515466001843	9530.273	0.00775410274078	10516.11	0.00734435545636
4.532	0.00147394415518	9984.375	0.00798792650456	9533.203	0.00827109682719	10480.96	0.00930625898564
4.533	0.00134381565997	10001.95	0.00809297813354	9499.512	0.0132703259369	10524.9	0.00730055909851
4.534	0.00145118522747	9971.191	0.00812762653572	9492.188	0.00558530768662	10472.17	0.00990186138902
4.535	0.00148646004615	10009.28	0.00801291990388	9452.637	0.00771387072715	10451.66	0.0124025337145
4.536	0.0017359066671	9993.164	0.0101621799007	9457.031	0.00641340282797	10532.23	0.00992734427774
4.537	0.0014318399636	9956.543	0.00794048144412	9465.82	0.0105755734986	10479.49	0.00877146734747
4.538	0.00143728481483	10010.74	0.00541170983118	9511.23	0.0100793594308	10524.9	0.00889108797317
4.539	0.00172402554929	10026.86	0.00877500517604	9511.23	0.0154605455428	10469.24	0.00956903199499
4.54	0.00167113264277	9999.023	0.0138089878445	9455.566	0.00661129564137	10485.35	0.0125325477646
4.541	0.00147623639298	9999.023	0.00941438917409	9479.004	0.009340862453	10451.66	0.0133701842622
4.542	0.00156313227502	10021.0	0.00722015276338	9481.934	0.0122368199718	10476.56	0.0117204381043
4.543	0.00170267881464	9999.023	0.0114468774945	9451.172	0.0108721096113	10451.66	0.017916703829
4.544	0.0017307192429	9999.023	0.0110064895225	9452.637	0.0119647216204	10483.89	0.0108923293995
4.545	0.00179252261366	9997.559	0.0226529948554	9483.398	0.0096992467427	10451.66	0.0173440291133
4.546	0.00186984487215	9999.023	0.0122760220732	9511.23	0.00994090832031	10464.84	0.0115272472779
4.547	0.00168992561972	9999.023	0.018166286499	9484.863	0.00832475691101	10467.77	0.009775300327
4.548	0.00173014067214	9997.559	0.018130509392	9499.512	0.0169090164636	10543.95	0.0103214668743
4.549	0.00170470151701	9999.023	0.00985279951808	9481.934	0.00885027930518	10476.56	0.0128411413454
4.55	0.0017577920736	9999.023	0.0149748156718	9514.16	0.0082770077938	10480.96	0.0120302496935
4.551	0.00152060330362	9997.559	0.0131393300087	9486.328	0.0076974998152	10504.39	0.0143690090848
4.552	0.00167759744998	10028.32	0.00550668471779	9480.469	0.00734634696042	10495.61	0.00960786529913
4.553	0.00177135536946	9999.023	0.0208018472097	9476.074	0.00903674733144	10505.86	0.00959842838049
4.554	0.00154017364415	9997.559	0.0131075736766	9503.906	0.0137801519725	10530.76	0.0078935578128
4.555	0.00174179250324	10000.49	0.0156082814315	9493.652	0.0116624193279	10472.17	0.00779748583419
4.556	0.00162787029217	9999.023	0.0218184620537	9527.344	0.0126824706603	10454.59	0.00731013057706
4.557	0.00158976843813	9997.559	0.0212396714734	9500.977	0.00871841149806	10500.0	0.00572042924959
4.558	0.00154462557449	10000.49	0.00822901164822	9525.879	0.00911091852841	10524.9	0.00809479762433
4.559	0.00128666388325	9999.023	0.0240288534643	9534.668	0.00756783111419	10549.8	0.00574005614974
4.56	0.0014571541983	10022.46	0.00671022615024	9520.02	0.00913879331265	10454.59	0.0132776535818
4.561	0.00144543102798	9997.559	0.0165666230775	9452.637	0.0095317602982	10453.12	0.0179076065144
