


# At the edge
5.0	139.419559829	10004.88	537.035174045	9495.117	907.451773165	10549.8	478.6535627
5.001	133.903707112	10018.07	912.608579199	9518.555	997.088307219	10545.41	854.580793312
5.002	132.340216489	9960.938	502.810604785	9525.879	703.924703007	10480.96	539.51606268
5.003	121.510870079	10006.35	586.841686366	9539.062	1249.12821987	10451.66	1218.60082736
5.004	126.90131542	9988.77	668.108807497	9525.879	675.339615302	10453.12	777.683443564
5.005	134.512715638	10000.49	409.513300837	9455.566	697.068692737	10483.89	723.292503578
5.006	127.227580235	9965.332	632.196300178	9477.539	804.44124995	10539.55	860.009470676
5.007	115.800390764	9969.727	408.006890029	9511.23	758.282812471	10541.02	950.434764394
5.008	115.076104642	9968.262	398.118673961	9458.496	668.921216488	10458.98	563.591870634
5.009	123.523286621	9978.516	406.848565126	9470.215	457.792274059	10475.1	833.998232179
5.01	118.259740736	9966.797	638.237577519	9458.496	597.222010703	10529.3	2006.41219221
5.011	117.89503354	10040.04	691.337487992	9500.977	1716.92055149	10510.25	1041.40762302
5.012	123.849203458	10023.93	690.49515361	9457.031	952.937825014	10539.55	716.472873725
5.013	127.783854877	10047.36	511.620375969	9451.172	542.500048576	10511.72	670.548715319
5.014	115.048914865	10028.32	530.545189634	9522.949	933.426695884	10495.61	656.013410004
5.015	106.880100724	10012.21	787.351474963	9517.09	751.992607073	10510.25	958.960638701
5.016	117.136921727	9960.938	410.435134963	9537.598	469.117156933	10529.3	767.600089766
5.017	110.067073873	9990.234	503.782361466	9509.766	1161.47394506	10502.93	841.107477574
5.018	100.525917303	10018.07	431.342496672	9514.16	779.305475642	10546.88	736.755254025
5.019	102.597687455	9982.91	427.352127984	9468.75	805.744445066	10454.59	623.062727974
5.02	95.3579714948	9999.023	345.074618106	9502.441	757.175045581	10460.45	528.385344343
5.021	97.1139676269	10047.36	491.860816714	9500.977	453.755572922	10479.49	561.848624976
5.022	97.9337509659	9960.938	471.00524722	9479.004	968.805290163	10542.48	746.960281428
5.023	95.6728150473	10009.28	531.385059568	9451.172	1410.72650744	10502.93	867.238362174
5.024	78.3467488745	9982.91	460.356804425	9484.863	634.877058097	10466.31	924.010086336
5.025	86.7380627101	9982.91	362.567199974	9473.145	424.364288619	10492.68	562.625261117
5.026	100.622117047	9991.699	423.438432229	9468.75	610.595228536	10548.34	469.441128542
5.027	86.9852225621	9969.727	380.048938614	9487.793	691.042070786	10524.9	632.505419663
5.028	85.3857523744	9999.023	643.846461719	9520.02	547.086704487	10464.84	424.385501498
5.029	85.8035621205	9955.078	370.223104139	9468.75	895.298113921	10500.0	474.411558147
5.03	95.6060710047	9984.375	270.919953522	9518.555	709.593707269	10548.34	389.112877718
5.031	83.0750730385	9996.094	680.723204276	9503.906	306.816961685	10513.18	538.598972564
5.032	75.5197244204	9994.629	487.226505721	9483.398	830.05538853	10486.82	535.018989728
5.033	77.6774135609	10000.49	423.095881425	9527.344	902.078861457	10507.32	428.0853462
5.034	72.5887100371	10029.79	220.697491153	9499.512	517.014811082	10514.65	531.118641841
5.035	81.3216123622	9958.008	322.382933579	9544.922	654.072162286	10546.88	394.759562352
5.036	77.6402846274	9952.148	449.628292689	9514.16	703.481447043	10482.42	451.809575282
5.037	92.4610204497	9969.727	257.032577481	9487.793	592.36830429	10483.89	334.734864348
5.038	77.6442187861	10041.5	345.759604723	9531.738	881.096824937	10523.44	721.351365071
5.039	79.4320283981	9963.867	288.19211882	9530.273	566.326132401	10513.18	808.916391932
5.04	77.7794151011	9979.98	397.70624874	9498.047	429.54556316	10451.66	671.437284135
5.041	73.7831073187	10010.74	332.69047197	9509.766	523.388138854	10483.89	578.388797773
5.042	85.5256250972	9999.023	337.246513432	9520.02	580.035770456	10450.2	481.064642499
5.043	71.2742163021	10021.0	317.299143866	9483.398	417.6295915	10457.52	564.21491113
5.044	77.7332096437	9991.699	406.346733019	9506.836	728.418788083	10504.39	386.363893248
5.045	65.5440182978	9994.629	596.470668109	9455.566	653.483364137	10535.16	552.959713365
5.046	62.3379949716	9956.543	400.249797966	9524.414	549.919352644	10519.04	603.574772193
5.047	69.4590195527	9999.023	265.726677567	9455.566	450.163357448	10456.05	375.613647221
5.048	73.0118414875	10032.71	333.774036793	9508.301	845.761473147	10513.18	399.633630071
5.049	67.8300120766	10022.46	456.040905406	9537.598	810.312081855	10527.83	453.863450392
5.05	73.8246328818	9996.094	185.88838849	9492.188	472.083228325	10523.44	404.454226563
5.051	69.6849700062	9965.332	310.224909051	9541.992	651.860212195	10476.56	567.61801588
5.052	71.0952171209	10042.97	292.081761407	9521.484	556.233566569	10510.25	406.310150085
5.053	68.7680489141	10015.14	478.323798728	9492.188	414.167532568	10519.04	386.5104844
5.054	57.474935839	10044.43	410.40161945	9477.539	290.936802706	10519.04	462.220884065
5.055	73.6350727002	10034.18	402.339456034	9461.426	658.948240687	10514.65	399.516291053
5.056	64.5739487981	9968.262	312.027742993	9455.566	448.606620659	10530.76	507.752805461
5.057	57.0110486673	10032.71	434.537988245	9459.961	194.335968834	10456.05	346.328430854
5.058	62.3407389581	10007.81	182.276755344	9503.906	326.695819108	10524.9	363.272398688
5.059	71.0383993123	9999.023	391.450556008	9531.738	371.950204137	10532.23	277.242850742
5.06	70.4170770953	10001.95	229.555674978	9459.961	425.689745944	10529.3	311.45106705
5.061	71.0359525367	9997.559	270.321964668	9521.484	521.827984298	10489.75	348.73192933
5.062	67.8991401035	9969.727	276.537071385	9527.344	546.886954116	10473.63	302.372013375
5.063	65.5975361836	9996.094	406.662559881	9517.09	308.455993255	10491.21	388.471998718
5.064	61.283654804	10044.43	368.994123507	9465.82	383.03200364	10495.61	694.679901364
5.065	71.4712067577	9985.84	306.483759253	9451.172	504.735037476	10538.09	554.326373484
5.066	70.7939068197	9997.559	837.896550023	9487.793	404.089566871	10532.23	398.36384382
5.067	70.5237914387	9997.559	404.209769687	9539.062	333.309393488	10504.39	458.724085117
5.068	64.2578211236	9997.559	514.542444676	9544.922	391.378481395	10542.48	507.648788736
5.069	59.3377036977	9996.094	457.644441188	9459.961	460.803513379	10460.45	326.56204785
5.07	68.4736678689	10006.35	199.120804609	9503.906	495.131456635	10492.68	504.430613941
5.071	70.2951955628	9999.023	511.017483632	9521.484	351.012959315	10507.32	207.869748918
5.072	62.2314579726	9999.023	524.683091105	9471.68	319.120773909	10502.93	426.764034558
5.073	59.2037817079	10015.14	283.135375622	9515.625	358.540107772	10523.44	349.000572989
5.074	63.8691562551	10006.35	308.221930491	9512.695	301.813838969	10541.02	426.024465077
5.075	59.8027805324	9979.98	245.880999093	9547.852	625.95257127	10526.37	488.023198068
5.076	61.8148873862	9950.684	360.535893213	9520.02	331.865923816	10498.54	338.626158569
5.077	64.0032468076	9968.262	290.257202098	9514.16	513.798389241	10478.03	467.964748582
5.078	69.9171685598	9999.023	558.653007497	9514.16	462.807842099	10470.7	388.076632669
5.079	68.2483855802	9997.559	701.262261817	9489.258	322.086498912	10545.41	645.701342018
5.08	52.0316571412	10010.74	322.679688691	9483.398	633.791340076	10458.98	484.722877482
5.081	61.9741032929	9996.094	379.419100555	9512.695	619.835070327	10463.38	360.254929724
5.082	57.330297721	10003.42	346.570852681	9536.133	417.484357079	10491.21	431.707220923
5.083	61.3258498257	10000.49	329.273693951	9514.16	307.368251886	10492.68	277.408587503
5.084	63.9923495343	9999.023	892.943821635	9521.484	376.963122703	10486.82	392.558763826
5.085	55.7481299108	9999.023	209.442558928	9454.102	328.729212806	10523.44	409.019396263
5.086	48.4829099576	9997.559	571.364275594	9514.16	286.527151658	10464.84	508.419352285
5.087	62.1696345013	9996.094	422.488671552	9518.555	265.058018271	10517.58	322.091789561
5.088	64.8855340779	9994.629	332.827412353	9500.977	305.480362978	10497.07	547.825078598
5.089	75.5187192333	9994.629	405.586195275	9509.766	622.696753763	10494.14	364.8574642
5.09	66.568913814	9999.023	487.931242175	9521.484	305.019061042	10520.51	430.796715757
5.091	71.8161647778	9999.023	681.176458884	9503.906	456.967660557	10469.24	551.83187339
5.092	69.5328999903	10041.5	314.933282023	9531.738	419.03872778	10453.12	528.635827275
5.093	65.5256669329	9994.629	385.230345969	9530.273	339.75051732	10451.66	442.237816156
5.094	60.3895535854	9996.094	922.770929342	9490.723	249.345447712	10538.09	403.413211605
5.095	66.1628722384	9966.797	335.217852774	9520.02	474.180756675	10545.41	295.823868114
5.096	58.1054898042	9977.051	420.328854243	9547.852	567.053242401	10480.96	401.637477284
5.097	69.286417628	9999.023	581.190789747	9500.977	342.145803717	10542.48	337.378013307
5.098	67.5041836306	9997.559	364.370675535	9514.16	459.697800103	10467.77	347.788933389
5.099	54.6115411278	9996.094	285.207807104	9534.668	453.658906476	10475.1	499.404090212
5.1	70.5387354356	9996.094	284.030345834	9455.566	373.17275687	10511.72	266.966063358
5.101	63.896566797	9994.629	456.129334876	9515.625	363.872693778	10495.61	314.617658099
5.102	61.8180462083	9999.023	440.243062212	9511.23	473.023754898	10488.28	497.63902904
5.103	62.283014944	9997.559	357.782152526	9520.02	260.412272247	10524.9	509.54828615
5.104	68.6443679083	9997.559	617.083588562	9484.863	624.911872579	10478.03	449.565475205
5.105	74.0240504262	9978.516	367.527736139	9528.809	313.366273948	10542.48	638.143255313
5.106	70.0812326734	9996.094	520.225755866	9549.316	288.219423194	10473.63	531.158669953
5.107	75.1352308461	10038.57	323.817494652	9533.203	388.949549913	10495.61	419.587623306
5.108	62.5563216484	10003.42	482.117260407	9479.004	437.748832325	10536.62	530.319345886
5.109	67.1666856189	9999.023	633.582827883	9458.496	580.121915117	10545.41	666.874273289
5.11	71.4219295492	10034.18	225.851749423	9530.273	333.653877839	10460.45	621.455763306
5.111	62.1491379768	9997.559	585.049564393	9539.062	325.465464958	10548.34	343.510763615
5.112	66.8987024306	9996.094	582.492604952	9451.172	284.596582091	10536.62	637.143756475
5.113	75.8624206028	10031.25	280.415927002	9512.695	363.392885775	10479.49	556.141247727
5.114	64.0947740454	9994.629	799.500067204	9506.836	485.759845297	10486.82	542.526394801
5.115	77.6763602919	9999.023	391.71657086	9540.527	523.616270451	10529.3	440.105276433
5.116	73.2551234953	9999.023	520.08458065	9500.977	324.248585921	10485.35	600.958658336
5.117	73.4583020987	9997.559	318.821965058	9547.852	284.263344588	10482.42	526.918854038
5.118	92.0418600358	9996.094	391.659410714	9546.387	370.568911824	10546.88	596.375337393
5.119	71.2027026447	9994.629	459.217717421	9467.285	460.936882146	10519.04	435.95523867
5.12	70.1330653968	9956.543	323.047245828	9540.527	407.55395514	10486.82	480.502437794
5.121	68.9542640201	9999.023	625.653155679	9536.133	638.307609025	10530.76	468.960784232
5.122	66.8005742707	9999.023	630.848034598	9495.117	583.509603837	10464.84	383.700525966
5.123	78.1177945966	9997.559	689.63430118	9531.738	411.150980826	10454.59	658.347507562
5.124	88.2899473427	9977.051	312.857711869	9465.82	411.364134277	10539.55	340.686167036
5.125	75.8332671899	9997.559	401.279515728	9528.809	555.26561167	10486.82	491.111369014
5.126	77.6645433976	9994.629	502.095873786	9525.879	519.993600904	10476.56	345.760789519
5.127	74.380830759	10000.49	360.723653376	9455.566	477.100419438	10456.05	658.338968836
5.128	80.6796081051	9999.023	879.663110149	9547.852	291.655877549	10454.59	534.450268222
5.129	88.5331772136	9997.559	901.394113662	9518.555	464.411758761	10501.46	563.094395326
5.13	88.1735748537	10004.88	494.378243312	9481.934	529.233921369	10508.79	676.924244234
5.131	77.5107548123	9977.051	276.19724255	9474.609	444.929308139	10502.93	424.234326732
5.132	81.575345435	9994.629	482.076508976	9454.102	390.904678753	10480.96	244.656555197
5.133	85.5093676131	10025.39	503.586732648	9505.371	423.58755644	10517.58	763.515287444
5.134	84.528443116	9975.586	435.992596563	9495.117	691.131729307	10516.11	421.257570389
5.135	79.9990991899	9997.559	784.563162707	9500.977	356.247895172	10507.32	433.643361616
5.136	80.9386363194	9997.559	566.273865725	9530.273	991.32930129	10532.23	726.270329797
5.137	78.1116963927	10040.04	428.068506531	9490.723	432.858861091	10498.54	654.820888469
5.138	80.8089745068	9996.094	583.931425104	9470.215	912.236592733	10476.56	410.72060368
5.139	77.8207998864	9968.262	700.429126486	9470.215	408.453501918	10458.98	611.154114807
5.14	77.9139878447	10048.83	417.812307915	9540.527	612.232706705	10489.75	777.043601334
5.141	88.9051510873	10032.71	513.305310498	9476.074	566.579257365	10516.11	362.124282592
5.142	86.4409573743	9984.375	664.040342921	9520.02	531.240043388	10457.52	632.592180579
5.143	82.4128454224	9971.191	411.050063986	9517.09	563.49958126	10485.35	523.900001014
5.144	84.4808067965	9996.094	483.270609933	9506.836	484.981868537	10529.3	398.074160652
5.145	94.7680717617	9994.629	624.555854389	9518.555	740.993013308	10526.37	516.150087009
5.146	94.5731459733	10037.11	365.448833027	9498.047	443.203125105	10526.37	297.282262163
5.147	80.7515240062	9996.094	531.83801073	9522.949	840.577719355	10519.04	393.006369129
5.148	90.6974481195	10029.79	558.410478025	9483.398	790.827055513	10524.9	465.880719436
5.149	81.1595938525	9996.094	483.375972662	9471.68	455.938393026	10514.65	476.095903296
5.15	82.0118318413	10003.42	396.598387494	9543.457	463.621575836	10483.89	476.753610476
5.151	70.7389741665	9956.543	385.703029442	9506.836	347.511396574	10539.55	300.470870155
5.152	80.3659662607	9952.148	400.762637565	9484.863	654.399840412	10470.7	594.029249255
5.153	79.9043525382	9999.023	808.711715082	9467.285	337.834636777	10520.51	414.8199652
5.154	87.4698785827	10010.74	400.485735193	9455.566	649.62449774	10520.51	437.290425054
5.155	83.4943672819	10040.04	480.039189288	9492.188	744.85049933	10505.86	385.770811766
5.156	82.9560197315	10047.36	327.201623915	9530.273	554.882996737	10470.7	454.0735461
5.157	81.8916241149	10026.86	555.419260757	9480.469	446.039773545	10483.89	492.414268668
5.158	86.6641490254	10042.97	460.329763047	9533.203	510.116450377	10543.95	1119.36157395
5.159	78.1152605087	9999.023	379.675729931	9451.172	466.940510443	10539.55	537.140092238
5.16	75.1612468833	9968.262	407.730792403	9544.922	428.633841207	10489.75	557.235909764
5.161	77.7742664506	9953.613	247.833036391	9528.809	602.988499191	10543.95	438.912576963
5.162	80.5004638324	10016.6	245.527997341	9540.527	602.549444961	10542.48	587.478726459
5.163	80.2734059381	9994.629	564.155636558	9489.258	486.138515572	10527.83	533.015673147
5.164	83.1285132573	10021.0	596.57835434	9480.469	538.394205498	10483.89	739.731004639
5.165	68.5156545492	10048.83	242.193070521	9500.977	525.660917349	10508.79	585.610779773
5.166	86.6870310093	10028.32	440.727562192	9458.496	418.54573591	10479.49	504.555607791
5.167	69.7776375728	10021.0	338.020391478	9487.793	379.038074823	10538.09	384.414918716
5.168	69.2053957014	9996.094	534.552582	9495.117	253.882292381	10541.02	293.302429035
5.169	94.0501349879	10037.11	467.091818068	9474.609	431.377087901	10473.63	298.788590808
5.17	81.0187545083	9962.402	276.029947505	9503.906	306.515280419	10549.8	508.109959186
5.171	91.0221273113	9956.543	457.280594999	9486.328	931.493638185	10483.89	1001.14265643
5.172	93.2970722347	9956.543	319.294877483	9530.273	487.878670499	10504.39	429.119916504
5.173	71.976753301	9953.613	383.133899611	9483.398	441.4418478	10543.95	251.862817899
5.174	65.8947259427	10032.71	232.774830869	9549.316	256.414841004	10482.42	921.98669
5.175	80.9965444746	10044.43	329.23242393	9517.09	462.850215604	10495.61	305.105492497
5.176	73.7722743852	9959.473	355.389454317	9495.117	763.343564118	10457.52	471.985590768
5.177	72.0458604482	10021.0	357.936102446	9454.102	479.814208062	10548.34	584.239746419
5.178	61.3218365575	10029.79	556.118080598	9511.23	645.140860109	10470.7	417.243426261
5.179	57.0079890793	9956.543	243.930010953	9546.387	670.548731896	10498.54	608.076230767
5.18	67.8185130796	9960.938	244.147474288	9505.371	691.934177343	10497.07	452.932550379
5.181	63.1278418814	9991.699	347.551329185	9464.355	362.205227567	10480.96	318.720070369
5.182	84.5778045885	10025.39	497.35487596	9492.188	371.109639621	10508.79	386.562726352
5.183	69.703769325	10044.43	237.486476301	9467.285	613.894108729	10521.97	494.223530448
5.184	73.5672649525	10013.67	474.603185495	9492.188	586.61106409	10472.17	347.235934913
5.185	70.3369389372	10029.79	327.882773056	9468.75	480.947708013	10520.51	517.599243701
5.186	64.9383659205	10044.43	232.873013858	9520.02	327.934180312	10533.69	210.022264357
5.187	66.3981711254	9999.023	270.893701418	9454.102	319.070065167	10519.04	759.236885888
5.188	71.3855811935	9979.98	274.841955706	9527.344	473.622809763	10516.11	547.981885442
5.189	62.1473381039	9994.629	258.253065847	9541.992	299.233672877	10470.7	323.246883605
5.19	65.7172741734	9975.586	415.210118629	9520.02	505.207604049	10548.34	299.161710373
5.191	54.4685623191	9977.051	277.965415478	9527.344	428.34124335	10539.55	417.897171034
5.192	57.7685834495	10006.35	331.723262442	9547.852	316.009229261	10497.07	249.601947383
5.193	55.2850723125	10034.18	284.544630418	9467.285	373.228160774	10453.12	318.356405118
5.194	56.476150311	9977.051	258.176230579	9514.16	311.334591723	10478.03	421.700900312
5.195	66.8976630249	10026.86	293.772027386	9546.387	276.035430319	10523.44	626.770060841
5.196	64.4395861825	9996.094	213.295440946	9512.695	401.727003943	10494.14	399.19505027
5.197	59.6318294792	10006.35	312.281540351	9539.062	445.784183105	10495.61	298.595131347
5.198	60.70024133	10029.79	370.399203996	9479.004	552.269973712	10548.34	360.483360658
5.199	62.4056114791	9994.629	380.606460456	9521.484	392.828169992	10505.86	338.549122413
5.2	61.5684371506	9953.613	291.95726529	9451.172	187.612551862	10450.2	416.653859962
5.201	65.2664451046	9956.543	434.252022686	9530.273	279.78854118	10535.16	250.362481892
5.202	59.9199077589	10007.81	181.057181719	9467.285	414.892682859	10523.44	387.858745583
5.203	50.7007583297	10040.04	216.761665501	9457.031	224.064687276	10500.0	223.829989016
5.204	51.6257012546	10016.6	206.309386795	9490.723	433.341098219	10511.72	425.078952382
5.205	51.9113981639	9977.051	184.40657071	9541.992	399.287239289	10510.25	552.546861895
5.206	52.1774543811	9979.98	237.002609728	9539.062	260.130048211	10527.83	494.38714165
5.207	53.0191360553	9959.473	228.386636469	9511.23	429.38430685	10536.62	402.9322498
5.208	55.7217697784	9968.262	177.833279095	9536.133	402.01416843	10526.37	237.855676228
5.209	51.2935647559	9965.332	257.54602065	9500.977	425.958832465	10472.17	444.083755581
5.21	55.2009666288	9979.98	292.833242968	9459.961	362.007259912	10458.98	579.111608626
5.211	53.131212402	9952.148	234.87899693	9498.047	646.615134696	10513.18	269.469547924
5.212	53.9950933209	10042.97	177.090299823	9454.102	272.14736299	10507.32	557.455536673
5.213	50.6487107007	10001.95	327.428176989	9499.512	262.139753103	10513.18	259.606827545
5.214	57.9124286142	10023.93	220.429689058	9543.457	453.49805265	10461.91	332.147230853
5.215	52.3550929525	10047.36	157.536657095	9511.23	192.82896404	10451.66	465.866133975
5.216	51.05729285	9997.559	167.871287527	9536.133	425.631933335	10453.12	383.77076056
5.217	49.8898312917	10003.42	251.351430826	9499.512	328.80694037	10482.42	379.899231356
5.218	47.7594754169	10048.83	184.077009955	9474.609	324.304142259	10520.51	413.002717616
5.219	52.0528593039	10018.07	279.347467402	9499.512	451.841589427	10488.28	569.382348677
5.22	55.0771767128	9984.375	206.230802384	9536.133	210.661515587	10510.25	465.85374474
5.221	55.9321383782	10042.97	177.507260211	9536.133	272.351950454	10494.14	351.676374392
5.222	57.1446713455	9999.023	268.50040543	9530.273	491.3618681	10466.31	539.901996201
5.223	49.3730822229	9997.559	340.139668641	9525.879	566.950464089	10502.93	297.630219592
5.224	53.7844086904	9997.559	271.464291759	9520.02	316.38055997	10519.04	397.924264786
5.225	57.8426756126	9950.684	206.087811994	9493.652	283.053995402	10472.17	392.050543141
5.226	52.6057922091	9978.516	360.078197578	9480.469	247.345550332	10458.98	315.217686589
5.227	58.9020007545	9994.629	181.99033794	9541.992	427.89448006	10483.89	297.340524489
5.228	54.8914853493	9999.023	314.75357173	9506.836	328.179394424	10473.63	315.926606116
5.229	50.7437126899	9997.559	386.69728549	9541.992	297.156405516	10533.69	455.779712052
5.23	54.4639522972	9997.559	429.037817962	9502.441	356.517889695	10486.82	317.23979031
5.231	48.3842403307	9999.023	394.201313422	9492.188	279.493661434	10469.24	298.43643577
5.232	53.2101546366	9996.094	198.335543275	9534.668	370.072963812	10549.8	220.401141812
5.233	55.6327603894	10000.49	610.536345462	9514.16	219.663168445	10539.55	440.16966008
5.234	51.3180083388	9999.023	265.51168351	9498.047	246.322071871	10523.44	337.340387406
5.235	57.1913452362	9993.164	249.813589606	9481.934	293.869058205	10545.41	457.821574464
5.236	53.2094172927	9997.559	666.804528498	9524.414	373.338867189	10451.66	374.204322172
5.237	57.7993148711	9996.094	548.921427057	9458.496	262.418233571	10473.63	581.88814117
5.238	53.8480193748	9997.559	250.715237195	9493.652	456.808129482	10507.32	391.247049187
5.239	50.392261765	9994.629	307.048188646	9534.668	306.578382755	10486.82	299.702051013
5.24	53.2266472575	10041.5	232.700938883	9549.316	284.532183069	10472.17	564.261263238
5.241	55.3141879245	9977.051	227.680421276	9549.316	279.503159682	10489.75	303.742029153
5.242	54.7147824349	9960.938	264.676960129	9457.031	364.726103213	10464.84	232.123714125
5.243	49.5458856417	9996.094	410.368748576	9464.355	247.869561192	10542.48	256.914406505
5.244	43.8922646169	9996.094	287.95198707	9499.512	234.940591504	10523.44	301.520275064
5.245	59.8596163356	9994.629	216.216722856	9537.598	286.659993893	10502.93	463.572702533
5.246	49.2130698531	9999.023	271.774919409	9500.977	355.268897793	10502.93	441.08883127
5.247	56.7556700739	10026.86	472.135263192	9512.695	281.115415116	10530.76	361.372776844
5.248	63.9451966816	9997.559	450.74824156	9465.82	186.539856788	10513.18	413.471343135
5.249	55.1481042173	9982.91	325.953843262	9487.793	362.102454456	10533.69	529.522935055
5.25	60.0006916674	9996.094	222.373871539	9536.133	396.154988411	10454.59	390.692516524
5.251	61.3049282988	9996.094	233.277375891	9524.414	491.289149058	10451.66	425.885083514
5.252	61.9326157395	10000.49	257.99447161	9474.609	413.92414727	10533.69	255.963277571
5.253	63.6813916911	10032.71	305.077785697	9498.047	454.645257266	10498.54	445.243415107
5.254	61.0663296375	9997.559	238.713534067	9540.527	760.853396335	10502.93	581.609936296
5.255	74.6899188381	9997.559	451.116517965	9527.344	392.550575019	10497.07	499.431514584
5.256	58.6290570902	10038.57	305.967327897	9547.852	423.903529648	10519.04	504.834468557
5.257	60.5895302119	10003.42	272.24705521	9496.582	336.186090979	10532.23	536.369731704
5.258	59.2410667088	9991.699	259.233768374	9462.891	604.881005198	10541.02	347.862618409
5.259	66.8974366687	9999.023	682.801254521	9509.766	233.949723595	10482.42	257.357122588
5.26	60.239014826	9997.559	487.660239875	9457.031	420.516569017	10511.72	524.507448987
5.261	72.0981886733	9997.559	292.891766545	9536.133	298.52881824	10495.61	419.870026793
5.262	66.8639958167	9966.797	312.359830911	9517.09	333.529973114	10457.52	458.688406903
5.263	63.1725997485	9996.094	378.693587624	9461.426	668.60194896	10492.68	251.58231949
5.264	69.6681008285	9994.629	329.161247503	9451.172	317.916493681	10527.83	544.008127836
5.265	63.140848812	10034.18	301.411642665	9543.457	723.404710492	10532.23	632.818985261
5.266	66.8124383954	9991.699	232.736340007	9484.863	424.28806997	10545.41	580.870197459
5.267	63.7871417878	9997.559	334.208627963	9480.469	563.755067966	10458.98	660.878159572
5.268	66.3700670723	9996.094	410.96626736	9477.539	541.277534696	10516.11	734.515604818
5.269	63.4510773742	9991.699	351.862675178	9479.004	651.702484157	10527.83	559.345336839
5.27	77.0942349058	9994.629	1033.18097727	9509.766	480.390473791	10501.46	354.768841985
5.271	78.2750675692	10029.79	556.953576894	9536.133	529.559126927	10466.31	850.958276933
5.272	73.4951959402	9979.98	334.230663262	9517.09	570.077363849	10502.93	428.483951205
5.273	65.6006954891	10047.36	414.702089134	9484.863	740.947408657	10457.52	373.012048296
5.274	87.9142739809	9979.98	585.663024051	9455.566	632.180695798	10472.17	347.057160031
5.275	85.2387939748	10038.57	655.793628635	9505.371	890.561753449	10523.44	525.841103546
5.276	89.6632644029	9955.078	696.122350521	9546.387	570.614382168	10532.23	347.250182428
5.277	77.5441022492	9996.094	324.436870173	9464.355	636.839143667	10485.35	764.663576549
5.278	101.581579264	9991.699	737.357167455	9477.539	549.745676269	10536.62	667.465528381
5.279	87.2970817297	10025.39	557.555919671	9483.398	317.105124192	10488.28	408.112269877
5.28	92.0027402749	10010.74	613.984635005	9476.074	329.23261748	10538.09	405.582681255
5.281	87.6453943088	9985.84	401.976000273	9465.82	557.816510892	10511.72	628.969677826
5.282	93.3809819212	9994.629	354.915782795	9499.512	658.049442703	10502.93	682.61714823
5.283	88.2357068458	10000.49	773.769362862	9549.316	304.174304074	10504.39	1005.57892649
5.284	105.999135874	10018.07	693.237488225	9479.004	429.946830699	10533.69	721.094486772
5.285	98.8963812439	9971.191	390.116548487	9452.637	653.945842723	10454.59	585.554933737
5.286	91.4153597955	9993.164	483.142858885	9455.566	856.166135834	10491.21	537.796321088
5.287	96.1477335345	9996.094	1072.81537988	9527.344	630.716215111	10543.95	583.37518603
5.288	109.300917389	10034.18	508.967280087	9461.426	554.411493957	10469.24	1022.67284292
5.289	104.150564774	9994.629	493.806228711	9547.852	631.714504372	10466.31	586.479282928
5.29	110.443142073	10032.71	452.660886335	9473.145	529.647115261	10538.09	611.012281372
5.291	114.417041781	10018.07	638.676237135	9509.766	723.429202173	10502.93	775.292294412
5.292	102.163555253	9990.234	455.934809419	9489.258	715.948092813	10453.12	772.670811385
5.293	121.798834432	10034.18	816.943864445	9495.117	670.100204039	10466.31	845.431063692
5.294	105.822376187	9994.629	580.965512091	9505.371	735.034338305	10494.14	1084.03340403
5.295	122.726769023	9988.77	374.782693756	9509.766	1011.52501038	10539.55	538.783379677
5.296	120.578677143	10009.28	492.041779271	9461.426	694.57108929	10507.32	1049.97336701
5.297	132.802087862	9968.262	420.534500196	9451.172	773.902418659	10451.66	939.810266711
5.298	135.419586772	10006.35	623.829032179	9499.512	1030.98990067	10545.41	868.237515239
5.299	150.70803673	9979.98	620.344108028	9461.426	1206.7918268	10486.82	807.013856618
5.3	145.481082705	9994.629	779.350920621	9512.695	860.810493746	10539.55	909.25627678
5.301	168.377618927	9994.629	1115.15294531	9541.992	1126.40272757	10494.14	954.427037097
5.302	162.986271316	9959.473	799.976249633	9503.906	866.659894168	10505.86	733.716011496
5.303	182.899071279	10021.0	1064.02692619	9457.031	925.252554192	10470.7	1232.16335125
5.304	176.931812277	10006.35	1023.91278048	9515.625	1446.07750945	10495.61	2072.07810255
5.305	184.463014742	9978.516	675.386956513	9543.457	799.583044957	10480.96	1974.27950748
5.306	197.549981437	9972.656	950.987651345	9518.555	1563.28316345	10469.24	1559.41217838
5.307	214.867209859	10013.67	822.348234244	9462.891	1208.47816404	10463.38	1042.75933623
5.308	207.636214104	10047.36	1318.96847062	9503.906	1209.445661	10453.12	899.704254712
5.309	221.553717538	10021.0	1265.12720336	9495.117	1424.50317192	10521.97	923.696310159
5.31	204.818816305	10041.5	930.478500483	9544.922	1261.448096	10479.49	1495.79119124
5.311	236.597178768	9982.91	1299.07886398	9476.074	1179.82822164	10543.95	897.303701873
5.312	277.511949433	9996.094	1550.2828606	9484.863	1534.01374216	10536.62	1610.43408784
5.313	248.877353789	10009.28	861.663179314	9495.117	1709.18036992	10541.02	1179.2341246
5.314	285.170774117	9963.867	1188.76696733	9493.652	1901.26237319	10527.83	2161.44806457
5.315	293.091057867	10038.57	1313.70457946	9452.637	2860.19711635	10541.02	1703.58291123
5.316	309.969385494	10000.49	2299.94112019	9455.566	1421.3729768	10494.14	1557.59064756
5.317	277.924657803	9993.164	1700.19707938	9518.555	2260.95620875	10545.41	1796.00735193
5.318	331.132426308	9994.629	1529.30541824	9487.793	1942.91240966	10527.83	2157.33807532
5.319	312.660252254	9991.699	1620.77126806	9537.598	2368.63724304	10482.42	2516.9175914
5.32	381.68475659	10010.74	2429.3393487	9471.68	2975.21835808	10469.24	1524.67936255
5.321	385.471861761	9981.445	1441.78797983	9508.301	1585.33133521	10532.23	2724.16473622
5.322	444.724910435	10015.14	1970.85322513	9477.539	3925.00965023	10453.12	3761.90558405
5.323	471.350340408	10031.25	2884.01755166	9498.047	1855.31375506	10539.55	2770.45373005
5.324	475.743310806	9972.656	1917.55576237	9533.203	4215.6293541	10454.59	3718.51604165
5.325	571.062048035	10034.18	2631.86203177	9539.062	3588.06075627	10543.95	2520.64623702
5.326	583.259197909	9955.078	3376.89844697	9468.75	3695.37063064	10461.91	4710.2386908
5.327	558.221457511	10019.53	3986.58949333	9498.047	5242.64170674	10488.28	3128.93064658
5.328	787.603799176	9987.305	3778.74643327	9508.301	3730.63711549	10541.02	7442.17710902
5.329	706.703682489	9975.586	2741.67217742	9537.598	4053.39080993	10523.44	4285.32603863
5.33	786.116343408	9977.051	3396.23373416	9476.074	5375.50929852	10482.42	5632.06406257
5.331	754.214891527	10034.18	2631.94522411	9546.387	6105.64131945	10461.91	4759.07843152
5.332	811.320962514	10028.32	5628.7724526	9528.809	3992.34578396	10451.66	6347.4676801
5.333	875.363302284	9958.008	4212.88133773	9520.02	5419.75899875	10530.76	5879.19847859
5.334	1158.87249224	9956.543	4592.83380726	9464.355	8394.21184617	10489.75	7131.40418373
5.335	1476.5447248	10040.04	10108.3226185	9468.75	4185.81654927	10457.52	10756.0022503
5.336	908.614509745	10022.46	3005.3542008	9536.133	6589.59988244	10498.54	6188.37523975
5.337	1042.19587173	10031.25	5616.49562951	9470.215	8708.18108755	10480.96	6083.32725349
5.338	914.645109454	9993.164	3639.19183362	9503.906	7525.61229597	10475.1	6293.27857002
5.339	806.870664171	9953.613	4455.23333106	9481.934	3002.70919505	10466.31	6186.60626777
5.34	969.845747362	10001.95	4208.46521532	9489.258	6244.28321452	10480.96	10759.9066291
5.341	1017.82985883	9974.121	5284.81868588	9533.203	7614.23992617	10526.37	5088.33912107
5.342	1068.97939375	9971.191	4554.00716616	9451.172	9329.49654642	10491.21	4717.3037685
5.343	962.85153269	10025.39	3511.84523884	9515.625	9211.62164991	10541.02	8470.70761161
5.344	1251.232915	10016.6	6123.3806799	9489.258	9415.03893444	10549.8	4783.81440646
5.345	1178.43736326	9991.699	6584.02715792	9547.852	5804.72627399	10483.89	10018.3224882
5.346	1301.74050055	10028.32	4960.82777497	9543.457	9569.6828617	10469.24	6031.90378955
5.347	1327.87248347	9968.262	8136.88830912	9509.766	9582.21845004	10545.41	12136.1171503
5.348	1309.46247685	9979.98	5245.30242064	9522.949	8048.63097787	10460.45	8984.43114614
5.349	1486.42542498	10007.81	4901.18683422	9487.793	7023.51019588	10472.17	10012.2535534
5.35	1467.41906321	10037.11	4353.07042418	9524.414	6799.61606194	10517.58	11202.9715407
5.351	1349.33583728	10044.43	6744.73821398	9530.273	12821.9158471	10543.95	11619.2193237
5.352	1627.24625508	9982.91	6646.79836503	9481.934	10752.6936058	10543.95	9719.72227307
5.353	1593.3682545	10015.14	7245.6201659	9470.215	6117.90037131	10546.88	9917.38961215
5.354	1470.25319488	9978.516	4934.03060579	9487.793	10889.9677921	10473.63	7412.39526914
5.355	1479.85619752	10003.42	7385.09020543	9520.02	7346.34750083	10467.77	8534.46125573
5.356	1357.20061235	10019.53	6183.66466345	9521.484	9049.80811441	10546.88	9531.82026889
5.357	1316.7078767	10007.81	6881.84407672	9483.398	8086.34507397	10543.95	7816.39568462
5.358	1349.54497934	9956.543	7960.70146097	9522.949	9672.54236138	10458.98	11089.2979991
5.359	1363.45628114	9968.262	6968.79866016	9454.102	8683.51617	10548.34	8918.01285209
5.36	1387.43626698	10026.86	4451.53144033	9546.387	5871.09253141	10526.37	9789.58216504
5.361	1114.37793765	10003.42	4459.66143357	9481.934	9847.39386485	10549.8	6702.72594668
5.362	1133.66942978	9955.078	5057.56177931	9530.273	8086.9053046	10505.86	6466.47706423
5.363	1106.74847449	10038.57	6700.05582486	9520.02	8709.4795895	10535.16	7576.02715006
5.364	996.86234448	9994.629	4725.46376093	9500.977	11687.6804169	10470.7	6882.04441926
5.365	1048.24316873	9960.938	4316.01868836	9470.215	4297.0115584	10475.1	6426.08032206
5.366	921.152992353	9965.332	4741.8357361	9490.723	8650.1927371	10510.25	5326.48140516
5.367	966.783423409	10028.32	5537.69450771	9503.906	7714.90567345	10548.34	5332.95555622
5.368	816.818523855	9993.164	2552.40526452	9544.922	6027.77632436	10549.8	3445.72869836
5.369	866.410493966	10023.93	3301.14314056	9502.441	4756.22968096	10502.93	4902.89817227
5.37	725.972357295	9988.77	3048.5280425	9467.285	4510.1004423	10536.62	4382.65222356
5.371	721.43468556	10003.42	2317.44793659	9536.133	3632.8237334	10548.34	4593.01413194
5.372	579.143974986	10023.93	2554.64452002	9483.398	2838.17935125	10532.23	3735.67400112
5.373	576.432479611	9962.402	2809.46074715	9467.285	4632.86977341	10458.98	2193.74552839
5.374	529.626742161	10001.95	3198.4629698	9530.273	2148.09450636	10500.0	2576.6385234
5.375	581.080355848	10029.79	1858.92162214	9511.23	2879.8710269	10463.38	4633.34140784
5.376	547.907829445	9963.867	1765.62850894	9533.203	2081.29039883	10543.95	3719.81153553
5.377	441.659602157	9972.656	3038.1432109	9470.215	2675.07835413	10478.03	3538.4981172
5.378	444.045940473	9999.023	1920.46190298	9517.09	2999.76572286	10529.3	1908.41665969
5.379	443.459163925	10028.32	1974.06677119	9483.398	3422.32541107	10501.46	1809.9839886
5.38	418.299668695	10044.43	2011.69977733	9451.172	2067.79329119	10542.48	1771.98812005
5.381	428.440643976	9974.121	1802.7623785	9468.75	2559.04689581	10454.59	2135.58213148
5.382	380.454286829	10007.81	1253.16347726	9522.949	2766.85666071	10470.7	1840.38998853
5.383	337.397853618	9981.445	1207.2431274	9515.625	1362.99069861	10533.69	1759.34653143
5.384	373.092552993	9963.867	2310.19308991	9462.891	2612.32370107	10458.98	1954.97391182
5.385	333.634910383	10004.88	1019.97645086	9506.836	2087.20352681	10466.31	4181.78581175
5.386	300.805394412	9979.98	1552.22118275	9496.582	1606.83311959	10519.04	1756.34355353
5.387	303.733275655	10022.46	1261.11889005	9521.484	2364.49648608	10538.09	2268.73263707
5.388	265.95346176	9996.094	1085.17345366	9547.852	1813.92360687	10478.03	2084.5202512
5.389	270.29609212	9994.629	1719.90045453	9486.328	1433.0633455	10549.8	1152.36575173
5.39	243.305776498	10029.79	743.987958632	9528.809	1982.56398531	10513.18	1695.59993261
5.391	242.273273843	10048.83	1020.40454768	9531.738	1135.05420338	10533.69	2275.47229884
5.392	272.769498421	9991.699	665.467452074	9525.879	1424.0423992	10495.61	1100.79376782
5.393	242.551482794	9975.586	1695.36068043	9514.16	1047.79004054	10542.48	1139.30352877
5.394	238.373526804	10031.25	890.813079812	9509.766	1212.87697733	10475.1	1587.60600333
5.395	204.035176037	10004.88	1099.97135887	9539.062	1488.99390732	10507.32	1434.14208703
5.396	219.093243496	9993.164	2294.23452281	9454.102	1382.83275885	10464.84	1311.05359259
5.397	212.127900603	9960.938	965.784928057	9452.637	1715.0435874	10541.02	1224.71309762
5.398	163.090323082	10023.93	1338.34104502	9479.004	1666.63114264	10542.48	1508.61200336
5.399	180.881554125	10037.11	676.054043225	9479.004	1341.90466985	10460.45	935.483777993



# Try try and try again
5.0	863.532723355	10028.32	2655.56426585	9515.625	5798.68929584	10469.24	4618.75953715
5.001	711.704306047	10007.81	2683.73652389	9500.977	4855.38082694	10488.28	4561.04939811
5.002	818.691931823	9969.727	2745.62936027	9483.398	3961.70617775	10483.89	4695.5654721
5.003	728.470977928	10048.83	3764.63381625	9543.457	6912.3531587	10523.44	5701.71793908
5.004	714.973309877	9955.078	3058.53424004	9509.766	4459.1817389	10529.3	3821.59586054
5.005	846.558407135	10010.74	3870.53859152	9540.527	3561.65286571	10472.17	6864.32974723
5.006	839.82136524	10010.74	5979.29082631	9455.566	4880.46023427	10485.35	5378.44687703
5.007	840.808149159	10031.25	4060.02475809	9537.598	5856.77664471	10520.51	5867.97987894
5.008	763.578417673	9987.305	3786.25937472	9454.102	4854.69133255	10549.8	4125.77990714
5.009	876.747601461	9956.543	4389.21360735	9524.414	4187.03112859	10532.23	2628.41169961
5.01	745.278574184	10013.67	3653.56979858	9457.031	3593.55207234	10483.89	2437.26341697
5.011	833.25789503	9975.586	3148.20556925	9508.301	5240.79708995	10519.04	4147.00587102
5.012	797.761434385	10038.57	4587.0044674	9500.977	4881.015262	10500.0	8222.99346319
5.013	768.237057711	9958.008	4776.14778535	9522.949	8122.17851346	10479.49	6530.55876073
5.014	752.199880964	9975.586	3233.45482554	9511.23	4423.97231628	10510.25	5543.90700927
5.015	747.782165325	9956.543	2989.34484795	9476.074	3881.73689532	10473.63	4174.65954363
5.016	872.076048355	9987.305	4226.00061902	9495.117	4922.84789357	10480.96	6589.54417745
5.017	828.403062219	10010.74	3426.24614227	9530.273	4034.03208739	10483.89	4264.72675148
5.018	770.112663069	9999.023	2143.82036164	9495.117	4702.64668355	10514.65	4366.14160998
5.019	710.997651146	10012.21	4142.3339477	9520.02	3252.0985624	10505.86	4287.73031733
5.02	718.30461335	10037.11	3720.64386151	9514.16	4098.34481665	10450.2	9792.64595902
5.021	792.422858035	10025.39	3053.21587089	9464.355	6192.39042947	10470.7	4830.48288339
5.022	789.016925759	9969.727	2981.48255825	9461.426	4862.30787549	10507.32	7955.69575312
5.023	591.043601381	9979.98	4060.22229326	9533.203	4736.46069998	10514.65	5995.16751082
5.024	708.032940981	9965.332	2622.01409347	9455.566	3847.50594298	10450.2	5444.9733001
5.025	594.548143212	9962.402	2554.20222859	9486.328	5404.84389672	10475.1	2858.24833775
5.026	590.706750228	10023.93	3532.23597166	9539.062	3191.80666156	10498.54	4709.37232584
5.027	652.440041815	10015.14	1922.35818957	9500.977	2593.97140514	10546.88	5299.61641448
5.028	563.293214875	10013.67	2197.18822836	9459.961	5478.45387863	10533.69	4045.3934526
5.029	596.197582136	10016.6	3173.11683477	9470.215	2808.13237071	10489.75	4676.65378333
5.03	686.537314553	9965.332	3114.72623386	9505.371	7226.66335541	10453.12	3329.81497099
5.031	679.470050268	10013.67	3585.09822952	9511.23	3274.18094131	10526.37	3890.4974434
5.032	598.017496728	10022.46	3352.85776821	9534.668	4675.07935336	10502.93	4036.91686327
5.033	529.88531813	10042.97	2669.9836374	9522.949	3472.93124442	10501.46	4004.71168871
5.034	621.948495381	10034.18	2917.34784083	9467.285	3181.10473021	10472.17	5516.48707795
5.035	585.382871954	9985.84	3072.12324464	9462.891	4647.560632	10513.18	4471.66489279
5.036	531.293373634	10038.57	2102.71526752	9536.133	3518.81714611	10524.9	4715.50929051
5.037	517.856738478	10037.11	2608.82268007	9549.316	3381.19646748	10527.83	4119.12538223
5.038	608.510649929	9962.402	2522.15145558	9541.992	3201.47375605	10505.86	3202.66412059
5.039	549.890751923	9991.699	2200.95975953	9455.566	9292.75535697	10476.56	4511.35995839
5.04	555.114498218	10019.53	6457.2992435	9508.301	3144.93456623	10538.09	2835.97902426
5.041	498.484164856	10040.04	2176.38695657	9473.145	3451.63632158	10507.32	2048.21236052
5.042	481.456763831	10007.81	1262.85306686	9544.922	4933.52664497	10543.95	4418.82070427
5.043	518.95024941	10044.43	1764.91763039	9465.82	3239.64164969	10467.77	4617.01330107
5.044	496.675813318	9969.727	2768.47514628	9514.16	3557.43581119	10539.55	3319.58680789
5.045	538.273256946	10004.88	2329.0427763	9520.02	3404.78646325	10451.66	2376.87412251
5.046	485.235872804	9994.629	1816.69847088	9515.625	2812.48224287	10476.56	7736.43628418
5.047	494.842834065	10032.71	2542.53851205	9511.23	2618.41892982	10454.59	3607.06624726
5.048	545.891126899	9974.121	3419.75992915	9480.469	2884.53712067	10494.14	3284.56631171
5.049	555.519318029	10031.25	3277.19119598	9458.496	3703.76622126	10482.42	2776.73258935
5.05	476.91867576	9988.77	2014.19118125	9459.961	3695.33702495	10461.91	3137.83249846
5.051	507.755840842	10012.21	1671.07329072	9486.328	4006.26525476	10545.41	5946.58850248
5.052	509.247589493	10023.93	2527.71843181	9528.809	2655.12412607	10536.62	3360.11345127
5.053	593.001363602	10023.93	2452.84884075	9514.16	3092.330135	10457.52	2818.29881558
5.054	494.283529823	9999.023	3440.49230249	9473.145	4853.28843786	10502.93	2348.11137238
5.055	523.834559767	9958.008	1996.35765597	9525.879	2886.78540517	10451.66	2849.62472584
5.056	484.832663043	10023.93	2370.46018312	9547.852	3595.84697373	10494.14	2502.34160665
5.057	536.109097408	9962.402	3040.06040642	9544.922	2516.89759254	10489.75	4101.91031932
5.058	511.393957782	9965.332	2023.95419839	9536.133	4897.74830772	10457.52	4400.39721927
5.059	501.054413592	9958.008	3099.5328042	9518.555	2211.81546498	10543.95	4916.6344608
5.06	561.187921567	9990.234	2796.97593676	9462.891	3005.55900789	10526.37	4011.98753887
5.061	544.460549417	9979.98	4251.90232502	9467.285	3064.72482645	10521.97	4323.93150202
5.062	511.61426094	9978.516	1753.55702254	9502.441	2839.56329013	10514.65	3508.28378485
5.063	523.272960087	10006.35	2441.96784763	9457.031	3839.4146018	10542.48	4353.45593932
5.064	514.176394642	10012.21	2182.51951756	9511.23	2783.67484459	10511.72	1532.75077933
5.065	536.550128785	10006.35	2057.65586512	9520.02	4076.44064662	10517.58	4207.10554171
5.066	455.002950382	9979.98	3659.29848053	9511.23	4394.23493248	10542.48	4143.76867588
5.067	466.160632612	10029.79	1793.26690232	9515.625	4072.73962861	10501.46	4668.31137742
5.068	441.942088363	10026.86	1717.71786048	9484.863	2786.25840801	10494.14	3597.64817951
5.069	476.852381512	10037.11	1956.97641228	9495.117	2644.60250721	10548.34	4156.86134559
5.07	458.132634172	10013.67	3151.42100474	9479.004	1603.87750704	10541.02	2998.26159071
5.071	535.499438976	10013.67	3534.59219444	9490.723	3435.57732396	10538.09	2791.65478157
5.072	529.957617387	10031.25	1795.58836503	9464.355	4337.21072758	10473.63	4776.35140226
5.073	509.656194541	10000.49	1789.28073549	9512.695	3152.21425493	10514.65	2944.52712992
5.074	468.335829624	10006.35	1831.73747595	9544.922	3097.84183969	10483.89	4245.36270743
5.075	510.192521103	10038.57	2223.54515593	9515.625	2604.37995621	10463.38	2641.19553209
5.076	496.649822362	10048.83	1705.84294179	9508.301	2688.02730374	10454.59	3587.05903176
5.077	471.76353716	9971.191	2086.73754936	9514.16	2825.59172007	10494.14	4009.77464407
5.078	457.724143233	10021.0	2886.4830104	9530.273	3947.7529361	10514.65	3472.08584156
5.079	531.637021841	9979.98	2282.81683353	9517.09	3859.07720964	10485.35	2364.56294758
5.08	547.35143103	9999.023	2104.22396944	9521.484	1953.58648291	10504.39	2556.97656408
5.081	460.835653701	10042.97	3276.79313916	9465.82	1782.4158805	10521.97	3676.83529997
5.082	477.063348889	10047.36	2596.83712541	9547.852	4287.24233845	10485.35	2739.34664504
5.083	461.681046943	10006.35	2914.7203928	9512.695	2886.19844875	10476.56	2081.72388844
5.084	498.981550773	10004.88	2116.02846283	9452.637	3551.9963169	10521.97	2490.66416418
5.085	466.498539429	9997.559	3111.78138075	9452.637	3496.30845255	10538.09	4515.80114884
5.086	513.498220142	10028.32	3098.62990583	9451.172	2954.99594783	10451.66	2782.05013811
5.087	450.878268277	10006.35	2450.02197742	9522.949	3417.46841999	10548.34	3124.82578806
5.088	536.001731425	10003.42	1942.79590181	9502.441	3640.03902941	10532.23	2621.66217252
5.089	500.007508234	9962.402	2014.20035852	9540.527	2050.31999411	10475.1	2079.42042873
5.09	484.42558755	9960.938	2049.0572826	9495.117	2367.61691294	10517.58	2618.32314526
5.091	422.116977966	10044.43	2941.73335502	9461.426	3032.63923153	10500.0	3199.57670072
5.092	451.261891669	9975.586	2410.43369838	9546.387	3366.34320166	10523.44	3075.41434876
5.093	489.913428294	9988.77	2135.89012465	9490.723	2864.26333102	10526.37	3127.07473715
5.094	493.814646455	10004.88	2667.48137505	9467.285	2805.76390121	10523.44	3204.32905756
5.095	476.002360815	9965.332	1351.39041077	9521.484	2080.630377	10473.63	2919.46804118
5.096	439.307983198	9958.008	2014.09588524	9534.668	3840.39182948	10549.8	1988.09078678
5.097	532.777552451	9999.023	4375.2043683	9484.863	2246.85291524	10508.79	2555.8254882
5.098	449.929086429	9988.77	2569.37723625	9479.004	3055.47713697	10513.18	3315.57156145
5.099	488.555083511	10028.32	2074.38729775	9515.625	3931.95331382	10470.7	3651.70283234
5.1	512.082500768	9977.051	3101.06704795	9525.879	2743.62004503	10500.0	2620.97257248
5.101	466.972401245	10041.5	2048.5249892	9511.23	2419.47230102	10532.23	2726.82495515
5.102	522.747902088	10007.81	2506.49370064	9461.426	2528.22664534	10536.62	7754.3432726
5.103	474.388942159	9979.98	2345.303481	9503.906	2645.67107099	10450.2	2344.16419688
5.104	463.130956406	9965.332	2832.13618856	9461.426	3618.01812665	10529.3	5501.12185077
5.105	492.991381238	9974.121	2762.59971854	9480.469	3491.02735558	10485.35	3123.78135745
5.106	506.905431475	9984.375	2290.10217508	9517.09	5346.70041033	10532.23	2644.1996989
5.107	483.892710705	10003.42	2364.91198625	9547.852	3096.3818741	10533.69	4045.59417581
5.108	513.53423478	10000.49	2076.79129771	9479.004	2919.57129997	10495.61	4490.83724861
5.109	577.298908114	10031.25	2169.85733568	9531.738	2805.29814646	10476.56	3532.17860489
5.11	491.772180951	10009.28	2105.41256795	9479.004	3235.34057745	10491.21	4402.0873563
5.111	526.696297648	9978.516	2724.52311368	9458.496	3116.7246436	10533.69	2926.39589026
5.112	653.155548583	9968.262	2396.80625569	9528.809	3659.77331149	10472.17	3581.45852975
5.113	677.444416353	9972.656	2911.22063362	9536.133	5004.9248875	10453.12	3019.34998524
5.114	727.095896468	9968.262	3830.1385034	9506.836	4603.96842661	10521.97	5461.61554462
5.115	526.843721033	9985.84	3086.53702198	9536.133	3697.60083186	10464.84	3290.98908787
5.116	565.753668469	9981.445	2993.90943564	9473.145	3570.15930903	10497.07	2874.28321782
5.117	535.057013647	9985.84	4496.87257164	9512.695	2780.10592476	10475.1	4600.45256241
5.118	514.031321539	9997.559	3320.80918355	9470.215	3761.24375095	10456.05	3934.87488997
5.119	443.528738702	10019.53	3338.82710536	9461.426	3598.5875815	10478.03	2627.06713992
5.12	516.58599621	10018.07	2373.5486382	9549.316	2329.97002248	10536.62	3101.50697835
5.121	520.206118477	9953.613	3644.87849302	9511.23	2772.02076173	10505.86	3690.4728629
5.122	514.560195641	9975.586	1408.82800305	9536.133	3270.03259349	10530.76	4837.6107565
5.123	529.358010401	9955.078	2770.86260192	9461.426	3480.3095143	10530.76	4417.99101509
5.124	532.536744872	9981.445	3273.30237159	9455.566	2337.45446353	10497.07	2537.98106589
5.125	502.403611749	10038.57	3167.60426009	9477.539	4033.61815716	10489.75	3221.78966679
5.126	589.59004748	9999.023	4102.90829759	9486.328	3814.2035624	10545.41	2247.38820569
5.127	623.354182096	10001.95	2432.94335812	9471.68	2891.6457092	10488.28	3609.73857597
5.128	541.608329093	10021.0	2952.0936504	9525.879	4525.39878387	10475.1	3179.79948819
5.129	534.137931497	10018.07	2589.00838791	9457.031	4423.7570107	10548.34	4255.83872152
5.13	589.075874754	9952.148	2916.59421977	9515.625	2442.67073341	10466.31	3087.79313667
5.131	560.356150538	9968.262	2301.83285454	9502.441	1980.15575787	10545.41	4812.31462253
5.132	573.200400952	9959.473	2460.16640389	9541.992	4553.3023097	10542.48	3134.17795874
5.133	603.197451951	9966.797	3253.89885461	9533.203	2840.4236884	10479.49	3420.84741426
5.134	545.545983749	9975.586	2669.93947413	9533.203	2664.89099833	10527.83	4727.25543959
5.135	572.408286112	9990.234	3094.91720273	9524.414	4355.52932728	10513.18	5281.47752439
5.136	545.797298297	9988.77	2320.97101293	9481.934	4774.17893731	10495.61	5416.09843753
5.137	637.932561314	9975.586	2571.9075657	9489.258	4817.05213471	10467.77	3705.26414635
5.138	648.851581045	9994.629	4632.31170844	9495.117	4028.85224499	10520.51	8423.32354905
5.139	707.879082078	9979.98	2657.59512678	9534.668	4450.49303652	10539.55	7557.29583308
5.14	618.604687257	10023.93	4034.12058617	9530.273	3527.16465267	10456.05	4205.83077277
5.141	649.377030669	10012.21	3855.50667563	9471.68	4719.12501442	10483.89	3146.19978661
5.142	658.895708023	10022.46	2191.76460916	9531.738	2966.78697386	10520.51	6347.14843807
5.143	631.535980354	9979.98	3971.46618657	9484.863	6187.2319342	10454.59	3030.39513393
5.144	687.47185756	10013.67	3141.06765884	9505.371	3794.53977976	10542.48	4306.59847828
5.145	653.861485966	10026.86	3288.12735945	9531.738	5117.24922205	10461.91	2502.79823757
5.146	639.79291169	9994.629	3581.37239783	9527.344	2694.64416176	10500.0	5616.07607286
5.147	580.356356165	9971.191	3882.33120951	9481.934	3829.31594468	10542.48	5145.07466192
5.148	735.878663691	10018.07	3689.5592484	9473.145	5922.67318189	10520.51	6006.4137265
5.149	659.693085074	10035.64	2705.61616135	9498.047	4179.21576479	10510.25	4192.83600958
5.15	602.509444076	10023.93	3199.27097133	9484.863	4081.18685625	10456.05	4554.35068966
5.151	653.419006628	9960.938	2584.07148195	9543.457	3502.7231421	10521.97	3196.15524469
5.152	686.267269194	9959.473	2853.37445525	9518.555	5775.62411432	10504.39	3528.93201901
5.153	716.684084184	9993.164	4200.22861641	9541.992	5710.77311836	10519.04	5836.40863562
5.154	671.820611195	9963.867	2766.73683867	9468.75	4586.93492973	10507.32	3983.25811007
5.155	670.967057999	10026.86	3299.7477371	9493.652	3117.49480684	10519.04	4076.75891024
5.156	741.606110969	10013.67	2416.06401681	9458.496	2730.34146214	10480.96	3048.50116984
5.157	688.762307706	9977.051	2623.1103856	9524.414	5385.08877553	10469.24	3460.74730918
5.158	697.437065384	9974.121	4065.21014998	9511.23	5726.69848172	10498.54	6220.52258478
5.159	812.982194948	10044.43	3869.68095032	9451.172	4681.88426975	10470.7	4753.86384259
5.16	842.738456285	9981.445	5158.7472748	9467.285	3986.07192559	10516.11	10280.4918161
5.161	757.991255898	10040.04	3176.71663096	9496.582	5948.20240516	10549.8	8479.71434702
5.162	743.037709755	9971.191	2636.6771991	9522.949	6059.17896767	10470.7	2849.29433479
5.163	695.822608856	10041.5	4048.9963183	9502.441	4105.92259456	10542.48	6600.62132708
5.164	816.403150814	10013.67	2677.42201312	9524.414	3469.05487793	10478.03	5148.2823068
5.165	773.497642818	10029.79	3611.01095725	9520.02	5568.45721523	10464.84	3930.23449556
5.166	926.156795509	9966.797	3247.04907464	9549.316	4718.32357991	10526.37	4611.37255515
5.167	841.838273991	10025.39	3566.27012328	9498.047	5151.93730514	10520.51	4991.34242156
5.168	885.223198662	10035.64	3773.4444518	9512.695	8001.66709468	10454.59	7464.92322495
5.169	896.56568863	9982.91	3516.73347011	9537.598	4842.51264962	10500.0	5202.20187249
5.17	742.241708857	9975.586	4884.25500215	9477.539	4451.71176446	10527.83	4529.95228949
5.171	835.755277931	10016.6	3568.71857486	9495.117	5234.12137789	10480.96	4035.38966614
5.172	791.211450575	9984.375	3396.68937855	9487.793	4695.60173178	10510.25	7179.13581474
5.173	816.649259174	10018.07	3579.96510331	9537.598	4806.38863446	10479.49	7425.20860901
5.174	775.379224971	9997.559	2701.44368223	9536.133	5577.39076891	10500.0	3455.69302445
5.175	874.754740154	9974.121	3765.8044756	9493.652	4375.14708042	10523.44	3499.86692201
5.176	864.387893487	10021.0	3335.69572518	9506.836	5039.55262827	10516.11	3228.1799263
5.177	908.727578641	10037.11	5122.74024024	9454.102	5296.7557622	10502.93	4398.53828229
5.178	993.64844869	10045.9	5349.06067793	9487.793	4889.09964071	10538.09	10444.4598243
5.179	972.504145662	9952.148	3224.7306784	9534.668	5585.62189595	10532.23	5436.55615484
5.18	860.926174566	9968.262	3987.53911033	9515.625	5623.9111788	10538.09	4694.47588564
5.181	915.987463857	9950.684	5327.78593536	9457.031	10748.7403007	10523.44	6455.0355396
5.182	838.786572673	10025.39	5653.43745188	9544.922	5221.2194296	10542.48	4352.30321243
5.183	1016.5064982	10022.46	6523.58864977	9503.906	7691.74223105	10504.39	6482.6431362
5.184	913.391941388	9968.262	3539.89323479	9499.512	7709.74771964	10511.72	5500.83525903
5.185	898.4755628	10003.42	3716.02238931	9521.484	6898.10158824	10480.96	5480.00241692
5.186	1033.39494928	9956.543	5202.7402439	9468.75	5304.91607743	10505.86	4586.45803904
5.187	977.65750719	9997.559	2856.73733472	9476.074	4358.52590557	10498.54	4490.92402096
5.188	903.51808498	10001.95	3968.28275642	9454.102	10661.6673129	10473.63	6706.8458377
5.189	1080.23679448	10003.42	4631.96375246	9477.539	5550.01959246	10502.93	4634.57714245
5.19	969.311431947	9960.938	5177.86259763	9473.145	4540.80910947	10464.84	6600.53831444
5.191	1072.9270296	9958.008	6161.16882407	9527.344	9769.36226818	10505.86	4897.49216642
5.192	1108.33069213	10037.11	6557.14286463	9496.582	6059.26478219	10454.59	4819.07031406
5.193	1136.85053914	9981.445	5413.79852002	9515.625	8738.96304942	10517.58	7491.90261291
5.194	1058.02535978	9952.148	5810.17615546	9518.555	5981.54792595	10535.16	8004.67224573
5.195	1139.72579798	10023.93	4265.8943923	9477.539	6404.45040656	10508.79	9820.73281351
5.196	1148.45728611	9979.98	5946.20049073	9470.215	7715.57693786	10538.09	5279.2081651
5.197	1005.93466091	10012.21	5604.63309671	9544.922	5776.47327537	10479.49	7741.84696968
5.198	1087.49163712	10018.07	3497.53937098	9464.355	6286.978021	10482.42	6922.58423421
5.199	1130.05568169	10012.21	4320.15025925	9462.891	6285.71777886	10479.49	6380.5950787
5.2	1132.23409112	10032.71	4693.50478357	9540.527	6187.58587223	10530.76	7525.9213523
5.201	1251.62626074	10003.42	3253.58666958	9480.469	7485.8132177	10480.96	8045.86698202
5.202	1250.33829668	10028.32	8670.98182588	9514.16	9057.19814955	10456.05	7213.67762442
5.203	1091.55173483	9997.559	4878.39025693	9476.074	5433.87899529	10482.42	6781.25724516
5.204	1218.16780424	10042.97	6711.59974731	9470.215	6670.32503243	10488.28	8892.42530804
5.205	1284.27437587	10047.36	6129.36820513	9465.82	6592.2440233	10541.02	6118.60642515
5.206	1021.54516109	10013.67	4171.67428786	9543.457	7876.61866987	10514.65	8985.11656264
5.207	1123.84184885	10037.11	6455.43871654	9500.977	8662.7713259	10516.11	5993.95234948
5.208	1343.68607651	9977.051	7562.61806334	9506.836	7830.67481926	10538.09	7570.03864718
5.209	1351.26833388	10006.35	6226.35309375	9518.555	10551.7608834	10498.54	7513.6489354
5.21	1206.32858316	9977.051	4718.57301216	9477.539	5578.17910759	10516.11	10552.6189009
5.211	1157.90819937	10001.95	5803.29428187	9527.344	8638.57592156	10454.59	5141.5342631
5.212	1315.67880622	9950.684	10649.7651429	9493.652	9716.84375268	10502.93	11396.1999528
5.213	1339.17054289	10013.67	6572.60239839	9515.625	12089.8080647	10519.04	10071.2581294
5.214	1334.02352365	9959.473	5774.08222234	9524.414	8199.33302046	10538.09	9199.93661261
5.215	1338.65762877	9968.262	7009.84436262	9471.68	10894.7710427	10485.35	8110.66316536
5.216	1313.76752592	9966.797	6308.36606207	9520.02	7941.30330921	10457.52	8501.57570341
5.217	1544.65360902	10016.6	4547.34031938	9483.398	8372.7346608	10475.1	10502.3278083
5.218	1383.40557082	10042.97	8685.02347735	9471.68	10115.7254525	10483.89	8426.20139847
5.219	1428.6684591	9971.191	7843.4814836	9477.539	8224.55020651	10480.96	14315.9595449
5.22	1316.97672687	9993.164	6283.01644731	9459.961	10275.6465347	10456.05	12878.8183008
5.221	1598.37082594	10041.5	6877.55337273	9498.047	5669.31634359	10480.96	7869.40717591
5.222	1482.09923066	9950.684	6788.02902796	9522.949	11715.6491455	10453.12	7066.42275689
5.223	1464.15427879	9996.094	6539.29742952	9454.102	6252.79621351	10472.17	10248.8121116
5.224	1390.30702962	9962.402	7680.79238137	9480.469	11191.8933391	10466.31	7282.55395501
5.225	1283.79966301	9972.656	4527.96268333	9493.652	11229.5990208	10535.16	9161.10151566
5.226	1245.18069381	10022.46	5624.78251679	9527.344	9464.18051388	10521.97	9718.93659137
5.227	1308.64498795	10029.79	4518.08787148	9531.738	8579.59060816	10491.21	4698.08152273
5.228	1333.24782792	9960.938	4786.07315992	9520.02	10399.8748344	10485.35	10404.3002656
5.229	1423.32776977	9962.402	5100.76969781	9499.512	11422.0496621	10498.54	12333.7853874
5.23	1433.24602634	10004.88	7106.28850039	9462.891	8374.29325902	10505.86	13670.7300287
5.231	1439.47734214	10013.67	7143.87458309	9506.836	11160.0223564	10479.49	8832.72188452
5.232	1465.50335131	9994.629	9847.86238482	9465.82	9874.07783602	10520.51	10422.4629597
5.233	1582.8204914	10044.43	7213.28138371	9477.539	12344.1546138	10470.7	9941.64931648
5.234	1474.91871971	9969.727	11705.7429194	9465.82	8417.72487009	10502.93	8525.66415788
5.235	1329.96893597	9975.586	9375.37853372	9508.301	7759.0861144	10545.41	14182.7742565
5.236	1498.50459793	10023.93	10516.6750818	9465.82	7340.31236919	10476.56	9481.31472789
5.237	1503.19340444	9972.656	7611.93933599	9499.512	10896.4770591	10508.79	10547.2649285
5.238	1465.69837407	10009.28	6863.24007203	9467.285	7293.27938583	10527.83	7192.15028954
5.239	1549.43418214	10035.64	7410.33886799	9520.02	10155.8910571	10485.35	7799.06961814
5.24	1566.87529728	9997.559	6098.60974569	9533.203	7567.80086036	10501.46	12940.5533316
5.241	1455.82013412	9972.656	7835.74038458	9546.387	9295.96504858	10476.56	15942.4864375
5.242	1573.87166213	9982.91	6610.46623718	9467.285	8327.86905737	10463.38	15932.2513858
5.243	1692.17170497	9974.121	7168.61359573	9512.695	12848.6150417	10536.62	16115.7045621
5.244	2052.60180568	10021.0	8166.26689259	9543.457	22634.859422	10460.45	10701.4004602
5.245	2129.69314864	10048.83	10592.1437885	9461.426	11175.52773	10451.66	13793.818974
5.246	1911.88428013	9996.094	8585.60816134	9515.625	14737.5467515	10529.3	12194.4165945
5.247	2126.05325811	9994.629	8100.11830767	9541.992	9474.89393458	10501.46	19984.5054831
5.248	1747.59136765	9981.445	4642.10635942	9525.879	17500.6855699	10545.41	13936.9341366
5.249	1652.88202764	9982.91	8046.96834991	9461.426	13330.1762408	10523.44	9125.98352471
5.25	1695.72570885	10016.6	10590.4230795	9514.16	17335.7559549	10494.14	11134.9036823
5.251	1823.03241888	9971.191	8898.64261428	9534.668	8128.62182076	10541.02	8654.53344339
5.252	1684.26038904	9952.148	7079.11783005	9515.625	14344.1371792	10497.07	10942.6921451
5.253	1659.46434306	10040.04	3582.2357627	9549.316	4649.04408974	10520.51	13087.1401682
5.254	1475.04144073	9996.094	7900.52899828	9509.766	11115.3486927	10514.65	14185.0901406
5.255	1905.06622149	9962.402	6125.24675177	9505.371	8584.82088936	10501.46	13332.6505631
5.256	1887.04125474	10010.74	9003.57858409	9458.496	13787.0394334	10458.98	15444.3932805
5.257	2055.01259943	9950.684	11575.16533	9483.398	8966.95342685	10513.18	12381.1559519
5.258	1979.95725127	10018.07	7943.61555589	9484.863	11550.0968456	10549.8	8168.97166015
5.259	2335.8557761	9977.051	7882.16821422	9461.426	11721.7152127	10521.97	10041.8440134
5.26	1889.0750907	9966.797	7434.15257513	9490.723	18594.9606223	10526.37	9730.93493953
5.261	2089.6151662	10048.83	10303.348474	9509.766	18957.478796	10521.97	15997.7795344
5.262	1704.1452428	9979.98	9492.09997652	9544.922	19677.3249083	10460.45	8819.37288865
5.263	2184.0508298	10015.14	8028.49440376	9492.188	13091.0293331	10521.97	12682.5397198
5.264	1906.99221946	9952.148	8381.63806465	9543.457	10802.0525671	10478.03	11576.1943722
5.265	1761.81044153	9975.586	6596.76649292	9530.273	11986.1818695	10541.02	13400.1681468
5.266	1690.4918385	10032.71	7794.01082045	9496.582	12583.5524138	10450.2	13389.4808501
5.267	1794.82330705	9966.797	9827.16089391	9508.301	9073.192576	10532.23	13983.9552794
5.268	2083.32643652	9993.164	8117.01796586	9515.625	14901.3226104	10463.38	17064.4174894
5.269	2357.04054996	10025.39	8798.18335975	9459.961	20257.0753113	10529.3	18490.3313468
5.27	2474.60614478	10035.64	8935.67518741	9465.82	20139.4065067	10521.97	14805.4070063
5.271	2599.78017562	10018.07	19095.1203061	9451.172	15788.6834999	10467.77	14171.1161823
5.272	2789.9375869	9990.234	17692.0920118	9470.215	15464.1944199	10486.82	21348.3616146
5.273	3351.47805378	9978.516	8058.60756443	9490.723	23634.41796	10520.51	17925.9281015
5.274	2434.39004898	10019.53	12328.4009879	9515.625	14807.1976762	10461.91	10856.0181058
5.275	2486.76417813	9991.699	13897.8938034	9508.301	15111.8385598	10516.11	11845.9974302
5.276	2246.89182473	9956.543	7136.96814321	9517.09	15276.3997986	10527.83	11959.2428495
5.277	2094.61518135	9969.727	8124.42189065	9527.344	13180.5969361	10461.91	14798.2627914
5.278	2017.12977387	9985.84	9629.40805456	9498.047	12901.6280865	10495.61	9541.61181188
5.279	2165.92960334	10026.86	10448.9764586	9543.457	12594.8631781	10517.58	11585.157038
5.28	2427.31122694	10031.25	8768.64814266	9457.031	16491.0825118	10497.07	18807.9625788
5.281	2045.47773673	10023.93	8638.58595149	9512.695	24944.559213	10460.45	15004.2960558
5.282	2503.93306813	10023.93	9837.42335329	9528.809	19878.6920001	10502.93	13865.6283538
5.283	2243.63882956	10000.49	16397.1364364	9458.496	13977.3204237	10475.1	16372.2937229
5.284	2600.64539705	9979.98	13295.3149556	9530.273	10423.4434609	10545.41	16458.788854
5.285	2854.72606922	10004.88	14853.8345958	9489.258	9095.14846902	10529.3	23542.4526449
5.286	2634.64871806	9953.613	10459.3628843	9506.836	10162.7342879	10482.42	18229.801132
5.287	2676.2375588	10004.88	9369.54006335	9547.852	14980.3695974	10492.68	20146.524049
5.288	2318.94045614	9966.797	9153.57756338	9483.398	13068.1792232	10526.37	27629.5849574
5.289	2438.5591852	10015.14	11137.3322089	9503.906	24191.7026195	10454.59	16317.4875514
5.29	2886.59359085	9966.797	7028.62369256	9533.203	21978.465525	10514.65	31724.6261414
5.291	2470.32253077	9963.867	10517.900302	9479.004	17879.4833028	10451.66	13091.2871018
5.292	2210.62461004	9968.262	14194.5739025	9499.512	17916.1524602	10476.56	11063.3619962
5.293	2367.64797829	10009.28	10595.4043377	9464.355	22519.1184712	10453.12	17841.4644787
5.294	2792.27454879	9982.91	13471.1386482	9465.82	16703.5688425	10526.37	24101.6502902
5.295	2503.94771771	9966.797	12240.8759655	9452.637	17561.4335616	10475.1	17527.48125
5.296	3234.272215	9997.559	20094.6613868	9544.922	16523.9325672	10461.91	17718.9740148
5.297	3426.29135034	9968.262	19755.5471364	9477.539	24586.2310972	10539.55	23156.7714235
5.298	4024.25936516	9969.727	12089.2156848	9506.836	22779.6343458	10507.32	23568.8098206
5.299	3819.63764389	9978.516	15135.3679258	9531.738	20058.7603172	10498.54	22335.6392309
5.3	3637.69602078	9981.445	13723.5903598	9470.215	18641.6551614	10466.31	20478.2920576
5.301	3424.67139928	10025.39	23016.9092118	9549.316	16506.2090128	10507.32	34549.9576562
5.302	3797.08635425	9982.91	12249.3769813	9503.906	23514.3342878	10488.28	23244.3193941
5.303	3388.14827395	10006.35	23000.4620886	9506.836	21561.5068248	10529.3	26827.1148486
5.304	3259.76933362	10004.88	19610.3601685	9521.484	11017.5282711	10508.79	15230.7852414
5.305	3212.8411923	9969.727	13729.1846445	9470.215	25361.8744343	10495.61	14994.229799
5.306	3172.27179272	10041.5	17449.9143111	9505.371	25245.5203487	10541.02	37437.6434087
5.307	3166.32647943	10013.67	19500.1669654	9527.344	19735.9717814	10523.44	19204.5606017
5.308	4183.15509313	10048.83	23280.3495061	9499.512	30367.0466601	10475.1	26280.0332385
5.309	3995.74287373	9997.559	12493.600722	9451.172	20511.1793394	10456.05	17597.3281575
5.31	4577.31779882	9999.023	11737.3376987	9457.031	29599.1130914	10494.14	32721.5063492
5.311	3907.14459993	9982.91	23098.1196906	9522.949	37072.723688	10486.82	21544.3103277
5.312	4533.18586842	9956.543	11157.651071	9481.934	31185.4355297	10494.14	21713.6832869
5.313	4230.48874946	9968.262	15192.7160195	9511.23	16822.9192884	10526.37	29827.3377431
5.314	3749.65883848	9988.77	11849.5866124	9547.852	30371.8005054	10450.2	22514.5905895
5.315	3819.13703191	9965.332	25344.9559426	9477.539	14513.0111081	10454.59	22116.4697188
5.316	4393.60068886	9956.543	14687.8627003	9493.652	19644.9168849	10538.09	22628.7732485
5.317	4148.42097617	10028.32	16416.7675927	9464.355	49988.2789514	10453.12	27311.2279784
5.318	4370.25630434	10021.0	27416.5394551	9520.02	29242.3673161	10510.25	43797.6477504
5.319	4026.38342902	9974.121	17835.1426885	9540.527	38849.4872162	10548.34	22103.6977865
5.32	3938.79206397	10026.86	20193.5259432	9474.609	14629.2991845	10507.32	29475.2371453
5.321	3761.46834737	9990.234	19977.0195686	9508.301	14259.2422337	10511.72	28951.3379149
5.322	4731.55366285	10035.64	16247.5399811	9505.371	21156.3754656	10507.32	33857.9776936
5.323	4547.6940735	10042.97	44268.8000803	9540.527	36738.2870816	10527.83	43329.0268839
5.324	4753.24485448	9965.332	17579.0815373	9527.344	27264.4782956	10519.04	20411.1219283
5.325	4541.67302361	9981.445	27096.8716436	9525.879	24824.6193745	10457.52	35698.368035
5.326	4335.12886469	10025.39	23713.4156143	9493.652	48715.8596607	10533.69	25014.8167354
5.327	5168.64383711	9988.77	12987.7685673	9540.527	25760.9738492	10495.61	45594.0887807
5.328	4611.19237074	9984.375	28574.7585801	9496.582	33719.7292606	10457.52	19706.8663088
5.329	4660.65099039	10035.64	13145.0406008	9536.133	21275.7580382	10513.18	34095.8093145
5.33	4868.42374742	9988.77	24833.4017785	9500.977	29799.8369002	10533.69	47387.6313086
5.331	4719.95631089	10041.5	22081.5933405	9483.398	30996.1730156	10526.37	32049.2050637
5.332	5360.45490293	9994.629	46462.9342414	9479.004	25286.8140662	10519.04	48162.0517155
5.333	4808.81890619	9999.023	25637.3353207	9539.062	41588.9414179	10536.62	28442.8431405
5.334	5354.17562511	9977.051	17480.6701055	9543.457	34350.2411294	10508.79	23983.1834525
5.335	5404.39337791	9963.867	29844.8250701	9473.145	39847.344209	10475.1	38374.0830281
5.336	5181.48371281	9969.727	22526.7584756	9452.637	42088.4275336	10530.76	38411.1491489
5.337	4768.00567629	10028.32	21349.3164257	9502.441	16977.530008	10478.03	27051.6897367
5.338	4756.26455326	10028.32	14488.1439047	9471.68	28712.9465819	10521.97	23021.4485111
5.339	5222.67001996	9968.262	18900.782972	9490.723	24337.2350227	10453.12	38673.6035779
5.34	5140.68147428	10023.93	30345.1836162	9458.496	22290.0519504	10489.75	33959.5318413
5.341	4733.82780778	10038.57	15596.1236494	9496.582	25917.5131764	10497.07	41424.9493592
5.342	4945.08417493	9971.191	27400.3478987	9517.09	26958.2562559	10453.12	42441.6346475
5.343	4339.52735963	9977.051	20936.2816363	9480.469	31076.91244	10502.93	23071.8848767
5.344	4752.99693782	9996.094	34177.6529196	9473.145	33667.5269695	10510.25	22152.0764068
5.345	4610.19287743	10019.53	15326.3899815	9517.09	34363.7940422	10473.63	29601.8240031
5.346	4819.04878189	10019.53	25140.8072438	9527.344	42240.3721182	10489.75	37752.2690123
5.347	4940.58018348	10013.67	19217.1493543	9533.203	24128.3403922	10483.89	22787.7094578
5.348	4692.30541712	10009.28	18022.1152456	9549.316	24016.735054	10463.38	25863.0832417
5.349	3752.26416407	10035.64	20455.822208	9515.625	19363.6915783	10461.91	34962.6561689
5.35	4239.05764897	10013.67	33895.5812832	9451.172	23600.5568047	10463.38	28841.0695135
5.351	4178.77035481	10034.18	16557.2145202	9533.203	21972.0626484	10454.59	26448.7064019
5.352	3697.79397238	9959.473	19927.9292036	9467.285	28462.8444029	10542.48	23782.6302782
5.353	3790.48155647	10038.57	14471.9336367	9537.598	23125.9361021	10520.51	24385.5568356
5.354	4102.05192688	10010.74	29449.1107334	9540.527	14547.6392593	10458.98	27762.5462361
5.355	3522.10949438	10021.0	18414.7532486	9451.172	25467.420162	10524.9	25093.915051
5.356	3950.19075682	10000.49	25243.1417167	9467.285	22907.9704022	10461.91	39291.7705206
5.357	3958.30493351	9979.98	10158.7994627	9511.23	18765.6969231	10485.35	27026.7591878
5.358	3539.79224735	10009.28	14663.0163641	9512.695	44073.8901504	10538.09	16075.5654756
5.359	3126.55991765	9991.699	16936.1770877	9522.949	17758.4570443	10536.62	22815.981013
5.36	3753.32200798	10037.11	11677.3113774	9531.738	24726.0444877	10450.2	17350.3086014
5.361	3158.12372557	9999.023	15478.5675517	9481.934	22620.9681558	10541.02	26963.5847743
5.362	3657.75141307	9984.375	11354.148456	9471.68	24429.686674	10492.68	21115.2345545
5.363	3315.0510115	10019.53	23022.8634964	9531.738	19095.528162	10520.51	22211.5596291
5.364	3159.34741355	10021.0	12242.1060699	9492.188	16039.3748526	10495.61	18857.3217197
5.365	2698.43187087	9959.473	19358.0657121	9490.723	20322.2892655	10530.76	24746.2987824
5.366	3028.84608275	10015.14	16441.4888888	9518.555	22263.7652601	10466.31	18472.9711745
5.367	2997.21049212	10019.53	12911.7418998	9539.062	14186.1242298	10461.91	19169.1000383
5.368	2812.51592814	9971.191	13650.8527432	9477.539	16608.2221754	10467.77	35258.9449029
5.369	2853.69132459	9965.332	15336.2687466	9480.469	22658.0156588	10538.09	36679.8584603
5.37	2936.69250131	9981.445	14204.2649187	9480.469	17507.9252557	10535.16	14981.0399633
5.371	2313.06598733	9975.586	10105.8764413	9462.891	20759.6742779	10467.77	14096.7480805
5.372	2575.63782046	10007.81	6902.87032231	9539.062	18060.8421745	10539.55	16743.9731606
5.373	2719.75443754	10029.79	11071.4783407	9492.188	23268.2922903	10498.54	18974.1320899
5.374	2094.72811395	9960.938	27706.1392523	9500.977	10315.9817212	10510.25	11744.6489532
5.375	2689.62063149	10018.07	18258.5831993	9471.68	13111.1472386	10535.16	17191.6765936
5.376	2429.17603226	10025.39	12714.4047253	9540.527	14493.0139742	10467.77	15442.1328719
5.377	2175.46797635	9956.543	12455.1990478	9473.145	15920.9668802	10461.91	16047.484951
5.378	2105.69752865	9997.559	13332.4362271	9492.188	20275.0743224	10517.58	10618.636265
5.379	2196.89326156	10025.39	11160.4081107	9539.062	14696.8834586	10494.14	17741.2318691
5.38	1982.90962219	10025.39	13528.5969479	9499.512	10522.1329028	10466.31	16216.0023133
5.381	2064.98813146	9993.164	14240.1756313	9465.82	14545.040494	10539.55	20573.1937292
5.382	2232.36381355	9999.023	10501.6230825	9474.609	13275.9678967	10517.58	13793.9789625
5.383	1809.73816985	10016.6	7632.14878196	9522.949	12209.6322231	10492.68	16281.9946811
5.384	2221.06653951	10034.18	9742.40521836	9503.906	9591.86414493	10548.34	10540.6681351
5.385	2062.34050379	10047.36	7160.94152942	9509.766	10999.5388876	10469.24	16218.4885539
5.386	1981.43243439	9979.98	10329.4536612	9480.469	18764.7461819	10458.98	12816.0898241
5.387	2044.93957275	10045.9	7606.66324926	9467.285	10915.9320112	10546.88	9231.29969517
5.388	1875.38723353	9994.629	8325.12449168	9522.949	10132.8519799	10480.96	8352.09026055
5.389	1827.1423423	9981.445	6767.71411194	9540.527	12745.0083952	10495.61	19300.5755485
5.39	1718.43754795	10023.93	5371.76686996	9473.145	9351.86850198	10543.95	6425.87888192
5.391	1910.0347801	9991.699	5733.62773483	9541.992	10317.7198707	10538.09	13488.0578294
5.392	1543.50970253	9953.613	21531.1167928	9470.215	10259.4415165	10450.2	8650.57152462
5.393	1728.61676529	9977.051	7084.23610666	9524.414	9572.99942356	10505.86	8115.88887082
5.394	1589.30795919	10025.39	6044.51312575	9496.582	8204.62055941	10469.24	8098.14652066
5.395	1497.33763378	9988.77	5896.93141962	9536.133	11237.8015872	10516.11	11361.4616417
5.396	1680.80462116	9974.121	6101.73476108	9492.188	14625.9138607	10527.83	13614.5181323
5.397	1625.34138911	9963.867	5925.37767075	9514.16	7465.51311656	10485.35	11608.7596283
5.398	1411.9194688	10038.57	6336.26423799	9543.457	12961.340097	10513.18	21649.3971785
5.399	1630.59869451	10038.57	4814.9527485	9464.355	10105.5906931	10485.35	11894.2114325
