


# Power off
3.8	8.89582570113	9988.77	33.281140958	9487.793	47.930555527	10488.28	61.0983755329
3.801	9.75429847532	10042.97	59.3453995242	9479.004	61.4085563138	10461.91	44.634593948
3.802	9.81857805453	10042.97	68.115006866	9474.609	42.8890177825	10456.05	52.5192968574
3.803	9.58036227268	10048.83	31.240430462	9543.457	92.6111481733	10514.65	103.758236907
3.804	10.1733503578	9979.98	40.8250581398	9520.02	108.875322901	10457.52	80.3714839024
3.805	10.205517044	9987.305	42.8726447973	9541.992	83.9437751978	10467.77	41.1539970717
3.806	10.1786720391	9982.91	65.0560510071	9470.215	66.4097216849	10495.61	72.0092634896
3.807	10.3474006256	10042.97	37.5674687062	9544.922	65.4053368133	10508.79	48.4909601166
3.808	10.1982197281	9953.613	40.5173135198	9459.961	109.296596546	10463.38	63.44844641
3.809	12.1338482804	9971.191	33.4938195502	9465.82	74.8203595786	10466.31	74.5640117586
3.81	10.1066628286	10016.6	47.0532514504	9502.441	62.3774687156	10517.58	52.7754313022
3.811	10.8925866355	10042.97	53.4738879042	9543.457	92.6584855774	10478.03	75.7220315046
3.812	11.1607860936	9993.164	38.7834611885	9509.766	53.4653817072	10473.63	67.1869933836
3.813	9.28622031084	10035.64	42.6116481847	9455.566	66.5819807719	10470.7	75.3734268027
3.814	9.91889177445	9955.078	34.9882706361	9543.457	102.110133438	10460.45	72.2525014493
3.815	8.95040807647	10042.97	34.8329739185	9508.301	64.5089675005	10543.95	64.0988153471
3.816	10.4947128256	10042.97	49.8061511822	9544.922	39.2639719645	10546.88	71.8123776699
3.817	8.41600239019	10044.43	87.6833984049	9495.117	67.1364368398	10470.7	49.4905454946
3.818	8.82278107727	10044.43	56.3973148557	9544.922	81.1131478585	10486.82	62.9685240265
3.819	9.65544038264	10016.6	38.7775229964	9503.906	52.0011434011	10539.55	72.643179968
3.82	10.1170389934	9952.148	41.2102509992	9517.09	52.3079894678	10501.46	55.366380504
3.821	10.4010476915	10045.9	66.6697720555	9455.566	61.7700634167	10505.86	56.5475914931
3.822	11.1885151019	10000.49	40.6072599513	9487.793	87.2975640258	10485.35	79.7771254731
3.823	9.46853021122	10045.9	122.985719558	9546.387	63.9060067014	10464.84	69.5721925018
3.824	9.7025951644	10045.9	91.9268680021	9492.188	98.8652956862	10486.82	68.3887254208
3.825	10.5502311221	9988.77	37.7334677263	9458.496	42.1922589029	10451.66	72.471381885
3.826	10.195004583	10012.21	48.4038693057	9493.652	45.1432373318	10480.96	52.8972439826
3.827	10.0181284842	10045.9	55.7786456253	9486.328	38.1962787707	10526.37	70.8313521489
3.828	9.40471516854	9977.051	54.2908166067	9544.922	125.513058382	10497.07	79.5965317773
3.829	10.7841644711	10044.43	76.1425514954	9544.922	57.341434505	10457.52	45.7403657145
3.83	10.677466511	10044.43	46.4468080441	9512.695	40.8810883024	10546.88	39.0688412195
3.831	9.31113722705	10044.43	77.1100095086	9502.441	49.0875681936	10479.49	38.8340576022
3.832	10.3545170482	10044.43	43.3378245561	9458.496	54.4653596034	10510.25	38.044189935
3.833	9.99810518896	10044.43	72.3286772353	9468.75	49.700972317	10466.31	48.2040456783
3.834	10.1486510365	10045.9	53.8839858114	9483.398	54.8086682988	10451.66	81.1476185146
3.835	9.24805082286	10044.43	40.0522465972	9479.004	58.7757564785	10517.58	61.6678697304
3.836	8.48544508712	10044.43	53.4792819391	9549.316	41.770183338	10470.7	60.1787449786
3.837	9.59626313933	10044.43	93.315190889	9480.469	62.2170185183	10463.38	44.3565500823
3.838	9.0103609355	9974.121	46.8826031331	9514.16	69.687711061	10456.05	62.1606412535
3.839	9.42784793007	10041.5	35.0958724414	9514.16	60.4915425258	10467.77	86.0598253624
3.84	8.87319142799	10016.6	28.1077008359	9536.133	66.2586008977	10529.3	45.1432552301
3.841	10.440352589	10042.97	131.960975948	9477.539	130.971212775	10511.72	50.1762658992
3.842	12.6464488505	9978.516	45.4972665633	9480.469	73.7909104273	10549.8	45.0560237085
3.843	11.5340925778	10019.53	40.9887692129	9544.922	63.4643958555	10543.95	118.135427508
3.844	10.5092860326	10045.9	57.1653051914	9462.891	83.7135329053	10543.95	49.2730274701
3.845	11.1404579015	9956.543	35.5334954271	9454.102	93.0757046632	10516.11	66.7146647483
3.846	11.433194507	10013.67	52.2484302259	9524.414	95.649287141	10508.79	68.593084666
3.847	11.9897405525	10045.9	46.1924995425	9533.203	90.4020227284	10538.09	106.392737716
3.848	8.97407096524	10045.9	57.7459255542	9533.203	72.2588050346	10489.75	83.184191308
3.849	10.7642207081	10042.97	70.8141973794	9539.062	87.5727388861	10480.96	57.2169344305
3.85	10.1141175686	9996.094	32.7298444122	9522.949	58.8434073968	10458.98	75.1903730573
3.851	11.6483730205	9974.121	53.9306735812	9544.922	71.9897270265	10539.55	49.8481851587
3.852	11.7184515915	10044.43	39.2172689963	9533.203	61.9998364476	10505.86	65.4957720782
3.853	10.7525774065	9956.543	32.564528713	9483.398	64.9630451904	10527.83	66.3185752456
3.854	11.8067872428	10044.43	60.9295246316	9458.496	68.5848644779	10489.75	79.6412943072
3.855	10.2390285845	10025.39	48.4912523252	9537.598	77.3086595512	10516.11	108.332075275
3.856	10.7297140895	10045.9	40.9837499346	9544.922	100.050632794	10491.21	58.9431124419
3.857	10.8739791239	10044.43	45.5914678638	9537.598	62.7752286159	10475.1	45.28731587
3.858	10.6858989575	9996.094	53.5450713383	9483.398	75.1561132684	10497.07	70.2828181246
3.859	10.4965196493	10023.93	72.9985845561	9530.273	92.6914672899	10523.44	62.7797610305
3.86	10.316137546	10041.5	81.1022328771	9533.203	64.458119912	10472.17	91.5689314523
3.861	10.1965513307	9985.84	71.2168430078	9492.188	91.0405451678	10519.04	48.9951000398
3.862	11.3319062298	10041.5	39.8857756546	9506.836	56.8132717349	10516.11	53.3163219249
3.863	9.98327819553	10040.04	60.4858000799	9512.695	71.9669896301	10524.9	85.1337053087
3.864	9.61770522196	10040.04	52.4341017331	9457.031	79.6220528506	10485.35	76.1414392396
3.865	10.2878596203	10041.5	57.3357594195	9540.527	87.4827415304	10513.18	74.3408214881
3.866	11.3682266165	10041.5	59.9810358418	9468.75	74.8118688321	10476.56	110.291926317
3.867	10.854127429	10029.79	67.8815863259	9490.723	126.727060874	10535.16	77.186182776
3.868	9.84578206104	10041.5	89.4733344309	9541.992	93.4241014208	10513.18	115.897443497
3.869	11.5793402623	9996.094	45.9460107991	9527.344	54.0829656953	10530.76	65.8458558363
3.87	10.890344825	9959.473	58.7382593516	9543.457	51.5326313145	10495.61	44.069763345
3.871	12.3391863215	9993.164	44.6134400736	9481.934	75.3794652653	10488.28	89.1145589111
3.872	11.4770337634	9978.516	33.65657243	9459.961	74.1873193401	10467.77	62.1853626396
3.873	11.2771663802	10044.43	170.4840116	9505.371	68.7673613378	10507.32	34.0559768516
3.874	11.1767090158	10047.36	56.4391359957	9544.922	59.4156966782	10466.31	64.4518121936
3.875	10.5981929213	9952.148	57.4823169892	9502.441	101.583745157	10511.72	72.3506992694
3.876	12.0835311357	10044.43	146.935588357	9539.062	121.90864982	10494.14	127.870598237
3.877	10.6971333975	10044.43	209.760790108	9458.496	57.6937388349	10472.17	58.4460898987
3.878	10.8571842238	10001.95	60.654106112	9546.387	83.3551218711	10507.32	92.8958343781
3.879	9.97381162899	9996.094	52.1775489273	9454.102	85.2052638684	10527.83	52.4261003139
3.88	10.3524217399	10044.43	43.6524690668	9544.922	58.9065504746	10542.48	49.2283087932
3.881	11.991533561	10044.43	82.8198213507	9540.527	52.7881093583	10545.41	81.3327837217
3.882	12.6923786384	9966.797	49.0705096564	9527.344	103.830250638	10545.41	41.1541733697
3.883	13.7148866229	10045.9	81.858471651	9543.457	108.394774441	10453.12	78.4723766422
3.884	58.1961225376	9950.684	274.962839395	9484.863	343.374249039	10463.38	485.734815699
3.885	46.1468972672	9974.121	291.861883979	9547.852	414.662711605	10533.69	267.998977597
3.886	22.7564005279	9971.191	154.329014609	9498.047	118.251548175	10529.3	162.222016913
3.887	11.7624302941	10044.43	60.6889865924	9476.074	74.1518171939	10511.72	102.724112721
3.888	11.4566864785	9987.305	35.558211929	9452.637	78.1749827008	10535.16	70.9266013029
3.889	9.69749646643	9972.656	48.3827353522	9473.145	35.6259110185	10491.21	53.9712664844
3.89	9.50052691155	10042.97	57.6440386744	9521.484	76.7980673479	10539.55	58.8545081892
3.891	8.58700610493	10010.74	50.8321703745	9544.922	95.2821310784	10475.1	46.2099813649
3.892	8.56775836468	10031.25	33.6965426554	9549.316	50.0081610219	10527.83	47.2001550617
3.893	8.05800901701	10044.43	72.3842711714	9511.23	60.6315438997	10511.72	95.9237937445
3.894	9.46600209636	9968.262	55.5404780281	9543.457	73.9853272875	10545.41	61.2448657297
3.895	10.6407497001	10044.43	37.2732060726	9544.922	76.8884077546	10507.32	53.1991832084
3.896	10.9241479409	10044.43	80.5304749951	9544.922	80.9865802035	10541.02	54.4485690591
3.897	10.4725276505	10044.43	46.0724189292	9471.68	70.2416847908	10548.34	87.4326809064
3.898	10.7086226414	10045.9	65.658529477	9477.539	59.5175043691	10545.41	54.7410032151
3.899	9.53463691823	10045.9	118.420124441	9505.371	66.933089434	10450.2	50.77397737
3.9	10.7750962013	10045.9	77.5786214597	9474.609	50.1070219231	10495.61	68.9374784852
3.901	9.9977534852	10045.9	93.5338881715	9476.074	57.8825769168	10472.17	81.7866158052
3.902	9.9443059605	9979.98	58.6343178902	9502.441	52.1255431572	10470.7	55.8181636074
3.903	11.5782292345	10045.9	103.873878617	9477.539	75.9800266166	10530.76	41.0638096365
3.904	9.35703479955	9977.051	49.6269432237	9521.484	49.5211579026	10451.66	44.8013442497
3.905	11.309079977	10044.43	119.378850034	9452.637	56.0077003679	10480.96	76.023978995
3.906	10.0874649761	10044.43	118.056307927	9547.852	72.111637041	10467.77	108.506336765
3.907	9.34691828968	10044.43	51.4641926821	9547.852	30.3382736714	10491.21	77.8043307778
3.908	9.743163521	10045.9	82.4868382278	9464.355	77.7717179249	10458.98	112.744170318
3.909	9.6775306109	10045.9	170.207542814	9533.203	88.3626970514	10470.7	87.2410448419
3.91	10.4890032919	10045.9	69.49682307	9546.387	50.4360894087	10485.35	75.8919869273
3.911	9.81364764435	10045.9	70.5263346438	9549.316	70.2921368803	10473.63	59.9202119796
3.912	10.866765007	10045.9	74.2709938097	9474.609	76.1805199683	10498.54	85.2440298163
3.913	9.35138784903	9952.148	46.5950212168	9543.457	71.5186043003	10469.24	66.82273948
3.914	10.025811092	10001.95	40.8644942647	9467.285	49.2263453115	10472.17	47.5500642462
3.915	9.2644611183	10025.39	50.8213701824	9524.414	74.6216822883	10498.54	48.7795604254
3.916	9.89246409928	10044.43	47.5311574281	9544.922	55.8133823027	10475.1	62.2946150897
3.917	9.53665933635	10045.9	76.1999472131	9543.457	86.4713475001	10517.58	73.6518972368
3.918	9.14701467834	10026.86	50.5286421104	9525.879	62.3516753419	10529.3	58.7985931199
3.919	9.58213741237	10038.57	53.2114556782	9471.68	54.3497025414	10543.95	76.0569071995
3.92	8.14000005489	10045.9	41.7280820928	9544.922	105.13976505	10479.49	30.816989086
3.921	10.7090138886	10044.43	77.3996089004	9490.723	49.8274897143	10511.72	55.8544852476
3.922	9.52411368216	10045.9	46.4262850182	9515.625	77.2027517719	10457.52	48.1479624406
3.923	9.9419275035	10044.43	33.7943482961	9502.441	74.5879136217	10451.66	54.030638949
3.924	9.79324717924	10045.9	103.157864252	9474.609	68.0803140696	10466.31	46.6555014776
3.925	9.7937224446	9987.305	49.6329695797	9473.145	85.6620230362	10463.38	69.7228698867
3.926	8.40103061345	10021.0	37.6449181453	9515.625	85.8286331165	10519.04	55.7825934278
3.927	10.415458078	10045.9	73.6244697301	9508.301	93.9396525385	10480.96	57.5469480593
3.928	9.4229126997	10045.9	64.4714186488	9495.117	60.4042173188	10497.07	66.0089354462
3.929	10.0509468931	9960.938	57.1575149521	9534.668	58.083995397	10482.42	59.5815417303
3.93	11.4572407409	10031.25	47.7658272972	9539.062	124.667673179	10514.65	101.794838985
3.931	11.2039427421	10045.9	53.5780037561	9547.852	72.6457074024	10451.66	58.4977080571
3.932	9.11634094994	10029.79	38.0265445542	9481.934	70.4768368581	10511.72	53.007781113
3.933	10.317006374	10044.43	65.2338219507	9541.992	89.20927874	10519.04	57.1086811221
3.934	10.4011624887	10044.43	81.7751330131	9461.426	78.2472463796	10541.02	70.8727461917
3.935	9.82331485716	10042.97	84.2231925053	9480.469	53.5740964187	10469.24	55.3816896952
3.936	9.34962631291	10045.9	57.8078839745	9533.203	57.0333187336	10521.97	61.5216292521
3.937	9.34316910413	9990.234	59.1795934692	9502.441	50.8526488378	10514.65	61.6944553543
3.938	10.0492442652	10000.49	72.8940626006	9544.922	59.2803540985	10497.07	74.1334312521
3.939	8.84545718498	10028.32	42.4592474024	9528.809	25.4406154172	10505.86	43.0848422189
3.94	10.2300417763	10048.83	39.6369666995	9544.922	96.742827487	10549.8	37.4482992113
3.941	10.0312922887	10042.97	44.7169635949	9546.387	64.5154586201	10513.18	91.5906238141
3.942	9.76195130225	10045.9	53.6498587167	9454.102	47.0123668833	10523.44	68.5788668839
3.943	10.3650267274	10045.9	70.1473653024	9468.75	64.8192094328	10454.59	54.9970788035
3.944	9.28996486857	10045.9	118.263710876	9499.512	46.8035806612	10510.25	84.6157077389
3.945	10.265229952	10041.5	42.2600248574	9547.852	52.4622444188	10532.23	39.2824235836
3.946	9.62653810236	10045.9	94.7115927197	9455.566	57.8230280361	10495.61	80.0490463291
3.947	9.30683613119	9955.078	37.6650825692	9492.188	78.8922054733	10498.54	96.2518138057
3.948	9.82334870984	9988.77	52.0248851207	9471.68	52.4391378919	10495.61	59.9454022632
3.949	10.5351730728	9959.473	46.8285333193	9496.582	53.0571928134	10548.34	34.7387573293
3.95	10.5608543994	9971.191	43.3086575901	9451.172	83.3380140223	10463.38	46.5581462181
3.951	10.7863003021	10047.36	53.1966336752	9547.852	78.3500742663	10483.89	105.664726644
3.952	11.1397122176	9953.613	49.1215508888	9547.852	42.835636877	10472.17	55.6212041079
3.953	9.44368348203	9971.191	54.1975426379	9474.609	60.9841840279	10516.11	54.4765250493
3.954	9.97475030432	10028.32	46.0941791165	9518.555	100.778258874	10514.65	56.0824879273
3.955	10.932451123	10034.18	50.8318706924	9477.539	48.8478046333	10453.12	42.0732524981
3.956	9.72850751272	9950.684	72.9860009123	9525.879	88.7423815601	10450.2	52.7246492798
3.957	8.98569596398	9950.684	70.8213900906	9451.172	77.5645283197	10450.2	70.2989717723
3.958	9.85472333809	10034.18	34.5167739746	9454.102	61.7500987242	10485.35	52.3270403054
3.959	8.74047601928	9950.684	73.0804887324	9531.738	71.3650744174	10513.18	58.2369898869
3.96	9.49569500702	9950.684	48.4421088092	9502.441	64.6388499416	10517.58	60.5074884331
3.961	9.81164720706	10048.83	53.9224712207	9549.316	43.6568193113	10450.2	80.2620113364
3.962	9.78748015217	9972.656	33.30865881	9527.344	54.2169824918	10456.05	69.1805252183
3.963	9.13725412372	10047.36	67.765999243	9547.852	68.2605292519	10454.59	81.8004002396
3.964	9.9481279838	10047.36	82.8379466974	9547.852	78.7559448532	10475.1	90.3421318634
3.965	12.022246347	10025.39	64.220036805	9455.566	81.3604833693	10526.37	65.2627074716
3.966	3367.73623331	9979.98	13720.9533734	9462.891	15919.6916203	10469.24	19110.3189895
3.967	5744.43749759	10004.88	16952.9143663	9541.992	43751.5123802	10524.9	23397.6337695
3.968	922.832038112	9994.629	4667.32835258	9512.695	6407.4280143	10488.28	4916.9658795
3.969	250.56633418	10018.07	973.450284634	9536.133	1928.57984236	10463.38	2168.42083874
3.97	173.499370782	10000.49	932.850741766	9455.566	1537.68092018	10536.62	887.260088028
3.971	96.9645613126	10032.71	884.469339478	9499.512	545.146348734	10520.51	898.978118465
3.972	77.3893687722	9972.656	293.681079088	9524.414	789.14926017	10548.34	603.586843599
3.973	74.0382914425	10029.79	290.940600951	9479.004	373.933146609	10476.56	619.327846781
3.974	63.6927702795	10004.88	263.003167571	9471.68	354.592477494	10466.31	432.070714938
3.975	66.8524844106	9962.402	371.816015553	9467.285	507.072207497	10516.11	298.02096273
3.976	84.5946265811	10045.9	244.804560341	9544.922	431.265985051	10466.31	581.890202196
3.977	64.8941014263	9972.656	184.88268825	9502.441	512.669661808	10507.32	348.906604184
3.978	66.4148949457	10022.46	178.564364555	9536.133	277.525424433	10464.84	418.414964028
3.979	62.968699605	9966.797	300.513806632	9527.344	403.072308546	10467.77	422.153084862
3.98	67.8688014496	10037.11	260.724275567	9477.539	711.381285843	10483.89	334.991351381
3.981	69.8083447282	10010.74	363.504607685	9484.863	394.075611915	10498.54	623.16628681
3.982	75.7806869368	10001.95	355.491117265	9524.414	445.330878294	10538.09	293.506670333
3.983	80.8569724636	10045.9	326.546529866	9492.188	778.61420358	10475.1	419.524895101
3.984	81.9019951838	9966.797	313.960586859	9455.566	482.439914175	10457.52	546.250717706
3.985	87.2110578062	9960.938	417.742683632	9486.328	809.917452745	10486.82	794.692843977
3.986	97.0475102682	10042.97	578.954952142	9483.398	689.925549952	10523.44	558.046901347
3.987	98.0460035485	10019.53	370.886694839	9522.949	521.829630505	10538.09	765.33659963
3.988	100.753303462	9952.148	392.446189022	9514.16	523.665142953	10507.32	830.702416394
3.989	116.384569931	10012.21	603.303156383	9467.285	891.414889236	10497.07	737.922664114
3.99	114.701971535	10037.11	608.201561594	9524.414	760.537690591	10504.39	715.210005499
3.991	129.248874301	9953.613	518.863041471	9486.328	761.512951006	10494.14	925.608592152
3.992	122.837051707	9974.121	665.823525496	9528.809	669.123932312	10545.41	782.234953146
3.993	106.610246903	9958.008	449.858610182	9537.598	493.47707477	10454.59	979.274286846
3.994	120.077034128	10007.81	519.539418839	9471.68	541.919190289	10482.42	455.531527414
3.995	134.509300369	10048.83	644.020413113	9493.652	691.237455535	10470.7	739.844591245
3.996	154.491299383	10025.39	690.685158395	9479.004	811.660473127	10501.46	933.089735874
3.997	169.778375658	9978.516	809.46845518	9452.637	733.66341278	10472.17	850.008439511
3.998	127.764693925	10037.11	431.257921845	9518.555	642.705565769	10517.58	1047.51000399
3.999	123.973065484	10018.07	488.551460424	9479.004	804.88470232	10545.41	966.231013415
4.0	168.097773903	10004.88	910.659711617	9474.609	752.295878819	10517.58	1094.48690969
4.001	157.166352788	10028.32	787.780547695	9514.16	1232.82615948	10535.16	657.283896425
4.002	184.349471394	10045.9	1165.2052199	9493.652	1471.86329291	10545.41	1193.66455245
4.003	206.402453699	9963.867	1306.29191597	9499.512	1103.72230606	10476.56	1428.73231839
4.004	205.715205407	9962.402	1007.61333701	9521.484	1048.38895233	10508.79	1288.84808646
4.005	195.27312621	9974.121	784.755935769	9524.414	2101.02762105	10498.54	1178.21771999
4.006	189.883005949	9950.684	851.825504997	9525.879	1178.79914469	10480.96	1102.31586248
4.007	172.897470766	9996.094	881.082393981	9493.652	1037.75598085	10521.97	1029.71894119
4.008	242.223948611	10038.57	1308.72141013	9467.285	1676.85868995	10513.18	1396.04676629
4.009	184.270624882	10016.6	1005.58980018	9480.469	1159.44261135	10520.51	1520.42708088
4.01	196.165440922	10004.88	1153.34476871	9496.582	2215.95903303	10450.2	967.643484139
4.011	186.406515183	10034.18	1464.26019962	9455.566	1012.79510478	10505.86	1500.48737959
4.012	225.181048596	10004.88	873.891684708	9505.371	1484.42927757	10523.44	1449.4703339
4.013	267.577471917	9977.051	1300.05530159	9455.566	1628.92052787	10478.03	1538.27705691
4.014	181.900975771	9977.051	1125.82633909	9486.328	1209.2244765	10464.84	1472.86269266
4.015	222.080965364	10042.97	714.806188783	9499.512	1447.37899758	10478.03	1321.02889569
4.016	266.570794003	10007.81	1222.21887183	9496.582	1263.08406386	10467.77	2063.33394865
4.017	206.894648776	9972.656	927.101669741	9520.02	2430.61100167	10536.62	1706.96218773
4.018	226.602086458	10022.46	854.241462176	9533.203	1028.10052617	10507.32	950.68428789
4.019	219.09243593	10038.57	909.601132527	9521.484	1927.13642496	10470.7	2043.77350478
4.02	235.853530597	9991.699	1648.17055591	9489.258	1518.89614886	10542.48	2261.41278686
4.021	280.536903233	10042.97	1332.59684114	9521.484	1049.19045065	10548.34	2870.88032674
4.022	285.35537417	10001.95	1018.11198137	9479.004	2317.13297813	10475.1	1699.16843841
4.023	282.40819869	9969.727	1377.30787572	9455.566	1774.86395408	10505.86	1367.3254468
4.024	215.04319681	9981.445	760.166474947	9533.203	1308.22754957	10536.62	1246.88690832
4.025	275.60510068	10037.11	1326.25688395	9454.102	2340.6547413	10527.83	2278.80447904
4.026	265.314083287	10048.83	1372.33721975	9471.68	1262.02524902	10539.55	1218.37416433
4.027	282.13015453	10009.28	934.519985884	9543.457	1945.12668513	10536.62	1504.62629751
4.028	310.182620849	10041.5	1675.40461403	9525.879	2184.21478435	10480.96	2816.84742734
4.029	335.912342489	9959.473	1996.94448524	9452.637	1394.29775673	10466.31	2422.6310655
4.03	266.110889205	9955.078	1324.41135382	9518.555	1654.01240013	10464.84	1966.65860826
4.031	302.687053982	9990.234	1537.43609762	9547.852	3084.83200738	10514.65	3625.13809935
4.032	307.545470524	9969.727	1064.31379629	9459.961	3794.40400051	10451.66	2932.34544978
4.033	316.158225879	9988.77	1428.16537102	9517.09	2115.8706803	10508.79	1842.19419542
4.034	296.666343345	9972.656	1000.15500257	9471.68	1951.1126075	10450.2	1755.98951895
4.035	266.378198126	10004.88	2032.82156288	9541.992	1163.45100704	10542.48	1665.18256133
4.036	301.209315291	9966.797	1201.73001875	9476.074	1583.23614704	10450.2	1653.63643299
4.037	269.446563015	9955.078	757.880699869	9499.512	2082.88328122	10538.09	1696.75546484
4.038	308.631471917	10010.74	1421.00186394	9457.031	1794.08820296	10486.82	1714.18360129
4.039	338.780121823	10009.28	1423.45508065	9481.934	1976.22447817	10480.96	2399.7648971
4.04	274.710973991	9978.516	886.365187885	9473.145	2425.69197448	10526.37	1648.95583086
4.041	293.66315853	9981.445	1173.57607343	9481.934	1550.88923404	10542.48	2512.66885889
4.042	245.754946656	10022.46	1292.33015353	9498.047	1543.34123818	10504.39	1818.67841627
4.043	314.487070201	10028.32	1147.56563798	9483.398	2771.6050709	10453.12	2605.63675185
4.044	305.356584137	10019.53	3229.77698621	9476.074	3315.40651993	10523.44	2890.5472064
4.045	269.221839911	9978.516	1746.16580797	9517.09	1735.65857638	10460.45	2128.26729802
4.046	237.282436343	9991.699	1492.13636921	9524.414	1502.27308075	10473.63	1333.00964245
4.047	290.26028627	9966.797	1289.18163979	9480.469	2043.42060883	10517.58	1525.85916876
4.048	244.361447129	9981.445	2377.64493893	9537.598	1109.00425344	10497.07	1958.0387799
4.049	245.806189063	9979.98	1448.58027665	9495.117	1741.64632012	10492.68	1996.55742967
4.05	195.006100216	10037.11	870.663458451	9480.469	1563.26298926	10538.09	1064.09831571
4.051	272.095129036	10012.21	1323.86989124	9493.652	1355.9329423	10472.17	1961.20050553
4.052	229.254338586	9971.191	1119.18339474	9528.809	1275.83495733	10548.34	816.78191744
4.053	201.883698584	9953.613	1119.68761369	9537.598	1604.04982409	10500.0	734.76522621
4.054	216.848260304	10000.49	915.784087419	9451.172	1696.62963186	10529.3	939.978455972
4.055	183.764894498	9958.008	1102.27200567	9511.23	1737.08409843	10517.58	935.053762228
4.056	179.405754841	10037.11	528.767386326	9487.793	1482.46747649	10457.52	1750.85418851
4.057	209.08147622	9956.543	616.073766294	9537.598	1707.92921892	10457.52	1483.25577087
4.058	147.360669777	10021.0	923.282451955	9477.539	1142.40004414	10478.03	1049.46142315
4.059	144.96445694	10032.71	1601.47007925	9525.879	1161.59987722	10516.11	969.438695277
4.06	188.655487981	10019.53	599.769768489	9455.566	2115.86531662	10543.95	1197.44158547
4.061	146.309122365	10029.79	759.239533026	9547.852	1084.34693522	10495.61	615.271085137
4.062	179.869265637	9988.77	588.045312444	9486.328	1094.62920607	10513.18	1120.14943796
4.063	150.882463151	10028.32	1234.38921471	9481.934	994.471850891	10479.49	846.47970651
4.064	118.55997022	9969.727	440.115839118	9473.145	1651.32579109	10486.82	1341.54480894
4.065	133.019061913	10007.81	600.899260708	9531.738	732.574234992	10479.49	1111.23383908
4.066	112.965572312	9952.148	492.831933062	9480.469	575.685618056	10510.25	387.569259979
4.067	109.847249266	10018.07	508.300539645	9471.68	661.381694554	10460.45	430.237694286
4.068	85.8652831167	10009.28	581.559541012	9511.23	572.475274187	10460.45	618.858958817
4.069	70.6057666039	9991.699	238.36041008	9515.625	385.86712123	10532.23	352.347583638
4.07	61.9628758756	9994.629	338.673904157	9480.469	379.120568466	10497.07	445.284808787
4.071	67.8003196745	9956.543	318.317171946	9465.82	392.566389507	10454.59	402.646506173
4.072	67.4011503773	10029.79	216.688250609	9483.398	535.611590217	10508.79	445.058465476
4.073	58.3641440745	10001.95	257.723177285	9480.469	196.364033603	10526.37	480.249113893
4.074	53.8580870878	9953.613	421.206196455	9515.625	287.546753247	10524.9	335.290021377
4.075	47.4344603734	9988.77	219.030423071	9461.426	233.619332777	10536.62	469.836384556
4.076	43.1236934485	10025.39	155.934131608	9455.566	253.536354326	10491.21	272.568983039
4.077	38.4624077998	10038.57	151.503738658	9473.145	194.651538117	10463.38	244.631676815
4.078	39.2246410685	9953.613	226.809239601	9454.102	677.216717742	10460.45	314.024745588
4.079	33.7059974457	9981.445	160.808256982	9539.062	217.488207727	10513.18	164.406535907
4.08	29.3165785392	9963.867	111.659434244	9452.637	217.480549414	10451.66	205.251044253
4.081	28.97904422	9988.77	141.951684313	9495.117	182.57329744	10497.07	205.721095268
4.082	25.8870507666	9975.586	103.242987044	9530.273	157.117810529	10467.77	190.866635287
4.083	21.0524564309	10016.6	96.0475475043	9508.301	133.343124777	10504.39	114.665448428
4.084	22.0307557133	9955.078	175.64160298	9467.285	203.380939795	10532.23	283.194091501
4.085	21.8884861064	9960.938	104.237417971	9544.922	168.843427135	10532.23	206.577457988
4.086	21.8511224003	10041.5	68.0354838532	9474.609	115.416841315	10510.25	167.190520107
4.087	20.6634266455	9955.078	237.501852101	9454.102	127.527290506	10454.59	178.203952566
4.088	20.9204810893	9985.84	104.842420806	9506.836	87.5388974056	10526.37	122.889728571
4.089	17.8712791739	10028.32	83.3704236702	9454.102	235.312512128	10504.39	163.629685612
4.09	18.334191409	9982.91	98.9773203581	9470.215	138.270836966	10470.7	92.9041034847
4.091	17.3227826303	9969.727	105.056464067	9543.457	123.664815995	10489.75	92.357097298
4.092	19.0390775736	9953.613	228.318139277	9540.527	120.046662241	10463.38	96.3148788032
4.093	15.2763026722	9959.473	94.7774508355	9543.457	102.391633924	10532.23	91.2573961596
4.094	19.0954960079	9953.613	80.0480156246	9473.145	138.094862567	10480.96	193.402643919
4.095	18.1700186151	10038.57	86.8557028631	9533.203	81.6562664467	10527.83	98.2344070757
4.096	17.8397683564	10021.0	95.7220678678	9533.203	160.224921553	10453.12	193.498949135
4.097	19.7159148075	9999.023	88.6404646167	9462.891	136.250652839	10464.84	138.427929432
4.098	21.459314655	10034.18	65.6338192097	9462.891	114.237363467	10541.02	148.929447844
4.099	18.2555818899	10023.93	73.46571609	9536.133	115.423776162	10451.66	213.837932581
4.1	19.2739920795	9953.613	94.8732387716	9465.82	100.750860872	10526.37	307.333824827
4.101	20.2830115817	9977.051	110.403349901	9454.102	113.383625642	10460.45	137.313167115
4.102	20.0259785337	10034.18	137.677065606	9487.793	84.3584504819	10475.1	199.494789403
4.103	23.3875501701	10048.83	118.362830606	9506.836	158.078794669	10535.16	149.570965181
4.104	24.240901921	9953.613	80.5964165866	9452.637	188.264490923	10457.52	120.102982603
4.105	27.5372894322	9978.516	80.765831885	9527.344	186.062259743	10454.59	182.704951605
4.106	25.1483909484	10000.49	110.935829405	9543.457	143.683088443	10519.04	179.860417304
4.107	24.4073805348	9959.473	93.7577084867	9492.188	202.246827587	10453.12	255.878907722
4.108	28.6213934443	10001.95	126.621555362	9483.398	198.873259307	10517.58	237.524781744
4.109	29.4404766189	10040.04	141.159825967	9473.145	198.877095192	10473.63	230.187365422
4.11	30.7882101003	10025.39	182.426789864	9509.766	184.539947572	10482.42	219.459944784
4.111	31.6177509265	9952.148	115.409284053	9452.637	248.25753749	10521.97	314.065552032
4.112	34.5031470989	9956.543	191.316171722	9452.637	202.504173328	10510.25	150.994814491
4.113	34.6793954703	10035.64	174.499920392	9455.566	249.111631566	10535.16	208.480342106
4.114	38.9812100068	9950.684	162.017685094	9495.117	169.294507062	10535.16	245.957122245
4.115	36.9119632383	10034.18	146.806203244	9454.102	253.885738654	10514.65	513.901802667
4.116	44.4688154195	10012.21	159.185480032	9455.566	244.87675537	10508.79	239.302903256
4.117	43.1019782892	9950.684	204.971686238	9524.414	309.873274883	10517.58	324.331005485
4.118	45.0263767015	10041.5	191.505109189	9506.836	482.969119635	10527.83	293.112227029
4.119	49.2283862841	9982.91	195.479627295	9534.668	364.80441421	10527.83	229.441483627
4.12	50.4356934717	10006.35	257.547829806	9471.68	275.53475567	10523.44	349.311834975
4.121	61.4413955849	10041.5	429.29890313	9473.145	387.734427758	10464.84	469.288691399
4.122	55.1813370151	9963.867	257.430943429	9544.922	306.901191591	10502.93	315.85889557
4.123	59.5264658047	10023.93	246.209699293	9541.992	522.231079084	10454.59	444.980796796
4.124	66.5673635016	10025.39	378.38419172	9522.949	563.562958933	10511.72	452.581913031
4.125	77.7921467864	9991.699	352.337669753	9540.527	403.820968472	10485.35	741.724060946
4.126	81.3875787331	10023.93	283.452938513	9514.16	420.128797917	10520.51	672.920335513
4.127	89.5260021484	10003.42	275.896596178	9483.398	410.878675562	10451.66	567.827393174
4.128	85.1261054643	9955.078	283.984797714	9502.441	720.427106725	10505.86	700.686415918
4.129	111.193176088	10015.14	624.757590663	9481.934	965.2299162	10513.18	506.761530268
4.13	116.796365081	9982.91	568.787101509	9492.188	789.544221393	10533.69	648.172454844
4.131	127.366085998	10047.36	394.203216287	9473.145	734.039008509	10461.91	1118.09236924
4.132	130.347228942	10026.86	886.13720823	9547.852	901.476204684	10532.23	577.722812702
4.133	134.498275606	9984.375	617.520150913	9487.793	687.005596273	10458.98	1537.84407127
4.134	140.892331735	10009.28	666.175853269	9459.961	887.959815081	10485.35	673.151764368
4.135	163.996696282	10000.49	661.80670446	9515.625	884.092902461	10497.07	1076.03820257
4.136	163.125956574	10003.42	819.547324493	9465.82	1187.80900209	10514.65	1292.27996774
4.137	200.507651729	10016.6	789.325967775	9465.82	1537.19666185	10530.76	894.147538102
4.138	189.385376054	9969.727	903.114959494	9498.047	1133.9692086	10479.49	1762.51411959
4.139	238.599059514	9981.445	1403.18013418	9481.934	1639.93374278	10536.62	1815.3551353
4.14	214.207793335	10040.04	990.327350825	9509.766	1488.83724767	10548.34	1326.22889533
4.141	296.326244462	9974.121	776.105604456	9454.102	1844.97418033	10450.2	1908.93705077
4.142	272.413291221	9988.77	1996.69460233	9489.258	2407.04034643	10524.9	2427.43514545
4.143	353.653328884	9990.234	1705.16605785	9527.344	1992.70425446	10516.11	1909.56506087
4.144	374.403319543	9993.164	1611.17916943	9467.285	2399.59116958	10516.11	1961.06919679
4.145	384.781916999	10044.43	1999.15802294	9528.809	3162.76263687	10504.39	2004.48189782
4.146	562.859662064	9965.332	2448.27969592	9520.02	3152.74041489	10524.9	2905.0213679
4.147	523.831202788	9994.629	1779.3540718	9470.215	3705.08417672	10491.21	2601.51170453
4.148	591.595176306	10040.04	3084.13154814	9470.215	5749.70544908	10460.45	5476.65033848
4.149	740.015492161	9969.727	4344.79658356	9496.582	4594.47476849	10516.11	3373.96080316
4.15	845.520247944	10009.28	4102.92480481	9473.145	5940.1936984	10482.42	7591.47409953
4.151	947.78662358	9985.84	4358.19915983	9465.82	6388.61961065	10488.28	5386.76806856
4.152	998.029999805	9987.305	3501.31377917	9515.625	10705.8492245	10543.95	9208.00030626
4.153	1364.46029638	9958.008	6961.31823353	9487.793	6896.05029861	10502.93	6774.79786614
4.154	1544.86419951	9996.094	8721.74535751	9525.879	9314.38584735	10500.0	7620.85155415
4.155	1804.51433702	9972.656	10824.0286579	9467.285	10730.1558945	10523.44	11025.3412107
4.156	2045.91169126	10048.83	7655.00769605	9498.047	17589.6593086	10466.31	16838.4868086
4.157	2500.57423121	10012.21	10884.879087	9531.738	13098.4786763	10497.07	17312.0291092
4.158	3136.50969303	9966.797	13066.8273045	9503.906	20154.4925118	10494.14	18531.3354045
4.159	4022.76119059	9999.023	10497.8117253	9468.75	19821.5106527	10491.21	33599.9738345
4.16	4660.51642595	9999.023	15293.6498288	9500.977	38072.9961727	10482.42	25255.2008374
4.161	5273.42983058	10023.93	29224.1705561	9467.285	21785.9001402	10539.55	45601.5993811
4.162	6227.69332481	10004.88	25233.590865	9539.062	25996.6614574	10538.09	37245.8970982
4.163	6016.4412054	9988.77	24822.406087	9525.879	39495.2998444	10519.04	27140.0537331
4.164	7770.14401189	9985.84	34998.8019673	9483.398	48425.1914425	10517.58	37496.785751
4.165	8183.04336941	9958.008	28687.563651	9520.02	50925.8682623	10504.39	63734.3903997
4.166	7565.51667786	10034.18	37882.5437942	9530.273	44380.4878814	10482.42	34499.317989
4.167	8054.66423968	9955.078	33739.2191506	9455.566	65712.5219047	10517.58	48217.4379627
4.168	8623.75484738	10047.36	54251.4304456	9473.145	53432.6775884	10529.3	60664.7478706
4.169	9344.4504321	10044.43	42958.8820372	9451.172	115207.179767	10488.28	52651.8990118
4.17	8245.36004148	10019.53	26346.9379631	9505.371	109066.538785	10498.54	40866.47903
4.171	8945.19538016	9963.867	39846.3983509	9464.355	61062.3069362	10541.02	45133.1368488
4.172	8158.32368878	9971.191	38153.7841426	9476.074	29226.1948389	10494.14	34367.802748
4.173	5627.15454728	9962.402	26038.0841663	9486.328	31005.9697988	10454.59	23465.7207545
4.174	4463.13060949	10015.14	19448.6495421	9515.625	22390.0779114	10456.05	19610.335724
4.175	3648.85291887	10029.79	17477.3729796	9495.117	16514.6858747	10510.25	26830.0758035
4.176	2715.58517828	9993.164	14542.4606804	9499.512	23324.4799311	10470.7	20188.5206181
4.177	2713.078558	9971.191	8440.61217301	9496.582	16318.0760574	10520.51	11531.4415605
4.178	2462.10621586	9981.445	9821.35801293	9486.328	17497.019576	10536.62	18145.3110745
4.179	2155.10613784	10045.9	12181.3403344	9489.258	14141.908816	10489.75	11524.5217596
4.18	2063.63210131	10010.74	11105.7977369	9500.977	8290.1804331	10533.69	16354.5495752
4.181	2016.75763977	9979.98	8060.04027008	9486.328	10118.0059205	10501.46	9448.49630833
4.182	1979.47856396	10026.86	9953.36899182	9479.004	23017.4234778	10521.97	12005.6839441
4.183	2414.36331145	10010.74	16053.7014308	9520.02	31001.1014962	10529.3	16494.4680981
4.184	3039.74845928	9997.559	15858.5509856	9509.766	18478.7930997	10456.05	18749.8322598
4.185	3153.25139503	10040.04	19243.9617459	9479.004	17939.063958	10495.61	19372.4268209
4.186	3277.38515953	10003.42	13846.8251899	9537.598	25366.215572	10454.59	19551.0351501
4.187	3671.58664932	10022.46	21575.4900064	9543.457	18345.760183	10521.97	21439.1524553
4.188	3231.67260565	10026.86	12378.8320973	9464.355	23777.1493468	10519.04	22455.1183135
4.189	3364.32004947	10031.25	16271.2479108	9458.496	25038.5846871	10523.44	16339.4326734
4.19	2758.20078665	9960.938	11336.6126457	9495.117	15002.7215861	10541.02	16303.3501376
4.191	2316.04843591	10032.71	10570.6425313	9517.09	12883.2206979	10539.55	19950.057816
4.192	1778.9639057	10007.81	12593.2830856	9464.355	10873.5272155	10510.25	19996.3599548
4.193	1565.38891609	9956.543	5403.37677247	9525.879	10188.4306934	10456.05	7665.56140393
4.194	1215.80906357	10025.39	5170.20680242	9467.285	5708.8494365	10546.88	7855.95704003
4.195	906.31402608	9996.094	5110.89852538	9490.723	4319.88381225	10466.31	8351.11681592
4.196	796.050001623	9997.559	3694.44916774	9465.82	7158.42019198	10497.07	4496.15045285
4.197	572.441568449	9990.234	2636.8365334	9489.258	4917.14162799	10461.91	4311.09626234
4.198	324.837182054	9996.094	2027.89790593	9459.961	1537.17628155	10485.35	2001.91524341
4.199	138.977733459	10013.67	404.226497431	9484.863	718.067838966	10538.09	919.859646239
4.2	15.8322562813	9956.543	103.228711121	9459.961	62.3820610919	10476.56	120.295215208
4.201	9.63763174033	9956.543	90.0081657282	9505.371	73.4799591794	10513.18	46.8705227491
4.202	9.5180455066	10013.67	45.9486673893	9493.652	52.8033200449	10456.05	91.9155955292
4.203	9.42338616537	9955.078	39.0558751242	9484.863	58.967701024	10456.05	57.2367915138
4.204	9.9706807775	9955.078	78.4875397672	9455.566	62.1184371967	10454.59	123.292960966
4.205	8.81823270888	9955.078	49.9929897707	9546.387	61.17167797	10456.05	52.7075470281
4.206	10.1861920468	9956.543	70.897930014	9455.566	91.3419007718	10470.7	59.5451428225
4.207	10.8699546529	9965.332	68.2200479654	9481.934	63.3980058023	10548.34	65.5517413572
4.208	8.46118148491	10037.11	56.1382617388	9518.555	61.0995082966	10456.05	100.898120567
4.209	10.5221910872	10045.9	51.4821082716	9543.457	72.7238311226	10541.02	77.3155830956
4.21	9.97756516604	9956.543	84.0726158531	9495.117	82.9023835075	10457.52	148.597158468
4.211	10.2810845476	10018.07	62.8133822592	9520.02	42.0426857872	10510.25	69.0462907564
4.212	8.93540843248	9965.332	36.7082746021	9459.961	61.5528848564	10516.11	45.1503713345
4.213	10.6880306627	9956.543	52.1144100435	9457.031	51.4210489441	10457.52	91.9661401774
4.214	9.33614644701	10035.64	54.9531835508	9524.414	48.6092718983	10461.91	79.8330783048
4.215	9.57716297886	9956.543	117.454108048	9514.16	45.2717995368	10504.39	69.1097612246
4.216	10.1147257862	10021.0	39.6426370965	9455.566	128.947844162	10535.16	47.5022748109
4.217	10.393018804	10021.0	46.6093799937	9455.566	111.01332287	10456.05	56.3750010753
4.218	9.05903494138	10031.25	46.3342911587	9527.344	49.4273497006	10463.38	51.1399465842
4.219	10.3434713194	9955.078	53.0531325887	9484.863	78.9329211944	10451.66	81.9006791636
4.22	9.44272694059	10006.35	35.836377672	9461.426	42.5836141562	10456.05	103.196362694
4.221	9.02588984452	9966.797	40.4091768116	9506.836	99.3238888121	10486.82	44.4672393255
4.222	9.26788015554	9955.078	106.475643535	9539.062	116.204016162	10454.59	91.7895998494
4.223	8.88289283987	10047.36	58.6056954912	9454.102	95.2473986984	10483.89	82.7345690542
4.224	8.4542174394	9955.078	73.9694319446	9536.133	73.6745449491	10456.05	147.045026277
4.225	10.1949326724	9999.023	38.0704510949	9454.102	40.4779073024	10456.05	90.6351893645
4.226	9.90977258779	10031.25	83.0786452729	9470.215	76.6194031441	10456.05	152.625271157
4.227	9.95432702401	9956.543	114.133109822	9455.566	110.180222324	10507.32	41.1314438886
4.228	10.9802339439	9968.262	66.0857410858	9474.609	102.393251783	10456.05	55.9425170678
4.229	9.70728326674	9956.543	47.7648198348	9489.258	64.7881719667	10457.52	66.3095507818
4.23	9.40085454993	10026.86	40.4534659561	9451.172	69.9863718674	10456.05	135.920215287
4.231	9.7285069825	9956.543	84.6127494982	9514.16	43.5086521789	10456.05	73.8625280667
4.232	10.5401389309	9956.543	64.9404597361	9512.695	51.9515413451	10456.05	73.1283351495
4.233	10.1743985443	9956.543	35.9851303558	9509.766	54.4126014206	10451.66	68.7122341755
4.234	10.3046356395	10006.35	41.6839289572	9500.977	98.7540253698	10450.2	80.57866174
4.235	9.12777460257	9993.164	54.975113913	9520.02	75.4835353552	10478.03	76.687075394
4.236	8.59271602468	9955.078	72.718738585	9547.852	71.1708134544	10456.05	77.5720149141
4.237	9.99727475847	9955.078	103.032138443	9527.344	77.1580609222	10521.97	52.5644735693
4.238	10.9369660237	9955.078	73.4479893328	9470.215	73.8430393345	10464.84	56.0281726643
4.239	9.6302269339	9955.078	81.2454233324	9493.652	53.6684657752	10454.59	85.2609265615
4.24	10.3867648177	9955.078	56.1002944155	9496.582	62.0511488386	10453.12	47.6634838468
4.241	10.1048279478	9977.051	44.3804206652	9524.414	54.5293556789	10492.68	65.4507457593
4.242	10.8085152957	10023.93	52.6642985059	9455.566	62.9313877544	10456.05	59.4560504409
4.243	9.79434032756	9955.078	81.0826493063	9451.172	48.2258544089	10453.12	104.286011132
4.244	10.7071470801	9977.051	64.3632046577	9454.102	54.2619299382	10472.17	71.1974178169
4.245	10.109572011	9978.516	42.3886710501	9514.16	71.1004428891	10498.54	50.932852633
4.246	10.6693373222	9955.078	65.7461879892	9465.82	49.2793763067	10542.48	54.0004370959
4.247	9.53763280241	9955.078	58.2761380232	9490.723	40.0584050258	10526.37	43.5588609145
4.248	8.70714954539	9955.078	52.2207412303	9458.496	50.1957678873	10454.59	55.1450382362
4.249	9.096902868	9955.078	36.7329458484	9452.637	91.9553249926	10456.05	147.479111888
4.25	8.39684918276	9969.727	64.5416323548	9454.102	85.2298422671	10454.59	111.700875699
4.251	9.68785899023	9988.77	50.3218846199	9503.906	65.9442292452	10548.34	76.1118200348
4.252	9.97333393688	9953.613	46.7399342944	9465.82	62.1084453884	10508.79	53.2293042446
4.253	9.78289951303	10012.21	42.8404862751	9534.668	62.2802339937	10475.1	132.0753529
4.254	11.0420875628	10041.5	52.169258289	9454.102	110.849321105	10454.59	78.3400606463
4.255	9.64997225316	9987.305	39.3569654165	9454.102	60.4742310467	10454.59	55.5175035147
4.256	9.37732594703	9953.613	45.5783080634	9536.133	45.1057613918	10456.05	61.042900461
4.257	11.4758770147	10004.88	53.2287210579	9500.977	77.9272596599	10467.77	71.5590938464
4.258	9.59063696263	9972.656	38.9314001835	9500.977	72.3624608379	10456.05	138.987737365
4.259	10.7057398383	9977.051	35.8361651286	9511.23	69.2049992964	10517.58	44.8480679889
4.26	10.0066730229	10042.97	36.5055627574	9465.82	47.3389777745	10458.98	60.7354671912
4.261	9.86461274778	9956.543	52.0717892525	9455.566	99.0746052294	10473.63	46.7696925022
4.262	8.91930646878	9982.91	50.9337707143	9457.031	59.1426198934	10457.52	112.806706865
4.263	9.09209396197	9991.699	48.578681765	9490.723	49.3680122452	10461.91	71.3154468112
4.264	9.68952372322	9996.094	40.3225275288	9518.555	137.52188985	10546.88	96.5761884372
4.265	10.3868080993	10025.39	85.801455389	9458.496	90.4448953358	10457.52	63.9068552365
4.266	9.9373820171	10040.04	41.5309434595	9471.68	87.0342783063	10457.52	81.0871338611
4.267	10.1337591901	9956.543	107.431840746	9455.566	66.9922565443	10456.05	75.8243150573
4.268	10.7159927457	9955.078	73.5954506933	9484.863	59.1433332189	10524.9	61.2777843
4.269	10.3052516562	9955.078	52.6792780772	9525.879	46.9113189177	10541.02	54.1590996552
4.27	10.2731963724	9955.078	99.9586912272	9520.02	49.2453953997	10454.59	89.9346357229
4.271	9.84510242438	10041.5	74.6624421739	9468.75	44.8422353521	10463.38	48.5076451096
4.272	9.44360554958	9955.078	52.0890555717	9515.625	35.9114107858	10516.11	75.4310623088
4.273	10.2160932963	9971.191	48.9379142683	9549.316	59.6236524009	10501.46	60.0337598646
4.274	10.4945484609	10023.93	52.8435055736	9536.133	45.899404994	10456.05	113.455369327
4.275	9.41305462442	10031.25	33.4114508563	9534.668	58.6302555777	10543.95	63.0216011099
4.276	10.0625550271	9991.699	38.9111397707	9455.566	72.5580538336	10486.82	77.9539378301
4.277	10.6289721192	9956.543	91.1816801553	9452.637	55.8894284243	10543.95	56.379487585
4.278	9.5941797758	9955.078	61.9331226308	9536.133	46.7513839232	10456.05	88.8744548573
4.279	9.45278523751	10010.74	35.8670842735	9455.566	91.6618386889	10491.21	87.4502190104
4.28	9.32678134213	9956.543	55.569184867	9534.668	86.0161290721	10539.55	59.6255633052
4.281	9.91722105037	10019.53	40.0208878245	9492.188	57.4274234082	10488.28	55.5416787556
4.282	11.2757567871	10029.79	68.8606199499	9451.172	45.5667107781	10456.05	78.7977936457
4.283	10.5103074641	9952.148	73.5940890343	9455.566	71.1761618239	10456.05	68.9315678974
4.284	10.0343526296	9956.543	96.1697439332	9459.961	59.4811346903	10505.86	89.596569082
4.285	10.2814355416	10037.11	47.9020855654	9511.23	48.6711856937	10456.05	66.2573771822
4.286	9.5522619923	9956.543	38.3675293376	9490.723	104.66167538	10453.12	66.2879451938
4.287	8.87712557422	9956.543	85.3187044804	9547.852	51.3095261758	10451.66	50.9234165051
4.288	9.93033202768	9956.543	44.7129051035	9502.441	78.1752951077	10480.96	95.4593593481
4.289	10.4189912498	9965.332	87.1786449392	9525.879	56.5932892995	10456.05	133.780802255
4.29	9.75659798612	9956.543	85.3223258693	9531.738	49.5986313381	10456.05	112.284567417
4.291	9.78687192691	9956.543	109.652443799	9508.301	47.7103613374	10495.61	58.1757437589
4.292	9.8895767156	10029.79	50.5258954634	9455.566	70.2635537754	10539.55	38.4660275885
4.293	9.34500370895	9956.543	127.447974408	9457.031	60.3649635741	10457.52	127.814962736
4.294	10.2192839867	9956.543	111.495560605	9546.387	54.9525178786	10456.05	68.0221417098
4.295	10.0090294061	9956.543	86.6295335971	9477.539	75.79700786	10521.97	67.2208479137
4.296	9.40997167348	9984.375	54.3208877541	9461.426	58.1309185661	10473.63	90.7158174444
4.297	8.90543606327	9956.543	119.999675111	9465.82	53.9185696677	10456.05	95.0770057985
4.298	9.48732763747	9955.078	76.4166976057	9479.004	87.6545497946	10519.04	48.6187897677
4.299	11.5385827078	9955.078	85.4496295971	9484.863	65.3311713603	10482.42	50.7149591692
4.3	9.61764903125	9955.078	137.810984782	9476.074	81.7449962963	10505.86	44.1728811803
4.301	10.0980444527	10028.32	52.8219624598	9509.766	41.2777160679	10541.02	74.9101951061
4.302	9.63923776935	9956.543	140.735659738	9514.16	90.6775495106	10505.86	40.5600729844
4.303	9.19852009245	9956.543	152.17453211	9468.75	52.1849731264	10457.52	88.9101652726
4.304	8.5828764926	9956.543	62.7772558057	9464.355	56.8742841884	10488.28	59.7998317067
4.305	10.0510011329	9958.008	88.2215061878	9483.398	58.5254006784	10482.42	46.2650795674
4.306	10.074281945	9958.008	96.4619429949	9483.398	48.2229902737	10501.46	53.560824882
4.307	10.2979327301	9958.008	107.157991692	9457.031	101.648607667	10539.55	47.508059296
4.308	9.51095054075	9958.008	95.504707713	9530.273	60.6964215394	10507.32	38.5530189378
4.309	9.82587519994	9999.023	39.1859398746	9457.031	49.4804128521	10527.83	46.457217116
4.31	8.64581271063	9956.543	39.9976746897	9455.566	67.4860604548	10457.52	90.1192727289
4.311	10.292941289	9956.543	143.011519104	9483.398	56.0968671334	10457.52	74.4497842894
4.312	9.20268364953	9956.543	35.6607857855	9455.566	73.892764828	10524.9	63.5645653366
4.313	9.55626115938	9955.078	63.75998896	9537.598	68.3152511621	10520.51	81.2276475167
4.314	10.0110866354	9955.078	114.024535645	9452.637	96.9514219839	10524.9	83.9599820578
4.315	9.64560926609	9955.078	104.934366483	9499.512	51.585524921	10543.95	48.8340961905
4.316	10.4239498904	9955.078	186.217043211	9454.102	118.889413941	10504.39	42.4686003328
4.317	8.7203035416	9955.078	45.8857266489	9455.566	62.1367468211	10479.49	70.0133023703
4.318	9.47073322915	9955.078	66.3385952705	9455.566	80.8377314935	10523.44	71.4943606577
4.319	10.1373266623	10035.64	39.2257058833	9455.566	61.8805081565	10502.93	78.028017007
4.32	9.07829890451	9956.543	139.938222694	9455.566	71.1057749588	10457.52	86.4037325697
4.321	9.70346513598	9956.543	65.0956712605	9518.555	59.3634280178	10533.69	49.1856462628
4.322	9.44648748764	10040.04	42.7551793158	9537.598	79.8750294991	10457.52	144.97579419
4.323	9.07563911603	9956.543	47.9217022949	9547.852	61.6766176904	10486.82	87.1572314878
4.324	9.86755838855	9958.008	47.4472014143	9537.598	54.2313683813	10454.59	73.0034146185
4.325	9.83429804235	10004.88	58.7056520378	9521.484	91.4232462865	10457.52	105.976661085
4.326	9.83374979456	9968.262	52.7656262956	9518.555	71.5694801077	10457.52	79.632113609
4.327	8.50404016436	10013.67	57.5145258246	9457.031	88.3038190971	10514.65	88.6269965996
4.328	9.47825496916	10023.93	24.1224188939	9511.23	74.9408892889	10457.52	165.546223664
4.329	8.82633799781	9959.473	34.8978649706	9477.539	55.1848282722	10527.83	108.793173534
4.33	9.6071996468	10045.9	40.4560083062	9457.031	90.2190267738	10457.52	88.4118755818
4.331	8.71317179355	9958.008	51.2448799926	9487.793	44.9788440133	10457.52	84.4144711335
4.332	9.35559410068	9956.543	42.7409257663	9493.652	73.5774911163	10457.52	44.6133849691
4.333	9.73965594947	9956.543	79.252978257	9511.23	69.8380545422	10456.05	90.9774866538
4.334	9.23305615538	9960.938	42.3259407954	9457.031	78.4269444666	10457.52	149.015801693
4.335	9.83145044552	9984.375	64.3570570645	9495.117	51.1620545218	10460.45	90.0538863868
4.336	8.76386046423	9991.699	45.2729783954	9459.961	36.6034019871	10456.05	72.0873554697
4.337	8.99317962296	9955.078	91.5386777297	9483.398	82.0923161565	10456.05	135.152329771
4.338	9.82488256391	9955.078	66.0494359298	9536.133	75.2512427566	10473.63	46.9023547016
4.339	9.63192858686	9955.078	79.335334098	9533.203	45.4748819677	10500.0	86.5400938478
4.34	10.6366395585	9955.078	89.1547740726	9459.961	52.5111997162	10454.59	115.883289251
4.341	10.4152571586	9955.078	99.1596539232	9520.02	41.9761814258	10454.59	126.943026611
4.342	10.409715451	9953.613	140.996780908	9539.062	56.1956922902	10450.2	70.9905166992
4.343	8.46038470851	9953.613	51.0156982119	9452.637	41.8453220709	10454.59	50.4994079879
4.344	8.40147621359	9955.078	92.3344967194	9547.852	54.0233248925	10473.63	88.7400069077
4.345	9.29603945767	9953.613	182.749597114	9458.496	66.0375251284	10454.59	70.9314522097
4.346	10.1811466148	9999.023	49.11579712	9462.891	54.1231972529	10454.59	95.368872864
4.347	10.1763426684	9952.148	37.4299100986	9477.539	63.055639005	10454.59	55.1140721911
4.348	10.218877216	9953.613	59.8999952504	9462.891	48.5295524573	10500.0	66.7106128767
4.349	8.48583502537	9990.234	33.0006871772	9454.102	94.2550402887	10454.59	78.9373449327
4.35	9.68240826893	9955.078	52.2293278523	9468.75	80.7502931493	10454.59	207.393551166
4.351	9.80814050907	9955.078	163.606576574	9452.637	48.4882318038	10514.65	64.3253360891
4.352	8.73751283052	9955.078	60.8731444759	9468.75	67.7002864337	10456.05	109.33037962
4.353	9.8170593003	9955.078	76.8763550794	9521.484	38.3746008885	10456.05	122.791389512
4.354	9.55635459344	9956.543	83.7896382713	9505.371	92.5701319803	10456.05	85.4258468811
4.355	9.41311181665	9956.543	60.4457784549	9546.387	51.7239533845	10460.45	69.1053367054
4.356	9.37226211042	9955.078	126.705445676	9495.117	53.7852317398	10456.05	49.3359826439
4.357	9.67876415241	9955.078	108.458628309	9508.301	73.0086194038	10456.05	50.3752409899
4.358	9.7126143403	9955.078	80.4404789706	9518.555	49.4057916587	10473.63	75.4169511768
4.359	8.99880656298	9996.094	48.9815101565	9540.527	57.5351655831	10486.82	71.6241854209
4.36	9.2127623039	9978.516	72.640715253	9487.793	85.1545204332	10454.59	69.51711318
4.361	9.95293161169	10015.14	59.9622308894	9493.652	60.3080872599	10523.44	62.7051609509
4.362	9.71728204386	9985.84	46.2157297771	9514.16	90.17540446	10535.16	71.8121073726
4.363	11.0909945736	9953.613	56.0910244913	9515.625	41.9332052211	10454.59	126.583030144
4.364	9.54444715592	10019.53	36.9754057706	9465.82	45.4959422832	10467.77	56.4830133159
4.365	9.78912252122	10032.71	43.4200567494	9452.637	98.5844436379	10454.59	91.3333762301
4.366	9.24252746429	9953.613	65.5990190245	9512.695	91.9488103759	10453.12	89.6240226867
4.367	8.56215442287	10048.83	59.5569647523	9454.102	117.372952887	10463.38	58.9127123541
4.368	10.5870823714	9955.078	89.9322252574	9502.441	51.9088342777	10457.52	93.1607210454
4.369	8.86042328107	9969.727	73.3077106224	9546.387	67.1567803059	10456.05	62.4242481016
4.37	8.17365398324	9955.078	61.7987027958	9514.16	61.4404054215	10456.05	131.183933601
4.371	8.8522533268	9955.078	80.2821019833	9512.695	54.7689480477	10543.95	61.7677489971
4.372	9.6756437017	9955.078	80.8000425565	9486.328	59.3013427708	10456.05	132.815313573
4.373	9.6997289516	9955.078	127.226325855	9547.852	62.5625991139	10505.86	53.478606558
4.374	9.89319847948	9955.078	86.4679786979	9520.02	86.0739948875	10457.52	61.0257680062
4.375	9.23885487123	9955.078	74.4441154011	9544.922	47.4023253603	10454.59	116.311882255
4.376	10.2090244617	9955.078	64.2281699294	9503.906	49.5034275552	10478.03	82.8616236755
4.377	9.76629739025	9955.078	59.661130039	9452.637	58.349438098	10516.11	56.6908142101
4.378	10.8223234498	9974.121	43.1845086736	9455.566	63.8232815149	10533.69	64.8440762405
4.379	9.84819796003	9990.234	46.9542473579	9499.512	70.977984302	10505.86	70.9084315322
4.38	9.69689255372	9953.613	70.5187920272	9481.934	51.676524514	10519.04	46.2101530764
4.381	11.0180936753	9953.613	81.2647750614	9525.879	42.7193810467	10491.21	75.4605491649
4.382	9.79786106172	9953.613	66.4013927761	9473.145	58.6036892799	10453.12	134.463839139
4.383	9.79947924294	9953.613	67.2037227129	9543.457	72.3626170328	10501.46	105.288689657
4.384	9.45039357874	9953.613	143.481224134	9492.188	38.1911947604	10501.46	51.5522803817
4.385	8.47852975731	9953.613	82.2396172459	9454.102	59.4081139439	10532.23	47.3259273054
4.386	10.588894602	9993.164	47.9870850877	9503.906	51.7193155121	10454.59	87.8580335179
4.387	10.1398434092	9952.148	39.8896975467	9540.527	83.7756684798	10513.18	73.4714841262
4.388	9.01696844687	9955.078	86.7317922849	9524.414	48.6310472289	10450.2	79.3286672937
4.389	10.01355122	9955.078	54.3862526	9518.555	41.2770572116	10467.77	48.2327265367
4.39	10.1357539291	9956.543	88.2368082346	9495.117	58.406417401	10520.51	63.0351950669
4.391	9.1848304218	9956.543	66.4976169563	9455.566	52.6195905594	10456.05	60.7214124865
4.392	10.2261623573	9956.543	71.3774387237	9459.961	119.08538045	10549.8	57.7234051173
4.393	10.1215854326	9956.543	114.636172915	9489.258	70.5617556969	10524.9	79.2276001961
4.394	10.970439876	9955.078	151.057448537	9503.906	61.1220721019	10470.7	34.2337234065
4.395	9.56766887029	9960.938	46.2001791753	9483.398	71.4610492889	10453.12	79.9544048826
4.396	10.0075775356	9953.613	107.909591017	9476.074	76.4836097655	10454.59	97.8779907167
4.397	9.78182530243	9953.613	61.9319877886	9454.102	122.072060907	10453.12	90.493674917
4.398	8.50027251063	9953.613	60.8504198365	9495.117	52.3828509443	10458.98	71.6935254827
4.399	10.0208514667	10035.64	63.6638153446	9471.68	53.2003670827	10453.12	187.424115643
4.4	9.41701933362	10001.95	45.3236876657	9537.598	70.2910554501	10519.04	72.4127815148
4.401	8.30513982067	9952.148	57.7025782746	9489.258	52.3208335836	10453.12	84.6242862423
4.402	10.5263213417	9952.148	81.9626201817	9452.637	67.359667785	10529.3	49.0750576242
4.403	10.0642749776	9952.148	93.7266277777	9536.133	73.0743608897	10453.12	105.496243301
4.404	9.25346568848	10021.0	65.8458117866	9487.793	52.4056908654	10451.66	65.2865227283
4.405	10.3656112736	9952.148	101.047360343	9508.301	50.8136132963	10520.51	49.1604891905
4.406	9.42543854134	9963.867	68.6557368779	9515.625	56.3498381853	10505.86	99.0900011226
4.407	8.96465748225	9952.148	75.3208010874	9496.582	53.3023539321	10451.66	109.334381432
4.408	9.75159009723	9950.684	108.519408134	9503.906	71.3458717792	10467.77	87.1605867716
4.409	10.4797057464	9955.078	43.5166797247	9471.68	64.7086084438	10451.66	58.6891414214
4.41	9.2901152377	9985.84	48.1232308041	9451.172	105.244182892	10451.66	78.4818143559
4.411	10.124393812	10042.97	42.6407288952	9451.172	66.4305284983	10461.91	80.9218920129
4.412	8.5212342432	9952.148	44.4825664276	9467.285	59.9058965307	10451.66	68.7054517749
4.413	8.89927429731	10004.88	58.6771665402	9543.457	69.9849717162	10451.66	67.5030323876
4.414	9.5114088262	9987.305	50.9527923959	9511.23	77.5146178608	10514.65	60.0796390032
4.415	9.66371603523	9962.402	58.7864304033	9452.637	115.388265498	10507.32	63.0714777055
4.416	10.1316588196	9996.094	29.8691254281	9514.16	79.1470659837	10505.86	68.9859230873
4.417	8.9919754855	9955.078	57.9315623999	9492.188	75.0154397823	10451.66	76.2999956072
4.418	9.50500164584	9952.148	114.632796665	9520.02	77.6351453208	10521.97	48.9273585815
4.419	10.3973011841	9972.656	35.3667162424	9471.68	97.0699378434	10504.39	46.6409044726
4.42	9.17111120938	9953.613	63.2833772166	9454.102	85.3830879616	10529.3	47.100879384
4.421	10.5519128496	9953.613	46.2373539989	9543.457	50.2252572586	10467.77	51.5612883407
4.422	10.4504780172	9955.078	49.8055116466	9533.203	72.2996807144	10454.59	180.331558326
4.423	10.3798307181	9955.078	70.5596807126	9505.371	66.8309177884	10454.59	92.344852566
4.424	8.4577963846	9955.078	51.5604801255	9465.82	36.7992768312	10511.72	72.3286969229
4.425	9.48305750655	10026.86	43.5778553117	9503.906	52.2534776919	10456.05	101.645055175
4.426	9.86820052128	9956.543	37.8591531762	9547.852	47.6115411196	10456.05	95.2429782318
4.427	8.82005921544	9955.078	54.636308541	9487.793	45.1882357734	10456.05	52.5158359314
4.428	9.66669197319	9956.543	70.2128140371	9454.102	80.65206999	10456.05	92.4316133711
4.429	9.92159390842	10041.5	63.5074472583	9518.555	65.7780452892	10467.77	105.032462585
4.43	8.76283854357	9955.078	145.18291824	9479.004	57.1766534355	10451.66	64.8995243355
4.431	9.86686988262	10044.43	50.0113969507	9454.102	49.3154356233	10548.34	61.8195093209
4.432	10.5549567235	10021.0	51.779575296	9454.102	72.9607966796	10454.59	125.410317791
4.433	8.994653778	10004.88	37.3899482184	9459.961	52.953846287	10542.48	57.4800520684
4.434	9.6760842223	9955.078	61.691076839	9476.074	72.6403789471	10458.98	41.2059711628
4.435	9.70926515273	9969.727	61.5007377139	9455.566	60.2838922565	10454.59	83.5988875967
4.436	9.50493166298	9955.078	107.735379384	9459.961	60.8552185523	10454.59	67.9542289908
4.437	9.39169197694	10001.95	35.8858467832	9470.215	75.0825949925	10539.55	38.0207563946
4.438	9.51676239557	9979.98	34.6921876737	9511.23	64.2265745321	10454.59	62.1422274782
4.439	9.67605787454	10029.79	54.486486946	9474.609	61.4763008073	10454.59	93.0388081116
4.44	10.048712402	9953.613	79.7333933609	9528.809	100.591262856	10454.59	102.625042366
4.441	10.0462026993	10040.04	36.5330711056	9536.133	72.1960608158	10538.09	79.0752649668
4.442	10.0960431671	9953.613	74.9329639671	9457.031	63.6120394747	10491.21	86.8830502897
4.443	10.8067159302	9953.613	86.7947382446	9495.117	105.18007829	10514.65	48.6895004039
4.444	9.84941727642	10012.21	68.7539917837	9454.102	114.958160266	10453.12	72.2453396211
4.445	8.99164091094	9988.77	35.4456619552	9465.82	88.7610206524	10475.1	73.6709782522
4.446	9.88125087714	9953.613	64.7905691371	9477.539	59.1736655558	10457.52	49.3003159554
4.447	10.3483492211	9999.023	39.1953201461	9536.133	56.619694483	10502.93	72.1027912898
4.448	10.4470729834	9953.613	148.080887286	9503.906	55.0143811284	10473.63	91.5759084504
4.449	9.65852286083	9953.613	77.7980816403	9546.387	65.6652516928	10451.66	87.6475973104
4.45	9.54221320673	9982.91	30.440888124	9452.637	72.4390828329	10523.44	79.8781874702
4.451	9.28921024521	9953.613	69.1876261437	9454.102	79.632908746	10454.59	80.8579996115
4.452	9.27743678561	9974.121	41.9423950648	9477.539	63.7143522286	10454.59	99.6231395687
4.453	9.55574034398	10038.57	53.3593484673	9490.723	80.3647486372	10454.59	76.811931375
4.454	9.04660661783	9953.613	84.8734791389	9544.922	72.4088512326	10457.52	60.8460955766
4.455	10.482682502	10001.95	41.3557165294	9487.793	61.0178630457	10454.59	179.913006767
4.456	9.19133115099	9953.613	70.5389839831	9454.102	161.568624035	10454.59	92.1409000037
4.457	9.71999855353	10035.64	34.6327347926	9454.102	82.2014818043	10546.88	57.0319656506
4.458	10.3952912374	9953.613	68.9699678196	9454.102	69.4479313089	10454.59	117.171118182
4.459	9.22336702437	10035.64	54.6458036492	9452.637	88.0766708568	10500.0	64.291757406
4.46	10.3539270256	9956.543	40.773638749	9518.555	84.9396886468	10453.12	83.9610055545
4.461	10.045275025	9974.121	49.9046585492	9452.637	98.2132465571	10453.12	96.1936405899
4.462	9.25753628635	10006.35	40.1390074456	9541.992	70.9002564651	10479.49	63.2760417239
4.463	8.9769571714	10003.42	51.5175970633	9518.555	65.6150122619	10454.59	111.762121574
4.464	11.0052662579	9968.262	74.1233996257	9454.102	70.6924457803	10485.35	69.164735563
4.465	10.0178488604	9955.078	68.7656418148	9539.062	46.6064213526	10454.59	174.338356612
4.466	9.51621189575	9996.094	41.0858908675	9503.906	81.3006399011	10502.93	56.4977870531
4.467	10.0616710811	10048.83	88.7064748365	9499.512	71.5635662845	10483.89	62.389795636
4.468	10.9849221807	10022.46	66.8081916826	9498.047	69.5083672018	10454.59	139.462495689
4.469	9.10527586903	9953.613	100.604755236	9546.387	68.5639236112	10482.42	66.6824886033
4.47	10.3685804927	9959.473	58.09923613	9454.102	107.259909252	10454.59	113.732417143
4.471	12.3732553209	9950.684	39.0412070772	9506.836	73.9845131493	10456.05	73.8331642079
4.472	15.791842481	9958.008	70.8937132972	9470.215	55.2206406373	10461.91	67.5916716438
4.473	33.720793567	9955.078	101.946953702	9506.836	284.615317523	10530.76	202.036767629
4.474	2723.47854921	10031.25	18219.250847	9534.668	29025.6480779	10507.32	21377.7135546
4.475	2997.83538327	9950.684	15425.7254316	9537.598	17694.0938035	10483.89	18627.8635546
4.476	724.809687636	9962.402	4092.41094987	9505.371	4996.71684719	10505.86	6509.71078947
4.477	442.931475496	9982.91	1783.42044268	9479.004	3460.45272394	10548.34	2719.35855727
4.478	230.128222003	9962.402	1273.46629325	9464.355	2163.06157666	10460.45	1717.77300435
4.479	166.039610223	10038.57	804.141618545	9508.301	770.198195642	10497.07	992.836664757
4.48	120.877834718	10042.97	472.898202947	9528.809	633.079353685	10485.35	1046.65781378
4.481	76.7106811126	10009.28	491.381559643	9470.215	441.374509157	10483.89	642.652296662
4.482	59.5789878644	10023.93	278.23845011	9452.637	400.694898468	10491.21	510.672504793
4.483	44.8567923293	10038.57	181.656816651	9549.316	168.144628563	10479.49	183.967221844
4.484	39.1111988408	9975.586	179.27108897	9452.637	189.292789683	10527.83	293.000171399
4.485	33.6873884352	10000.49	273.271702031	9546.387	221.176368638	10549.8	135.042304283
4.486	24.9696337504	10044.43	131.188440423	9508.301	174.029569313	10511.72	167.860812463
4.487	25.0676528998	9999.023	103.80715081	9502.441	115.075673194	10458.98	136.033263827
4.488	25.1200506695	9979.98	104.256064761	9486.328	189.408272216	10483.89	138.972694678
4.489	23.8990248203	10025.39	99.8037011329	9489.258	99.9152215337	10483.89	114.007399878
4.49	20.8685655961	9981.445	94.3626522639	9524.414	187.810600513	10535.16	134.516992335
4.491	18.3211368993	10028.32	114.844694496	9528.809	130.444583638	10505.86	178.623961047
4.492	19.5784457309	10010.74	126.620803897	9541.992	118.488253299	10502.93	76.0650579276
4.493	19.4273117434	10009.28	84.4419029141	9524.414	63.3919801617	10489.75	126.457501928
4.494	19.695167417	9955.078	94.3631136742	9520.02	89.6316163237	10466.31	76.8535477452
4.495	18.3880341052	9952.148	122.905115015	9489.258	154.9907356	10535.16	102.030242724
4.496	18.360767606	9960.938	68.0531260166	9483.398	119.017725235	10453.12	137.378186348
4.497	17.1793036374	10045.9	70.4488905794	9451.172	88.4624387543	10489.75	132.273690856
4.498	15.7962427849	9952.148	96.7991409126	9506.836	80.7621732454	10454.59	129.163164506
4.499	15.594724629	9971.191	95.0037484574	9489.258	89.2523178131	10504.39	145.079311657
4.5	16.3849892245	10001.95	69.7995286227	9493.652	159.369100404	10489.75	97.759752918
4.501	15.096918044	9953.613	146.204374392	9503.906	136.931620292	10453.12	81.6824080521
4.502	14.8364252204	9953.613	119.73431676	9493.652	93.4949623756	10450.2	74.9223690006
4.503	14.7058213923	9953.613	199.565430284	9468.75	97.8502465825	10527.83	100.746559636
4.504	14.7173405547	9953.613	171.042492583	9502.441	128.374170755	10508.79	54.0420488399
4.505	14.1385563708	9952.148	94.2886088747	9502.441	87.5984032952	10519.04	145.485472142
4.506	15.9462850589	9974.121	65.1731034562	9546.387	103.809877505	10482.42	80.8676948888
4.507	13.6561437838	9952.148	149.351250456	9537.598	67.5744867221	10451.66	120.033849322
4.508	14.0620176376	10010.74	99.3222314226	9546.387	74.4125103812	10478.03	94.018123723
4.509	15.0364405094	9953.613	89.4225107782	9452.637	88.1618169408	10478.03	82.7790942369
4.51	13.4298209009	9997.559	82.9768898121	9473.145	63.4665312802	10450.2	62.79949613
4.511	13.331542191	9953.613	88.937638399	9454.102	132.781290231	10454.59	114.492345466
4.512	13.4733812071	9955.078	61.7416190272	9467.285	128.863889008	10466.31	146.739537483
4.513	14.8478091795	9975.586	131.016479472	9454.102	87.7850713771	10469.24	109.307441551
4.514	11.8963116243	10040.04	74.4580382725	9458.496	106.264742901	10454.59	171.237357296
4.515	12.191863677	10029.79	46.7514385598	9471.68	56.9558412481	10524.9	44.307035786
4.516	13.4602301526	9985.84	57.8306110495	9451.172	80.6187645201	10519.04	136.854403359
4.517	12.4188240139	10038.57	56.8994155472	9544.922	96.7224773884	10470.7	103.834833218
4.518	12.4349926543	10029.79	48.4653072224	9477.539	111.587464476	10456.05	147.055086797
4.519	12.5865812244	9955.078	73.9545243575	9539.062	93.5772420743	10456.05	130.634907148
4.52	12.2126675497	10022.46	38.5131054485	9534.668	73.9245029228	10533.69	61.1524480347
4.521	12.5135757853	10003.42	75.0193447693	9544.922	85.9687236804	10524.9	67.0497069018
4.522	12.9452828131	9972.656	51.2631968929	9455.566	81.5351852963	10456.05	74.8440443029
4.523	11.8966484962	9952.148	77.6854001988	9543.457	64.0929141036	10483.89	74.5931312911
4.524	11.3760781523	9955.078	69.421543895	9470.215	61.9490255126	10519.04	104.323686909
4.525	11.9866673365	10007.81	51.2006252645	9539.062	80.6718954487	10456.05	124.633974826
4.526	10.7399149232	9960.938	48.4610523198	9533.203	113.303654086	10456.05	87.9034442642
4.527	12.1959882277	9955.078	59.1727597682	9499.512	37.438205437	10456.05	71.6232353565
4.528	12.5612014673	9955.078	144.949895858	9473.145	95.5153073505	10457.52	91.2367667003
4.529	12.3399677421	9955.078	93.6837466726	9455.566	122.25074384	10505.86	108.835037697
4.53	14.1309248675	9955.078	42.1606898401	9455.566	89.3618543807	10482.42	55.6203944308
4.531	11.4826161702	9955.078	72.3022530667	9455.566	117.251647414	10479.49	72.2060628986
4.532	12.2358324579	10040.04	69.8493545586	9528.809	62.0879913914	10456.05	142.236474713
4.533	13.2405563522	9955.078	77.5107203404	9520.02	103.165855896	10498.54	77.1988339243
4.534	12.7538854767	9988.77	60.9537774795	9500.977	88.997625512	10454.59	135.04634304
4.535	11.9566686688	9955.078	86.0731398781	9500.977	69.3189073264	10470.7	77.9758310794
4.536	13.9387309774	9955.078	76.5213737631	9521.484	97.9170996816	10453.12	104.380858007
4.537	13.0475459093	9956.543	84.2932915053	9527.344	91.6129309609	10460.45	119.223036616
4.538	13.4670481835	10025.39	49.1449479568	9480.469	79.1436633256	10497.07	61.0621032409
4.539	15.1993391332	9956.543	110.634019786	9455.566	97.3621196816	10456.05	65.0776592478
4.54	11.419520493	9956.543	52.7497011477	9493.652	90.0591013798	10456.05	88.7160470304
4.541	14.4210044362	10048.83	67.5291045438	9455.566	128.01905148	10456.05	105.938241134
4.542	13.5703151496	9955.078	93.1896866371	9540.527	97.2163993719	10456.05	119.025830093
4.543	14.4264002386	9953.613	103.907687732	9502.441	85.3413136469	10489.75	85.2603904157
4.544	15.1215912972	9993.164	79.4370490346	9546.387	82.569911352	10486.82	131.039944929
4.545	16.1542679857	9978.516	70.048719342	9476.074	74.1530579364	10523.44	107.911567667
4.546	14.4666266478	10013.67	138.239192184	9455.566	190.289011008	10456.05	144.828294125
4.547	18.3336476841	10006.35	102.886846689	9493.652	135.855167674	10488.28	96.5399867074
4.548	16.3542504929	10025.39	167.475115471	9480.469	57.0437374567	10520.51	70.2807639274
4.549	17.7761577784	10004.88	68.9155169361	9455.566	100.137706715	10456.05	162.630066418
4.55	17.774427739	9955.078	130.131852928	9489.258	130.650016336	10516.11	164.66711227
4.551	15.395786061	9956.543	68.2904248038	9549.316	109.660387099	10456.05	88.7209781618
4.552	13.9054585944	10026.86	92.9981082055	9455.566	77.8492618998	10538.09	130.705994257
4.553	14.3355751321	9956.543	64.3714955326	9455.566	158.879690787	10546.88	102.012314438
4.554	12.6693655308	9956.543	89.2394570675	9527.344	66.8439805828	10479.49	62.7195424434
4.555	14.350636913	10000.49	47.3223024161	9455.566	84.4108681555	10456.05	85.7611639348
4.556	12.6675598654	9979.98	51.2301771888	9534.668	133.150830002	10456.05	86.2394767989
4.557	11.8489882872	9956.543	61.5948083615	9527.344	121.418869177	10454.59	94.3799097633
4.558	13.1694085814	10007.81	70.2050906485	9493.652	81.3482019184	10523.44	86.5704605577
4.559	11.4022998347	10019.53	71.7189594972	9505.371	54.8546993303	10456.05	52.8076674076
4.56	13.0801079823	9969.727	74.3862592372	9505.371	89.0941705735	10492.68	124.535743679
4.561	11.0394612726	9953.613	128.480045851	9464.355	87.1583589122	10538.09	80.7870746215
4.562	12.3323037252	9953.613	57.4583107215	9477.539	71.2438276732	10463.38	71.5376737283
4.563	11.5553079631	9952.148	122.791783319	9454.102	76.4066562568	10453.12	70.1836114055
4.564	10.6416730808	9953.613	61.9548346318	9528.809	70.3347566765	10453.12	137.394933813
4.565	10.6677258873	9952.148	63.7428830473	9517.09	109.160312053	10482.42	81.8132453888
4.566	10.6516368321	9953.613	60.7228125299	9483.398	80.2311185413	10461.91	67.6521827172
4.567	11.5571343041	9953.613	51.7675001341	9468.75	54.2644076505	10453.12	128.924971028
4.568	11.3741803145	9968.262	53.7281629709	9452.637	51.0659395421	10460.45	85.0991403775
4.569	10.4491947229	9952.148	99.7944223773	9503.906	42.3256659005	10456.05	110.25205259
4.57	9.67473494415	9952.148	184.955030802	9499.512	81.8107975585	10530.76	47.7631864332
4.571	10.3953405742	9952.148	77.1957076262	9541.992	56.327447892	10545.41	65.9249685447
4.572	12.5158099969	9987.305	35.677425096	9457.031	57.4723811419	10450.2	105.679363269
4.573	10.913118889	9950.684	53.6362757844	9495.117	67.0616271015	10450.2	105.978991544
4.574	9.83342891519	10003.42	36.9655046644	9517.09	80.4048956645	10533.69	100.90271248
4.575	10.4124339867	9965.332	52.4587846946	9549.316	58.429473305	10469.24	61.9594731009
4.576	10.7644406918	10048.83	72.506807146	9540.527	84.7948099966	10507.32	67.1783526541
4.577	10.195834828	10040.04	39.8083458457	9547.852	80.4012909103	10536.62	89.264593773
4.578	8.71844712346	10034.18	38.3402501341	9522.949	54.2764252204	10491.21	58.1207920698
4.579	11.1200973452	9997.559	35.2746767208	9487.793	146.679639137	10480.96	60.3761037739
4.58	11.4561414764	10004.88	46.0761562898	9487.793	74.0148000345	10463.38	91.8723668244
4.581	8.98416949996	10022.46	58.3117679404	9533.203	57.8437503029	10489.75	54.764050947
4.582	11.6685844091	10025.39	41.3458975905	9480.469	53.1058586349	10541.02	54.4306600678
4.583	9.65930385825	9994.629	55.2052330012	9546.387	53.2951786628	10505.86	92.7798521128
4.584	9.80086210454	10045.9	61.8165704216	9487.793	85.4061681369	10491.21	76.9271837838
4.585	11.1978210007	10001.95	62.037868058	9498.047	49.5463783584	10548.34	47.9286032251
4.586	12.2481244683	9981.445	44.0334370772	9464.355	87.4335311333	10519.04	52.1577845737
4.587	11.7909907269	9991.699	41.1822060752	9543.457	44.445342869	10543.95	112.592892456
4.588	10.0207000797	10031.25	35.0564192659	9506.836	52.3857541123	10536.62	37.3314608884
4.589	10.3665257029	9959.473	39.5493456449	9454.102	62.5202679166	10502.93	63.6521015464
4.59	9.84426034503	9979.98	64.9365061547	9468.75	61.196117566	10521.97	89.0608156274
4.591	10.4963826351	10042.97	44.9214615061	9499.512	66.546706741	10542.48	104.591293898
4.592	10.2863315108	9977.051	50.3828000356	9452.637	70.7580268589	10497.07	55.8890926197
4.593	9.5989368678	10026.86	45.1714326672	9457.031	84.9553870395	10549.8	36.6511753194
4.594	9.87051432534	10004.88	42.7926076371	9476.074	68.983501272	10508.79	67.7520915501
4.595	10.8254165918	9968.262	73.0245101903	9544.922	101.295571994	10457.52	80.7153960644
4.596	9.82196968884	10042.97	67.7680725805	9517.09	51.3044120626	10533.69	79.4691186231
4.597	9.73370374992	10003.42	38.8124482445	9498.047	54.0133328096	10545.41	56.0661707719
4.598	11.4820815315	10001.95	48.39372257	9530.273	91.9044906787	10523.44	90.3228057434
4.599	10.230521737	9958.008	46.5559684508	9521.484	95.1176571535	10495.61	93.7909763566
4.6	9.99607546737	10042.97	93.6196806955	9464.355	57.1368280464	10542.48	93.6083545191
4.601	9.91524202944	10038.57	49.5054721361	9546.387	60.3533445142	10516.11	63.547752557
4.602	10.2652671933	10042.97	45.0442470689	9493.652	88.1336514836	10478.03	72.2640664384
4.603	9.8781104267	10042.97	35.862650004	9508.301	56.3231000837	10469.24	64.4094640843
4.604	8.60492445573	10044.43	56.6470623636	9541.992	56.4900921694	10494.14	71.9109376749
4.605	10.8833188616	10044.43	194.264137411	9493.652	65.3497271283	10524.9	77.1460642522
4.606	11.0895905432	10003.42	54.9948206049	9495.117	75.2714756681	10526.37	47.0990652417
4.607	9.887599242	10044.43	51.4467798947	9499.512	58.0364507869	10478.03	57.7353280138
4.608	8.22792493313	10044.43	52.595508373	9541.992	37.107811577	10543.95	36.7382334072
4.609	10.5102758665	10044.43	51.1860935298	9487.793	51.9027567875	10482.42	44.799081184
4.61	10.9275017162	9950.684	56.1618953687	9490.723	47.7027678005	10548.34	100.406976122
4.611	11.2356218506	10044.43	59.489854185	9476.074	51.644181177	10523.44	80.9580621303
4.612	10.72631924	9952.148	75.7352189691	9503.906	46.5840667625	10535.16	80.1034253957
4.613	9.7907668814	10042.97	47.2805329884	9539.062	95.0042877836	10530.76	62.3823133859
4.614	10.7303596188	10037.11	48.470135656	9505.371	56.6578877766	10504.39	59.0830326144
4.615	9.09778730753	10007.81	42.9803343304	9452.637	74.7576179163	10454.59	76.752120433
4.616	9.92142341808	9982.91	79.7673748398	9543.457	81.5715091343	10473.63	71.4249047053
4.617	9.85435843685	10042.97	106.830482263	9505.371	44.933075984	10475.1	80.2426705797
4.618	10.1331037497	10041.5	41.0126583791	9459.961	55.7659080784	10489.75	49.131864254
4.619	11.0217406916	10042.97	98.3691891499	9541.992	55.1689182396	10466.31	112.279145528
4.62	10.4846876771	10045.9	67.8949405435	9543.457	62.5821353524	10461.91	90.7645380991
4.621	10.0245564809	10042.97	78.8318105615	9549.316	48.0132558652	10488.28	50.6788197202
