


# Standard meas



# Standard meas
5.0	24.9715536275	9996.094	684.694250071	9544.922	170.184796828	10482.42	358.179471238
5.001	25.7454485081	9994.629	1203.64659352	9451.172	168.271821584	10514.65	149.602207422
5.002	28.9571118104	9999.023	579.549344363	9511.23	220.319028912	10467.77	175.369036354
5.003	31.6920756797	9999.023	1357.41379215	9477.539	343.787770383	10517.58	243.518141096
5.004	35.6431969636	9997.559	931.634932691	9481.934	183.469838697	10453.12	242.273629235
5.005	35.2683978153	9997.559	206.435318841	9505.371	292.934099549	10548.34	193.636770029
5.006	28.2166674592	9996.094	1211.93195266	9537.598	159.492984815	10523.44	261.076406714
5.007	28.5234276897	9994.629	721.168868809	9490.723	134.796674957	10498.54	140.703994937
5.008	23.1885609258	10000.49	772.26360066	9467.285	147.295155138	10488.28	227.606452361
5.009	21.7460171091	9999.023	895.108904758	9517.09	121.545662872	10530.76	166.475821721
5.01	18.2132336159	9997.559	591.067971162	9524.414	98.5992970257	10511.72	148.886826091
5.011	14.4962597891	9997.559	1046.67486544	9495.117	105.712343001	10521.97	139.917258359
5.012	12.5143897083	9996.094	1195.10383901	9549.316	50.0635589041	10498.54	111.292009883
5.013	13.6515568721	9994.629	853.745538794	9461.426	81.9244310109	10502.93	61.183521891
5.014	11.5374317042	9994.629	1113.41642148	9517.09	78.030970019	10511.72	47.7399892074
5.015	11.653161847	9999.023	1221.68680544	9480.469	85.0245391036	10532.23	64.8512023811
5.016	10.0556069932	9999.023	856.910427067	9483.398	53.6836129136	10483.89	75.6457086474
5.017	9.55099177699	9997.559	1023.60767165	9457.031	60.5337019985	10464.84	69.8215936694
5.018	9.92628309931	9996.094	970.806846427	9451.172	71.0601940401	10456.05	74.0660112822
5.019	10.0480316456	9996.094	594.308027688	9476.074	76.3677247837	10535.16	60.673158045
5.02	9.13101165303	9994.629	1355.84094613	9528.809	51.0291305579	10539.55	67.7572684385
5.021	7.45966373668	9999.023	824.025178002	9461.426	47.6141308633	10483.89	29.6715579177
5.022	7.34976059939	9999.023	1027.97046826	9549.316	35.7452136187	10548.34	68.0988966512
5.023	8.14710810022	9997.559	1027.94861496	9473.145	51.8505937687	10523.44	78.546150608
5.024	6.99257674176	9996.094	871.291900198	9464.355	74.2262790468	10538.09	45.2559731515
5.025	6.50418230705	9996.094	869.021133254	9465.82	42.0741330274	10507.32	53.8680628443
5.026	6.28344133837	9994.629	1143.09199776	9502.441	35.9995312162	10533.69	31.4419047925
5.027	6.47454020765	10000.49	1028.61671634	9483.398	41.4593488077	10508.79	39.4178550266
5.028	5.26593417381	9999.023	1052.52236532	9511.23	28.5962637984	10495.61	29.9312803495
5.029	4.99802518788	9997.559	1242.36080667	9459.961	22.4452756021	10476.56	16.5822489855
5.03	4.31160959508	9997.559	1097.85791658	9537.598	32.1754196756	10500.0	28.9375321634
5.031	4.78777568811	9996.094	1437.40752749	9536.133	33.0083993138	10505.86	57.7311286955
5.032	5.06792949659	9994.629	1506.43662766	9455.566	47.1175954344	10497.07	22.3706620576
5.033	5.55706636889	10000.49	1688.6853034	9547.852	30.6909862338	10546.88	36.0378155602
5.034	4.90097229531	9999.023	1865.46537103	9541.992	34.0941273025	10494.14	40.4204054557
5.035	5.28382816035	9997.559	1632.59792814	9537.598	23.9405322494	10502.93	25.1377458545
5.036	4.93154143524	9997.559	1973.28899301	9473.145	48.6650428276	10538.09	33.4151799241
5.037	4.88451474171	9996.094	2328.20216374	9511.23	36.5791101058	10485.35	34.7308734007
5.038	5.46642493996	9994.629	1957.8010529	9522.949	21.4637050085	10511.72	46.953557535
5.039	5.57800880054	9994.629	2209.48206549	9531.738	32.341391556	10523.44	23.4212583603
5.04	4.59235810632	9999.023	2021.10475761	9489.258	29.6329170854	10473.63	44.6927499003
5.041	4.64979635546	9999.023	2131.50118577	9476.074	21.3861149488	10500.0	34.7825409351
5.042	5.28061639177	9997.559	2351.67175258	9455.566	33.1590890696	10519.04	25.8132776488
5.043	4.25824778903	9996.094	2063.22460834	9458.496	22.973731296	10539.55	25.367471093
5.044	5.02498216819	9996.094	2003.07797265	9546.387	47.3355027324	10489.75	44.7885166153
5.045	4.27426513965	9994.629	2410.14304103	9461.426	37.2336187849	10485.35	24.8706300288
5.046	4.46403015178	9999.023	2190.03983627	9511.23	33.8689972101	10464.84	23.5124509923
5.047	3.57049151789	9999.023	2359.30461426	9537.598	21.2029523459	10457.52	24.8793142373
5.048	3.72111575903	9997.559	2245.32142675	9511.23	23.3795555853	10519.04	43.8414468962
5.049	3.36595304658	9996.094	2040.27536449	9452.637	19.9484884661	10458.98	34.3770440528
5.05	3.35540384611	9996.094	2220.45602419	9534.668	18.8012638443	10546.88	18.2923639639
5.051	3.72657273539	9994.629	2198.07622616	9512.695	33.2925522068	10514.65	23.8733299209
5.052	3.40673546595	10000.49	1833.12446483	9473.145	22.1412011041	10548.34	26.6163731241
5.053	3.86677175434	9999.023	1891.97851791	9467.285	27.319264991	10533.69	28.4253325376
5.054	3.97363304697	9997.559	2243.87007201	9458.496	19.5089255785	10549.8	15.8806539453
5.055	5.03006970758	9997.559	2332.54038096	9459.961	32.9164304687	10501.46	22.8569069691
5.056	5.90359729586	9996.094	2576.01315562	9457.031	25.7469314783	10520.51	40.6492818678
5.057	6.01647163258	9994.629	2402.0025881	9525.879	30.8200288762	10516.11	35.1725136393
5.058	5.23155840414	10000.49	1985.76781578	9502.441	51.3858336982	10483.89	38.5145211869
5.059	6.36343764016	9999.023	2641.62076273	9459.961	39.4732534526	10456.05	38.7931435248
5.06	5.53638070496	9997.559	2432.57500725	9508.301	36.5235700542	10480.96	53.6175207062
5.061	5.30878476504	9997.559	2172.53849125	9457.031	26.1626059221	10469.24	47.871219401
5.062	5.45099540572	9996.094	2227.8523614	9534.668	21.2797594781	10523.44	21.0328738541
5.063	5.38507168485	9994.629	2202.95469547	9539.062	28.1188012373	10472.17	22.4854404535
5.064	5.60830174978	9994.629	1993.09811934	9455.566	30.5603270737	10463.38	23.2080786041
5.065	5.00634149075	9999.023	2043.96892704	9498.047	28.9985713263	10485.35	38.2210483048
5.066	4.47344292014	9999.023	1954.2106265	9489.258	26.5742182582	10541.02	31.0420032626
5.067	5.15021662691	9997.559	2425.12830363	9451.172	25.0640057333	10505.86	27.7454898284
5.068	4.77974120401	9996.094	2421.18913963	9539.062	26.4227894025	10520.51	16.1761470837
5.069	4.13788196629	9996.094	2332.34085005	9451.172	20.3126322946	10464.84	24.8873105593
5.07	4.04548682738	9994.629	2511.94060532	9477.539	27.9132184276	10530.76	34.1950789548
5.071	4.63262022298	9999.023	2059.99431455	9490.723	33.7484114839	10479.49	26.4692071511
5.072	5.3277128693	9999.023	2109.3643763	9508.301	42.0663204602	10548.34	33.993392355
5.073	5.62237037456	9997.559	2349.41403839	9530.273	39.4810583709	10476.56	26.1005772635
5.074	6.2906304093	9996.094	2178.20025689	9505.371	37.5520392195	10549.8	22.6185699078
5.075	6.39182467572	9996.094	2358.30642248	9515.625	55.4398423646	10541.02	54.6441895272
5.076	6.2148274408	9994.629	2479.10801815	9487.793	46.3062945731	10492.68	31.2075185125
5.077	6.6718395164	10000.49	1921.10152365	9474.609	28.7648630977	10510.25	43.3415342646
5.078	5.82253973655	9999.023	2589.09835445	9464.355	29.327263645	10488.28	31.1135051229
5.079	7.00736957741	9997.559	2140.98621033	9464.355	27.6626323671	10479.49	38.4185439101
5.08	6.46877472371	9997.559	2248.49192578	9508.301	31.4882648278	10456.05	44.0562130028
5.081	5.89598983277	9996.094	2490.56229024	9503.906	57.5657742993	10513.18	97.8002404855
5.082	7.52005940004	9994.629	2448.40024416	9514.16	33.1917630107	10473.63	32.6572331001
5.083	7.89436305494	10000.49	2039.62322993	9511.23	32.6635559088	10516.11	54.5272385638
5.084	9.29396706769	9999.023	2214.64778114	9462.891	41.689803927	10486.82	41.7554836368
5.085	6.31402998001	9997.559	1934.19869763	9499.512	41.8724085668	10460.45	74.7669127975
5.086	6.61557289733	9997.559	1813.66161981	9461.426	42.5077052271	10494.14	63.2736428361
5.087	6.93785846716	9996.094	1846.85961414	9515.625	39.5944390535	10454.59	45.1629366522
5.088	7.4532914011	9994.629	1741.2310844	9514.16	45.1578429461	10519.04	41.7444639383
5.089	7.86274664418	9994.629	2001.41732909	9455.566	50.9195883717	10508.79	24.079125289
5.09	7.30358431987	9999.023	1687.23768467	9541.992	68.3364738629	10470.7	40.917887654
5.091	6.34472393918	9999.023	1447.23755	9470.215	46.2915748793	10469.24	48.4801100052
5.092	6.9081477491	9997.559	1694.94697026	9536.133	39.4037014087	10543.95	54.0938403166
5.093	7.23329633082	9996.094	1561.61741149	9499.512	33.463830147	10461.91	82.3615870698
5.094	6.60548627083	9996.094	1637.64542216	9524.414	53.6030628909	10457.52	25.5806445773
5.095	7.63005312354	9994.629	1801.52809116	9522.949	50.7746187056	10527.83	66.907921853
5.096	9.00389332798	9999.023	1690.34756944	9536.133	80.2187461708	10475.1	53.2332607472
5.097	9.95797200352	9999.023	1827.47506148	9508.301	51.0050990268	10535.16	48.4296552963
5.098	8.70297224138	9997.559	1657.06285915	9521.484	44.1457037683	10472.17	59.6374672953
5.099	10.528076828	9996.094	1281.39865618	9451.172	47.7942189237	10508.79	69.9788437978
5.1	9.93356543804	9996.094	1536.69360442	9534.668	88.6266830315	10475.1	64.9227658769
5.101	10.2367580425	9994.629	1491.70299136	9547.852	70.9160669618	10529.3	72.698354709
5.102	10.940692642	10000.49	1276.18335761	9461.426	96.7989669315	10476.56	100.456210687
5.103	12.6632458832	9999.023	1452.49555361	9506.836	50.5012055853	10541.02	105.709493445
5.104	11.2131210608	9997.559	1762.43615283	9514.16	67.8688134428	10466.31	95.6740055201
5.105	10.7265258429	9997.559	1093.17346545	9474.609	62.748676544	10546.88	106.39570352
5.106	12.1601553425	9996.094	1615.11007954	9495.117	101.258894377	10527.83	102.409754644
5.107	12.1128355123	9994.629	1207.7101242	9547.852	81.2865188541	10539.55	57.974941411
5.108	12.5480496923	10000.49	953.189888927	9496.582	80.4777788006	10545.41	111.780640743
5.109	13.0585919423	9999.023	1079.10379853	9477.539	69.5234064891	10532.23	86.6610188031
5.11	12.7031663906	9997.559	1062.14298358	9492.188	105.386605427	10478.03	62.7646454623
5.111	11.8778779317	9997.559	1033.76252768	9512.695	87.7771643266	10501.46	71.6860435557
5.112	15.0126726107	9996.094	1064.34635357	9502.441	142.23285155	10535.16	72.190055156
5.113	14.5107068081	9996.094	965.694109777	9458.496	115.516032949	10548.34	68.2321411622
5.114	14.2683095547	9994.629	1394.09988982	9506.836	136.953670108	10478.03	106.081482987
5.115	15.8548298273	9999.023	882.811893029	9511.23	88.8699022985	10519.04	86.7600139668
5.116	15.0502626006	9999.023	1172.94050763	9503.906	86.9002253671	10464.84	110.903744885
5.117	17.5106543098	9997.559	1310.46981656	9540.527	136.747029516	10454.59	129.909354019
5.118	20.3985431871	9996.094	947.865327972	9462.891	149.872449592	10527.83	231.223575
5.119	26.3905150217	9996.094	808.499721501	9493.652	139.321441456	10527.83	132.121933312
5.12	26.4051761801	9994.629	1064.82930006	9525.879	236.618942481	10464.84	171.68828716
5.121	33.9013053624	10000.49	523.089795499	9464.355	212.43343015	10513.18	207.789577497
5.122	35.2752917167	9999.023	1093.24964522	9512.695	146.353903834	10529.3	254.136531094
5.123	33.5529627562	9997.559	1526.66964163	9525.879	238.539494107	10504.39	201.415811198
5.124	34.2226487966	9997.559	616.210585879	9522.949	211.089634787	10524.9	271.253469475
5.125	39.773263967	9996.094	1345.87037378	9477.539	367.82044221	10456.05	268.07173629
5.126	47.5401598287	9994.629	976.631354526	9511.23	235.730406286	10463.38	185.011454463
5.127	42.4463676203	10000.49	504.77389773	9451.172	249.735826375	10472.17	270.358998704
5.128	37.8271959544	9999.023	1587.07938645	9457.031	201.638669955	10461.91	314.955550706
5.129	41.537724606	9997.559	1355.78430507	9543.457	219.360875326	10538.09	376.647670647
5.13	35.9568643177	9996.094	478.873307141	9524.414	218.465536547	10480.96	325.039737655
5.131	41.5069199395	9996.094	1025.72663913	9521.484	394.912594089	10532.23	312.076557751
5.132	39.468334287	9994.629	1313.78877393	9505.371	221.125787279	10517.58	132.028588908
5.133	31.5085419968	10000.49	1471.24041265	9540.527	310.965301195	10469.24	140.357467352
5.134	36.5866512746	9999.023	1429.46906157	9465.82	204.577631966	10511.72	276.331426902
5.135	32.291484103	9997.559	942.868321769	9473.145	173.797302171	10450.2	116.728795237
5.136	34.5889489887	9997.559	1634.82847099	9474.609	214.223204185	10548.34	223.977072137
5.137	29.5323071757	9996.094	1394.05414297	9528.809	201.65016648	10524.9	173.202656263
5.138	28.8353848851	9994.629	964.538517441	9517.09	302.076871782	10504.39	189.270025332
5.139	28.6768537075	9994.629	2162.3718557	9462.891	170.547028392	10516.11	162.452747781
5.14	27.0024241871	9999.023	1508.2672078	9502.441	232.56858976	10498.54	182.645888755
5.141	22.8730929964	9999.023	1778.28292469	9546.387	182.843439086	10535.16	123.478533585
5.142	25.4467463731	9997.559	1577.37020896	9492.188	89.6097412777	10510.25	170.583435988
5.143	24.127927331	9996.094	1466.25700708	9541.992	148.407990296	10516.11	164.711543688
5.144	22.7108658173	9996.094	2461.42117326	9487.793	162.538692167	10514.65	137.275688933
5.145	22.0777080553	9994.629	1719.91405069	9517.09	90.225344126	10507.32	139.408248954
5.146	20.4407145395	9999.023	1777.35840076	9458.496	128.298653517	10532.23	197.482494568
5.147	21.2626036917	9999.023	1839.81793478	9486.328	198.622409395	10460.45	183.633098142
5.148	24.1704858119	9997.559	1621.98683093	9492.188	141.879406068	10492.68	184.874632716
5.149	24.3329201687	9996.094	1587.6354627	9524.414	186.284847014	10511.72	171.63471763
5.15	24.1696171334	9996.094	1446.8408132	9544.922	190.108426256	10542.48	212.751606532
5.151	24.3712060084	9994.629	1491.49691535	9470.215	137.967738273	10517.58	248.006854491
5.152	28.564608801	10000.49	768.364872686	9509.766	251.513856719	10539.55	175.885841249
5.153	24.4750126118	9999.023	1361.78334928	9547.852	137.463606007	10505.86	167.844431799
5.154	26.5527410623	9997.559	1506.67322511	9481.934	136.548352863	10482.42	210.81978358
5.155	26.6154148141	9997.559	958.523620524	9531.738	155.24953782	10523.44	145.397476955
5.156	22.597060514	9996.094	1682.95295347	9530.273	107.361156561	10516.11	135.131230056
5.157	27.5420363188	9994.629	1464.35793879	9518.555	127.693399466	10542.48	171.17692016
5.158	24.2315969806	10000.49	1608.4219204	9547.852	169.654290967	10482.42	163.037491348
5.159	26.0867254606	9999.023	1856.48342207	9544.922	168.498304417	10476.56	118.196134506
5.16	26.8453944692	9997.559	931.809780011	9458.496	214.210647363	10521.97	198.833758154
5.161	26.7497675207	9997.559	1317.50306974	9454.102	158.386163754	10470.7	235.368408178
5.162	32.4527700583	9996.094	1175.29231614	9544.922	176.913403162	10541.02	235.688436777
5.163	31.1424359737	9996.094	1998.19338493	9515.625	151.643492325	10488.28	204.859081342
5.164	30.9416353355	9994.629	1652.48581653	9493.652	235.284447673	10470.7	136.215961963
5.165	26.7982903234	9999.023	1198.43608614	9539.062	122.052532688	10458.98	193.486756773
5.166	32.4673578359	9999.023	1422.08217111	9549.316	98.3087396011	10500.0	266.43301383
5.167	28.5254270908	9997.559	1564.86790525	9470.215	138.027833408	10456.05	210.348693675
5.168	33.9513646291	9996.094	1076.32954754	9534.668	214.580184529	10473.63	167.674991527
5.169	34.7777798649	9996.094	1391.28947535	9543.457	194.209775723	10473.63	226.929360741
5.17	27.3142535537	9994.629	2854.93454827	9495.117	160.841036385	10543.95	200.263988979
5.171	33.2130457343	9999.023	1171.91410282	9471.68	383.52140345	10456.05	215.782665404
5.172	31.2834769522	9999.023	1935.20782149	9549.316	114.828537843	10488.28	178.765343059
5.173	27.5716090688	9997.559	2865.64496179	9479.004	157.866889878	10486.82	264.889881064
5.174	30.0784543036	9996.094	1773.79460298	9511.23	221.562658797	10519.04	201.000715909
5.175	28.447008417	9996.094	2299.68895087	9533.203	205.776401874	10536.62	267.809414394
5.176	26.4393987576	9994.629	1892.18636275	9455.566	131.544962964	10541.02	213.430167219
5.177	25.3573238469	10000.49	1911.93057867	9481.934	297.436068707	10467.77	194.265667443
5.178	25.9862554591	9999.023	1611.79964228	9525.879	128.803809803	10538.09	175.109938167
5.179	28.9056065823	9997.559	2053.53926882	9479.004	221.889127085	10514.65	191.14284008
5.18	25.0321575574	9997.559	2523.470439	9451.172	133.031571952	10500.0	153.323399737
5.181	23.5625670993	9996.094	2085.49142766	9525.879	206.517552785	10533.69	192.513856033
5.182	23.7571513016	9994.629	1348.90068361	9474.609	168.469705626	10451.66	123.288289967
5.183	18.7895568554	10000.49	1754.98340619	9524.414	152.181921437	10453.12	177.301477152
5.184	18.9519068702	9999.023	2300.81447073	9537.598	110.438638402	10549.8	76.825946718
5.185	19.28744184	9997.559	1844.75994623	9489.258	73.9464250606	10482.42	104.754550537
5.186	20.7140069748	9997.559	2300.39678902	9509.766	162.622172977	10535.16	107.981765828
5.187	19.8159448001	9996.094	2033.46888343	9506.836	112.990662678	10545.41	270.182802995
5.188	16.7901023513	9994.629	1360.29803854	9474.609	90.6162857938	10532.23	91.3229420638
5.189	19.7143475845	9994.629	1675.68801462	9481.934	185.609478767	10457.52	161.965360338
5.19	16.7502625673	9999.023	2042.41636168	9520.02	106.543783037	10519.04	136.998668275
5.191	15.476460333	9999.023	1352.77279931	9533.203	62.6314589335	10470.7	74.0071114106
5.192	14.6479062119	9997.559	2178.00430751	9492.188	113.409075373	10526.37	136.368812388
5.193	18.1984805238	9996.094	2068.38796595	9505.371	86.4427748197	10486.82	76.2509042746
5.194	17.357280534	9996.094	1650.46695417	9467.285	93.1334386845	10511.72	83.1683482534
5.195	16.3113546963	9994.629	2577.33269719	9467.285	66.44170784	10458.98	80.8036352069
5.196	17.0527059857	9999.023	1369.44066886	9543.457	107.482928784	10458.98	90.320689639
5.197	15.1803354998	9999.023	2049.65350106	9541.992	116.768745678	10549.8	81.3995435007
5.198	16.1664962111	9997.559	1887.78039327	9477.539	73.5732828534	10533.69	127.762000537
5.199	14.3213495476	9996.094	1927.78009107	9547.852	66.0366567075	10475.1	98.7199498533
5.2	14.4041717976	9996.094	1708.90538119	9454.102	155.540154334	10492.68	129.393488825
5.201	14.156277815	9994.629	1883.15764435	9457.031	143.084410019	10463.38	119.645188518
5.202	14.5826101473	10000.49	1387.85967129	9511.23	114.07100753	10451.66	85.9478590598
5.203	12.8679521374	9999.023	2113.21735236	9474.609	152.176899532	10529.3	44.0055457064
5.204	15.1640180199	9997.559	2199.53131283	9541.992	109.715089193	10533.69	83.7726197446
5.205	13.6319781503	9997.559	2090.72420647	9499.512	180.923449743	10461.91	115.808514663
5.206	16.6274242744	9996.094	2584.54426586	9524.414	99.2759546	10461.91	91.9519656596
5.207	14.9736089737	9994.629	1906.51109542	9517.09	96.5746814524	10486.82	98.0381969195
5.208	14.9259607669	10000.49	2086.82497958	9495.117	90.0631355297	10533.69	113.585069043
5.209	15.0681180311	9999.023	2173.3558342	9512.695	83.886823009	10466.31	62.8974891584
5.21	13.3714694994	9997.559	2183.04030151	9539.062	98.5917041768	10546.88	112.868023565
5.211	14.2448503073	9997.559	1923.35722275	9473.145	88.7834342211	10507.32	86.3277209393
5.212	12.669294739	9996.094	2297.49026266	9470.215	93.2752451603	10460.45	82.3955183226
5.213	13.7629466345	9994.629	1933.91625147	9461.426	75.29564951	10491.21	88.4076157882
5.214	12.053500035	9994.629	2130.84360959	9498.047	106.10203807	10497.07	114.552015552
5.215	11.8297907315	9999.023	2267.53719178	9533.203	95.5977814878	10511.72	57.0852612018
5.216	12.8824114424	9999.023	2139.88068501	9514.16	103.399667615	10549.8	46.3154335509
5.217	13.125436075	9997.559	2829.54936656	9480.469	139.027891337	10535.16	70.2144578113
5.218	12.9665225326	9996.094	1906.59164982	9498.047	60.2769193763	10476.56	101.029586204
5.219	12.2183264525	9996.094	1697.57556802	9505.371	100.226279828	10536.62	55.2531413513
5.22	11.5420185191	9994.629	2094.4658944	9536.133	75.9138432681	10454.59	60.5215177038
5.221	12.3165604748	9999.023	1787.87832373	9502.441	112.992261225	10497.07	75.4124842893
5.222	11.0132660276	9999.023	2064.70897895	9540.527	83.9420407193	10478.03	62.2377631844
5.223	12.6545536343	9997.559	2622.72844043	9476.074	67.3893468641	10519.04	46.1948023692
5.224	11.8368050757	9996.094	2029.44111421	9546.387	72.3790562785	10532.23	85.6498896524
5.225	12.9056219377	9996.094	2009.3562406	9506.836	71.8776242883	10516.11	155.671252064
5.226	11.2625759197	9994.629	2480.66860819	9461.426	61.5909126324	10535.16	129.991571377
5.227	12.4168757857	10000.49	2090.58277634	9524.414	72.6616118056	10482.42	94.1807722248
5.228	12.1450716434	9999.023	2370.54714283	9487.793	56.0680282375	10485.35	106.740970925
5.229	12.8559874899	9997.559	2296.11659652	9473.145	64.6306542389	10476.56	108.89413992
5.23	13.2368487846	9997.559	2417.38986395	9473.145	59.6724957566	10485.35	74.3006133478
5.231	12.9837042697	9996.094	2256.04896989	9530.273	98.8206670539	10530.76	68.9058793021
5.232	12.2159006332	9994.629	1775.65510401	9537.598	73.46181282	10511.72	101.772862699
5.233	12.280660971	10000.49	2588.31376243	9512.695	71.5428113898	10502.93	60.9454498863
5.234	11.7707265809	9999.023	2386.16549708	9537.598	78.2046426173	10486.82	53.5047671666
5.235	14.3388870096	9997.559	2036.66475304	9506.836	78.9532768131	10508.79	91.5694901048
5.236	14.6589503633	9997.559	2656.54145556	9506.836	100.429383007	10482.42	94.19732737
5.237	14.2130788516	9996.094	2003.2445873	9498.047	112.45699149	10539.55	72.2142747238
5.238	13.9951915456	9994.629	1481.85628304	9474.609	136.791731038	10464.84	104.491679714
5.239	12.8611767697	9994.629	1821.2037674	9486.328	126.918185776	10470.7	70.340774401
5.24	14.657688727	9999.023	1913.20610207	9486.328	82.968077714	10546.88	69.3621116205
5.241	14.1916310277	9999.023	1919.18002595	9503.906	82.3415586629	10539.55	143.097468477
5.242	14.9573415222	9997.559	1968.11011214	9473.145	67.9041808712	10463.38	132.850717512
5.243	14.6859704539	9996.094	1604.05802748	9483.398	115.097236031	10545.41	64.7871301896
5.244	13.1824091507	9996.094	1754.05544859	9533.203	78.0438136144	10538.09	94.2966036414
5.245	13.5473861752	9994.629	1636.01302005	9483.398	131.933885616	10482.42	169.85398547
5.246	13.5568077481	9999.023	1650.76031047	9473.145	139.089544613	10511.72	105.436083994
5.247	15.6470366798	9999.023	1288.86778259	9527.344	80.2693340463	10456.05	64.8295280928
5.248	15.5360682768	9997.559	1733.44339542	9541.992	177.860754103	10505.86	135.772592284
5.249	15.8664621793	9996.094	1178.25601799	9517.09	65.8776655008	10485.35	105.957299622
5.25	17.1205913707	9996.094	1820.63462978	9464.355	92.4601553108	10541.02	133.088045594
5.251	17.1034989835	9994.629	1337.0755558	9511.23	162.261498011	10510.25	105.239753229
5.252	17.7345002149	10000.49	1402.64910093	9546.387	115.487157854	10488.28	102.082379253
5.253	15.3670693319	9999.023	1758.49080882	9540.527	125.631845816	10517.58	86.0628327656
5.254	14.9742769038	9997.559	1558.9827546	9471.68	101.607742211	10473.63	105.027823467
5.255	13.4052818302	9997.559	1372.5264221	9524.414	83.0999838274	10498.54	65.7521659663
5.256	11.8932915528	9996.094	1549.8978737	9454.102	70.1375633652	10483.89	94.4924763248
5.257	12.5316662941	9994.629	1038.38015601	9493.652	69.6205590121	10453.12	69.9575722927
5.258	14.0350474498	10000.49	893.482678479	9474.609	88.2600177956	10475.1	71.790616369
5.259	13.2669982498	9999.023	1688.12967403	9479.004	67.0159230161	10486.82	76.4483836288
5.26	13.1750625028	9997.559	1024.64707631	9522.949	76.1444417742	10472.17	70.6114375114
5.261	12.4792781976	9997.559	1331.26454235	9515.625	84.1257901639	10485.35	116.637358693
5.262	12.6115998335	9996.094	1792.53333632	9511.23	74.7957210422	10485.35	87.7877640312
5.263	12.4316640289	9994.629	1243.56759026	9470.215	85.2870835478	10470.7	126.216704271
5.264	13.9546949149	9994.629	1296.78137561	9506.836	80.2652120121	10458.98	99.546793737
5.265	14.6547786408	9999.023	1171.28595793	9537.598	107.403115387	10523.44	90.1281118443
5.266	14.9424408613	9999.023	1267.70953433	9541.992	57.662535625	10530.76	77.7735097638
5.267	14.8096427339	9997.559	1816.52929863	9547.852	72.2706609258	10504.39	109.338918778
5.268	13.1330310607	9996.094	1557.31204041	9454.102	52.9093210822	10454.59	50.4108684066
5.269	14.2858460277	9996.094	1399.05981559	9537.598	76.7694098547	10478.03	76.2546419141
5.27	15.9643164412	9994.629	2130.18417775	9459.961	187.97880786	10464.84	90.8684126375
5.271	15.2507386247	9999.023	1711.88315075	9534.668	115.793037847	10470.7	54.8148704559
5.272	12.7167783744	9999.023	1354.24075156	9479.004	96.088334585	10495.61	127.378694079
5.273	11.6772453292	9997.559	1748.74830657	9484.863	79.858403027	10469.24	66.0143726246
5.274	13.5406054834	9996.094	1341.70291347	9477.539	130.335594535	10491.21	97.9512616305
5.275	11.5372714496	9996.094	1301.18899544	9536.133	75.7232252794	10494.14	104.635520834
5.276	12.4371494496	9994.629	1774.84205731	9537.598	85.9786469374	10461.91	83.7061290427
5.277	11.1650861923	10000.49	1580.48378948	9547.852	126.39847653	10517.58	75.2214515725
5.278	13.3611013969	9999.023	1609.11564018	9499.512	54.9903878872	10510.25	97.3228264384
5.279	10.6348997115	9997.559	1229.80993148	9459.961	70.3830629753	10513.18	74.4275708561
5.28	10.0560524605	9997.559	1064.53962445	9454.102	41.1294816969	10498.54	98.4122298682
5.281	10.7895868742	9996.094	1564.74138315	9473.145	101.18194678	10451.66	90.302349934
5.282	9.71479601089	9994.629	1079.82735367	9455.566	116.567100633	10545.41	96.5750960903
5.283	10.4798839121	10000.49	1597.55883571	9531.738	91.3578768652	10526.37	71.093701175
5.284	9.4003944834	9999.023	1425.61922414	9465.82	59.1735794	10450.2	82.1874413967
5.285	10.8056040759	9997.559	1331.74589823	9467.285	54.7181237698	10543.95	52.2620645497
5.286	11.7465659032	9997.559	1220.42527766	9487.793	85.2630113485	10460.45	102.232839594
5.287	9.12448287339	9996.094	1356.78775078	9492.188	81.5684858731	10510.25	62.8717510816
5.288	8.39873656309	9994.629	1223.57858342	9483.398	95.2255479445	10549.8	32.7840275832
5.289	10.3304881352	9994.629	1487.47056805	9487.793	63.8581074461	10507.32	45.4669545254
5.29	8.68285310953	9999.023	1174.90809246	9462.891	54.9895309331	10453.12	52.3515379871
5.291	9.01273253434	9999.023	1156.4615729	9468.75	60.6717417934	10479.49	34.9605507448
5.292	7.95473271783	9997.559	1584.74905584	9468.75	63.9043861117	10545.41	35.7338128416
5.293	9.67865609551	9996.094	1222.05088901	9543.457	52.1713083166	10524.9	72.2523359788
5.294	7.45098065223	9996.094	1242.54373288	9492.188	35.4714119776	10456.05	48.6053622818
5.295	7.34042607941	9994.629	1470.11277307	9547.852	65.3752765492	10458.98	64.4176856706
5.296	6.59193416534	9999.023	1266.47531541	9492.188	47.149864286	10488.28	51.5388280053
5.297	7.43894066871	9999.023	814.826063705	9520.02	50.7503254065	10549.8	36.2103856293
5.298	7.42018156965	9997.559	997.851682224	9490.723	49.1036170222	10480.96	40.7897438424
5.299	6.99417744814	9996.094	1094.29665216	9464.355	43.3303483012	10504.39	39.0870387378
5.3	7.52544692964	9996.094	994.90436155	9476.074	42.3699676531	10516.11	63.5257329729
5.301	7.19545822823	9994.629	1370.08194834	9495.117	37.0685340751	10491.21	77.1922613303
5.302	7.99964715387	10000.49	1191.54973885	9534.668	53.5198683704	10486.82	64.9094544531
5.303	7.35083682727	9999.023	1482.449313	9483.398	64.3201671511	10505.86	40.2147671681
5.304	7.40007812132	9997.559	1454.24507426	9530.273	49.7628459537	10505.86	69.5075539564
5.305	6.98011912883	9997.559	1551.12417272	9480.469	37.1923635186	10450.2	48.3297169173
5.306	7.77195479968	9996.094	1861.0256376	9517.09	40.4263813553	10473.63	56.5606608293
5.307	8.65700920694	9994.629	1139.79000355	9479.004	68.020514148	10524.9	40.527222143
5.308	7.73323595885	10000.49	1505.09581781	9455.566	45.1533911296	10511.72	40.1746763341
5.309	8.63501652833	9999.023	1764.83203047	9479.004	51.7562510015	10470.7	43.2892562613
5.31	10.3279349871	9997.559	1554.92880681	9493.652	82.0927216469	10500.0	63.1046375732
5.311	11.3262427904	9997.559	1303.47076612	9490.723	35.6780483794	10497.07	59.482511826
5.312	9.44538446614	9996.094	1998.04442241	9531.738	68.1394990159	10466.31	92.9933753324
5.313	12.380404461	9994.629	1342.52248231	9479.004	78.1616936612	10451.66	57.7422375317
5.314	13.8088782824	9994.629	1284.93851568	9521.484	57.0304732839	10470.7	58.8878596586
5.315	12.8572534919	9999.023	1605.14246801	9484.863	70.6206703101	10548.34	84.5433257397
5.316	12.1982370705	9999.023	913.989020501	9484.863	119.513407313	10511.72	72.2549027021
5.317	12.9857702164	9997.559	1545.1306052	9549.316	70.0104032475	10542.48	140.810712836
5.318	11.6422507022	9996.094	1386.01978059	9499.512	99.363574834	10497.07	70.641691007
5.319	17.5743674268	9996.094	1160.83765783	9474.609	88.983062361	10498.54	88.8960815743
5.32	23.3633821495	9994.629	2236.2393741	9458.496	223.602316871	10533.69	135.886256211
5.321	29.0435749263	9999.023	1873.47222745	9517.09	226.199936467	10517.58	235.313410368
5.322	32.0293181892	9999.023	1029.66204325	9490.723	156.365077768	10495.61	98.6553184677
5.323	32.6850794633	9997.559	1782.46528244	9530.273	242.667371743	10517.58	281.142782811
5.324	32.2920239481	9996.094	815.509537486	9499.512	239.014442788	10541.02	302.980079731
5.325	46.6626888525	9996.094	1267.72930412	9520.02	268.164690101	10519.04	199.075770099
5.326	54.2424997428	9994.629	1308.86916174	9455.566	298.542620181	10497.07	351.609441874
5.327	57.3252589822	9999.023	1306.47268938	9503.906	369.713542148	10463.38	292.616833299
5.328	63.8281497534	9999.023	1626.67269772	9461.426	346.69912036	10530.76	245.610574974
5.329	60.0871124307	9997.559	1173.33035515	9515.625	417.988396057	10491.21	430.386873079
5.33	29.9445999888	9997.559	515.215905621	9495.117	200.317824623	10524.9	181.686916148
5.331	18.6017195993	9996.094	1645.89799572	9543.457	155.040249073	10526.37	105.761266012
5.332	15.2649122407	9994.629	1514.3593558	9462.891	70.4366781671	10476.56	87.1530275442
5.333	13.4503783696	10000.49	1412.04219855	9481.934	138.041295369	10504.39	94.9260956667
5.334	19.3012600702	9999.023	2322.62185567	9470.215	140.974720416	10527.83	148.632226558
5.335	31.8434972149	9997.559	1287.85343128	9517.09	158.21760464	10513.18	129.597735193
5.336	17.9333405589	9997.559	1446.87822564	9540.527	83.449358376	10460.45	113.888485514
5.337	20.0384938308	9996.094	2173.52998738	9521.484	122.231491464	10463.38	147.475649792
5.338	28.5455360627	9994.629	1719.94156204	9527.344	159.579209251	10483.89	144.542971928
5.339	46.4544086025	9994.629	1739.87730961	9461.426	407.14519854	10529.3	372.947629499
5.34	33.5249635033	9999.023	2065.12155645	9468.75	299.259805189	10497.07	229.337823456
5.341	28.6977887632	9999.023	1945.47414695	9490.723	185.554399011	10507.32	213.477943436
5.342	30.1069364553	9997.559	2116.80027529	9544.922	147.580991061	10514.65	174.425647265
5.343	27.0032881051	9996.094	1878.67512049	9521.484	190.779985793	10500.0	164.576028317
5.344	26.1070850955	9996.094	3165.40516209	9533.203	141.268031817	10538.09	188.101006932
5.345	27.3267177646	9994.629	2820.06399717	9476.074	167.812341001	10470.7	218.911204673
5.346	35.7822740355	9999.023	2066.27421434	9534.668	190.240208911	10476.56	257.936989921
5.347	31.8600251814	9999.023	2963.95216514	9498.047	274.347865591	10457.52	225.921251246
5.348	37.1151637006	9997.559	3334.07178351	9509.766	339.500596165	10476.56	257.368217729
5.349	36.5896482139	9996.094	3239.77637614	9481.934	221.046487201	10482.42	148.83822803
5.35	40.0538687338	9996.094	3236.62703197	9459.961	197.56210154	10542.48	391.202757825
5.351	44.6241493552	9994.629	3057.91580338	9522.949	363.068586691	10478.03	369.684495823
5.352	55.0830528803	10000.49	2985.85013144	9521.484	316.964326109	10529.3	349.150524723
5.353	52.0895760526	9999.023	3655.92246014	9525.879	309.98040049	10501.46	433.250270567
5.354	72.42472778	9997.559	2467.86839841	9511.23	517.799187337	10502.93	457.459037608
5.355	80.1092461898	9997.559	2033.16147417	9528.809	427.377377909	10514.65	436.865743807
5.356	103.642544337	9996.094	3124.21619794	9502.441	1086.57186517	10492.68	769.016410632
5.357	97.9402487522	9994.629	1975.92071113	9536.133	565.08240346	10486.82	1094.83817974
5.358	128.253320689	10000.49	3923.62798016	9524.414	836.301431568	10514.65	429.097976717
5.359	145.636793866	9999.023	4194.04832956	9451.172	1236.84391571	10456.05	964.400703499
5.36	135.830718796	9999.023	1482.3813377	9468.75	1131.25468697	10470.7	1473.18909691
5.361	181.624271138	9997.559	1880.58375561	9455.566	617.675972451	10456.05	1537.83707801
5.362	203.444227086	9996.094	1811.77011261	9487.793	994.998560471	10545.41	1390.242518
5.363	252.904476609	9994.629	2796.04010107	9474.609	1872.80636699	10456.05	1356.91098457
5.364	270.400351292	9994.629	1777.05754961	9509.766	2614.69921466	10536.62	1802.78427001
5.365	271.301471178	9985.84	1937.29860824	9503.906	2144.62734551	10539.55	2207.19980134
5.366	251.813892743	9999.023	3502.1543674	9534.668	2248.68656999	10523.44	1082.88489653
5.367	235.754779103	9997.559	3701.44869123	9536.133	1273.62200459	10542.48	2024.22375148
5.368	248.873499287	9996.094	2695.09424225	9457.031	1942.58016777	10508.79	2013.50594639
5.369	270.010776715	9996.094	1484.58497925	9508.301	1525.6834803	10463.38	1823.88323995
5.37	225.010549893	9994.629	5451.34625789	9499.512	2700.92632898	10458.98	2189.95517321
5.371	193.806914581	10000.49	1520.89032918	9495.117	1377.34851407	10539.55	1518.2666402
5.372	168.955084529	9999.023	1304.92621412	9506.836	1081.00583941	10541.02	1116.92725112
5.373	147.422183735	9997.559	1897.91644057	9514.16	735.626686616	10473.63	1074.03188256
5.374	115.74813391	9996.094	2272.99142254	9530.273	829.035438119	10482.42	931.335073963
5.375	107.001447882	9996.094	1758.1852297	9517.09	936.458502638	10473.63	516.308609465
5.376	113.128322733	9994.629	1552.05536143	9492.188	657.690203449	10480.96	534.567090493
5.377	91.9106998745	10000.49	1464.13259513	9490.723	462.965266859	10470.7	964.931843767
5.378	94.0972058038	9999.023	1454.59518641	9487.793	650.286696978	10516.11	697.452933897
5.379	71.4401358162	9997.559	2109.73486039	9531.738	329.265307993	10519.04	741.847398482
5.38	62.1289874948	9997.559	1427.4174552	9470.215	307.00506817	10511.72	321.554876718
5.381	66.8750689516	9996.094	3746.67837067	9525.879	769.318447479	10539.55	274.782597123
5.382	67.2380296844	9994.629	2724.3406012	9465.82	399.192840634	10488.28	336.688453102
5.383	59.8120647429	10000.49	2134.18502172	9461.426	247.362049658	10519.04	482.614515099
5.384	59.6818729774	9999.023	2597.6171443	9490.723	428.09673237	10475.1	358.86290719
5.385	50.5824099408	9997.559	1327.92745474	9522.949	151.467683553	10480.96	342.488558745
5.386	33.1116222571	9997.559	2151.22543244	9495.117	278.936070873	10516.11	159.409591284
5.387	35.8174482832	9996.094	2551.68246439	9484.863	228.726466915	10549.8	135.882801444
5.388	30.6462175547	9994.629	2101.03415351	9508.301	147.93472273	10530.76	189.462909502
5.389	33.4971733415	9994.629	2480.39804711	9484.863	208.074497666	10516.11	184.243318796
5.39	32.0791711222	9999.023	2031.01394088	9470.215	149.03600892	10545.41	134.023725093
5.391	27.5644813875	9999.023	880.919270831	9530.273	145.0954543	10520.51	300.849275888
5.392	26.3853168499	9997.559	2179.73712634	9480.469	169.565520841	10476.56	274.017193942
5.393	29.9905720151	9996.094	1518.25754611	9509.766	206.032807748	10498.54	138.149245054
5.394	20.9577284725	9996.094	1350.2201986	9473.145	92.6679569839	10521.97	226.782625209
5.395	20.1505821255	9994.629	1828.66098468	9536.133	97.3213958956	10510.25	139.078639037
5.396	15.5730166321	9999.023	1470.6581173	9455.566	123.015331023	10521.97	132.981367869
5.397	16.1363558101	9999.023	1390.56257246	9533.203	82.8762819776	10516.11	141.36387486
5.398	16.3277475781	9997.559	1867.835615	9498.047	96.4554818266	10454.59	120.341801711
5.399	14.0784517472	9996.094	1811.073702	9464.355	78.2315516989	10451.66	83.4956983048
5.4	13.6751857169	9996.094	1512.26432071	9508.301	82.5849391488	10467.77	136.066910837
5.401	12.3826631583	9994.629	1839.13933157	9468.75	83.5983019312	10491.21	90.1767352887
5.402	13.6858709718	10000.49	1169.02557897	9480.469	73.9642989503	10454.59	69.8064921177
5.403	14.7534340585	9999.023	1970.4944271	9484.863	92.534281573	10536.62	84.5718760793
5.404	16.4544892561	9997.559	1666.36765769	9470.215	117.597539736	10454.59	81.9913346055
5.405	12.4091534623	9997.559	1775.5546421	9520.02	140.798161678	10466.31	57.9864681256
5.406	11.8826897489	9996.094	2685.45423103	9499.512	50.3446962461	10524.9	96.0458492622
5.407	10.6577872716	9994.629	2173.92510329	9528.809	81.8812991765	10520.51	68.8699913969
5.408	9.02433447093	10000.49	1485.81057257	9458.496	81.5211600214	10542.48	60.0282865702
5.409	9.09345437627	9999.023	1858.13884366	9452.637	69.443727608	10469.24	68.0128185782
5.41	9.73323901857	9997.559	1302.02038776	9498.047	68.1315834204	10466.31	49.2923742622
5.411	9.00185279212	9997.559	1675.3054461	9459.961	65.7555420907	10541.02	55.6086971379
5.412	9.62394469122	9996.094	1054.95606601	9493.652	68.6267053919	10520.51	80.9129278586
5.413	8.816313747	9996.094	967.979716394	9464.355	79.8491738616	10475.1	44.8959538195
5.414	8.89657193507	9994.629	847.728920686	9489.258	63.4068051221	10497.07	78.7642306375
5.415	8.04106441883	9999.023	763.661986104	9484.863	46.7890652343	10498.54	44.3178351499
5.416	7.82584380037	9999.023	710.826733746	9524.414	25.3824331485	10464.84	49.0273867372
5.417	6.02455883349	9997.559	743.313893396	9477.539	36.6852427697	10535.16	31.1816706929
5.418	5.01923511153	9996.094	593.972825803	9517.09	50.3589646703	10541.02	37.4249748106
5.419	6.03028231156	9996.094	560.653304717	9503.906	41.8773315467	10467.77	29.1380805398
5.42	6.79170828654	9994.629	721.720841513	9527.344	46.5302377917	10516.11	38.8182182484
5.421	7.28841755655	9999.023	618.925028259	9452.637	33.7939204907	10543.95	72.0050165599
5.422	6.38717860939	9999.023	651.409595221	9464.355	49.1215941517	10511.72	53.9872836436
5.423	6.04456652519	9997.559	1075.26483294	9530.273	42.4258067116	10475.1	36.6398040183
5.424	5.67968729681	9996.094	1027.42861376	9480.469	39.5250542335	10502.93	30.4876141119
5.425	5.65239923242	9996.094	893.125532064	9541.992	34.5939987331	10453.12	30.4980657959
5.426	5.88289753395	9994.629	766.253433357	9508.301	27.5542927286	10469.24	39.4070076891
5.427	4.8519756172	10000.49	739.68815471	9486.328	26.335343574	10450.2	29.3079227469
5.428	5.73566273331	9999.023	854.841756135	9484.863	27.2014199352	10498.54	55.3255937275
5.429	4.73575227455	9997.559	572.1130199	9465.82	31.4094994057	10475.1	62.2806007721
5.43	4.74142780552	9997.559	217.311278679	9477.539	37.0327752219	10546.88	26.0418521958
5.431	5.54355333109	9996.094	526.849131038	9547.852	27.317604015	10542.48	23.0268216813
5.432	4.55687635144	9994.629	245.012108822	9492.188	25.5444770798	10520.51	33.4807008941
5.433	5.98540599852	10000.49	207.108583969	9459.961	43.5174850438	10502.93	37.4392941136
5.434	5.7943867916	9999.023	299.810933303	9541.992	29.7122598266	10473.63	31.6401203438
5.435	5.48029836699	9997.559	348.462805002	9498.047	39.1959282589	10546.88	26.170365855
5.436	4.89661079126	9997.559	288.926598004	9502.441	38.6529100972	10532.23	33.10880863
5.437	5.02659302491	9996.094	335.767850183	9524.414	41.7013010832	10486.82	31.112599578
5.438	4.66208370326	9994.629	430.290468017	9459.961	36.5056058285	10501.46	41.913075368
5.439	4.34520318577	9994.629	426.024524809	9524.414	26.2577420247	10527.83	57.8865853665
5.44	4.50203492261	9999.023	486.544182137	9454.102	25.6312166588	10524.9	24.9516160436
5.441	4.83339989847	9999.023	462.306727885	9499.512	39.5254961848	10488.28	22.7758533358
5.442	4.21225385683	9997.559	653.66789271	9459.961	33.7022949447	10482.42	18.4427215147
5.443	4.3024095303	9996.094	612.361217977	9461.426	42.939087615	10520.51	30.5963919601
5.444	3.97492892847	9996.094	466.568332641	9531.738	29.7221967827	10467.77	37.9349198379
5.445	4.37909632209	9994.629	603.038801405	9467.285	28.9895162022	10485.35	24.520657274
5.446	3.89172256302	9999.023	587.492641963	9502.441	45.6520201236	10532.23	29.8225923189
5.447	3.91601508672	9999.023	540.035203391	9517.09	32.1812422498	10533.69	18.1660444219
5.448	3.93503648248	9997.559	595.306656427	9537.598	13.3774412413	10461.91	19.9095067148
5.449	3.57515193902	9996.094	632.448069834	9525.879	36.9626326932	10524.9	30.5587374234
5.45	3.5725963323	9996.094	714.628535647	9490.723	38.2932598113	10546.88	20.9606561948
5.451	4.12934169836	9994.629	742.688992917	9457.031	33.200717727	10505.86	20.5598895008
5.452	3.5695011272	10000.49	761.213655111	9455.566	19.6142734475	10479.49	34.40514205
5.453	3.44176854238	9999.023	900.541798686	9476.074	20.9941932343	10489.75	24.6976126398
5.454	3.62362606148	9997.559	883.149884811	9458.496	13.4790476101	10483.89	33.0534519797
5.455	3.94136981279	9997.559	728.607390331	9534.668	26.2629487631	10530.76	32.9913370687
5.456	3.58272614155	9996.094	1027.91696452	9474.609	15.9354909055	10523.44	21.3739635896
5.457	3.84683066972	9994.629	927.505819652	9459.961	19.2310932676	10539.55	32.0843423606
5.458	3.86743011489	10000.49	821.10095716	9457.031	22.9760773214	10526.37	24.9493138132
5.459	3.09802459383	9999.023	1194.05526841	9540.527	18.7388987132	10527.83	27.3315325621
5.46	4.42594129014	9997.559	1036.24964766	9477.539	39.0950765134	10495.61	21.9917866047
5.461	3.19672451464	9997.559	1057.35336443	9524.414	30.0221307961	10475.1	23.3941577324
5.462	3.63567159952	9996.094	1288.62515158	9530.273	16.2022199026	10457.52	25.1295206987
5.463	3.43531207374	9994.629	1389.72838407	9455.566	24.4566584109	10495.61	39.2045172341
5.464	3.93389239036	9994.629	1395.79150052	9492.188	33.7239870453	10526.37	17.8005022663
5.465	3.83962193686	9999.023	1303.88336757	9451.172	16.174262516	10511.72	17.8325538422
5.466	3.81171891591	9999.023	1441.39390647	9522.949	20.45123646	10516.11	42.8428188678
5.467	3.87324746931	9997.559	1623.23875174	9517.09	20.4814884284	10472.17	23.587181835
5.468	3.65707385675	9996.094	1543.3052453	9508.301	30.6746922514	10479.49	26.0232002171
5.469	3.25418797921	9996.094	1718.28298837	9511.23	16.879593145	10524.9	23.3987541959
5.47	3.57611649771	9994.629	1549.11800356	9461.426	30.9838423021	10541.02	38.897649866
5.471	4.07539416036	9999.023	1523.23756901	9500.977	18.76174083	10494.14	24.0887593712
5.472	3.59710526694	9999.023	1407.46957176	9477.539	30.8262957596	10548.34	18.4350548474
5.473	3.3033131537	9997.559	1683.02861587	9454.102	35.8814645991	10469.24	27.6919801306
5.474	4.22569899944	9996.094	1453.11467611	9537.598	34.9327328112	10495.61	19.9550270927
5.475	3.7465684682	9996.094	1601.24408013	9521.484	27.023819389	10451.66	33.6447073702
5.476	3.82712326886	9994.629	1760.1183798	9515.625	24.0981869238	10521.97	23.3041047635
5.477	3.43013867791	10000.49	1472.67013366	9534.668	22.5382275058	10513.18	23.6809752014
5.478	3.24325240127	9999.023	1929.26097622	9543.457	23.043972632	10523.44	24.603907606
5.479	3.12629965989	9997.559	1822.02782197	9534.668	25.365637186	10488.28	16.7711962075
5.48	3.61983219391	9997.559	1714.59591384	9493.652	35.5182974961	10501.46	31.0609919951
5.481	3.230500615	9996.094	2093.75427725	9500.977	17.4482566278	10513.18	22.7328725918
5.482	3.57827462424	9994.629	1576.89942367	9530.273	20.4351621515	10497.07	23.926372117
5.483	3.58523251647	10000.49	1536.93955579	9498.047	12.4688792467	10500.0	23.4321373262
5.484	3.40618551359	9999.023	1767.86939462	9452.637	15.9829547739	10502.93	35.0912977261
5.485	3.36428878917	9997.559	1783.76753987	9502.441	16.871372454	10457.52	19.5541710748
5.486	3.28239820978	9997.559	1913.35245647	9517.09	26.6543057448	10494.14	12.1319778854
5.487	2.94188463609	9996.094	1845.26631021	9470.215	17.3302163696	10463.38	21.8839812709
5.488	3.78510055309	9994.629	2082.95951048	9489.258	34.506061094	10539.55	33.7255264605
5.489	4.64024818399	9994.629	1754.24725087	9512.695	27.1684960263	10456.05	19.2782510165
5.49	3.74379909886	9999.023	1818.82763872	9528.809	25.2976250991	10517.58	28.2741835601
5.491	4.62753591607	9999.023	1824.80834364	9470.215	45.503523397	10543.95	30.2991858621
5.492	6.71895820192	9997.559	2032.21350447	9517.09	45.340887234	10507.32	45.5930205911
5.493	6.53278510127	9996.094	2087.43938843	9512.695	46.6517407788	10519.04	41.7024526008
5.494	8.25676159163	9996.094	1919.86311131	9452.637	50.3466043291	10476.56	66.7356387974
5.495	9.82750771102	9994.629	2260.71817672	9527.344	59.7778042962	10486.82	83.7489809796
5.496	12.4026011922	9999.023	1682.71062991	9518.555	110.415273716	10502.93	69.3929094738
5.497	27.4052721834	9999.023	1448.68921081	9455.566	186.569829939	10526.37	190.936077501
5.498	30.8156948446	9997.559	2197.54657127	9517.09	154.509283203	10464.84	254.738041137
5.499	21.2690953256	9996.094	2039.805236	9503.906	143.108193537	10492.68	110.427429739
5.5	16.7410776086	9996.094	1791.11137574	9540.527	116.487372491	10514.65	154.151207593
5.501	16.4139371681	9994.629	2213.03999179	9537.598	88.0759503617	10480.96	135.178309095
5.502	15.9100101238	10000.49	2193.88920384	9503.906	103.007957677	10538.09	152.442624363
5.503	21.9629659359	9999.023	1787.57975018	9530.273	114.796302822	10527.83	118.186021376
5.504	21.2274227376	9997.559	1502.5105819	9471.68	124.714315688	10514.65	73.4984758013
5.505	19.8812731258	9997.559	1366.87575823	9476.074	119.276905088	10541.02	113.664325126
5.506	18.2698107066	9996.094	1793.98478472	9484.863	143.266495227	10508.79	105.117089109
5.507	19.5185287552	9994.629	1257.88724635	9517.09	58.834149666	10504.39	91.6963372728
5.508	16.1652259517	10000.49	1066.55615843	9498.047	122.860634289	10451.66	73.2333425565
5.509	15.9066952137	9999.023	1547.46954254	9544.922	74.4547761955	10473.63	97.4735944544
5.51	14.419278972	9997.559	1465.38621232	9493.652	92.3051763553	10486.82	85.0468042538
5.511	13.1363094224	9997.559	1099.23866947	9490.723	75.1488140998	10526.37	82.0144929254
5.512	13.1205561591	9996.094	1905.44741438	9520.02	52.5652449324	10549.8	68.742066463
5.513	69.46430687	9994.629	893.484761109	9518.555	294.758170271	10492.68	382.841235097
5.514	16.4450442956	9994.629	2072.09931877	9508.301	90.9797828413	10467.77	140.03792828
5.515	15.8639754247	9999.023	1661.67387891	9486.328	118.676562463	10548.34	67.5610365071
5.516	14.5913494534	9999.023	2071.89907629	9462.891	110.974127246	10480.96	79.8296252918
5.517	14.1752659183	9997.559	2094.40236233	9452.637	61.2405460434	10527.83	75.5037110899
5.518	13.614454258	9996.094	1890.94508751	9503.906	77.5812306451	10541.02	95.0562284207
5.519	14.3000113326	9996.094	2046.58495297	9481.934	139.879766199	10469.24	98.2269952612
5.52	14.1709580661	9994.629	2154.10418727	9479.004	122.902612015	10491.21	129.398893921
5.521	13.8378129265	9999.023	1305.05902951	9505.371	72.3476706253	10464.84	76.8368486193
5.522	14.1638751448	9999.023	1676.67311584	9536.133	84.7248002293	10502.93	70.6810419874
5.523	17.838767736	9997.559	1651.55032158	9525.879	123.091300626	10463.38	77.6579099584
5.524	24.1751398513	9996.094	1440.83869639	9459.961	89.7212632414	10527.83	108.56283145
5.525	36.911035981	9996.094	2012.14635582	9518.555	270.334157751	10519.04	246.485763336
5.526	47.9358111371	9994.629	1284.4539216	9454.102	285.845985785	10492.68	331.877175158
5.527	51.6727399552	10000.49	988.852740169	9546.387	345.352644228	10517.58	379.382736243
5.528	44.1790784528	9999.023	2420.69301047	9540.527	228.033152567	10488.28	258.813910581
5.529	22.1768409774	9997.559	1314.40375013	9493.652	147.67716599	10470.7	104.955623546
5.53	21.2272393105	9997.559	1769.19047765	9476.074	111.861567016	10535.16	103.004324793
5.531	32.0398366778	9996.094	1610.79980178	9524.414	357.238546801	10492.68	170.490796571
5.532	25.3580208295	9994.629	1156.41600581	9451.172	177.357106132	10536.62	133.898929243
5.533	18.458674516	10000.49	1100.34495456	9479.004	122.537778992	10511.72	129.036565562
5.534	23.2844863692	9999.023	1678.30673456	9493.652	108.375960268	10491.21	141.127792181
5.535	21.7731277143	9997.559	771.161087594	9490.723	169.579266674	10473.63	181.420883798
5.536	18.5152881993	9997.559	822.597358902	9546.387	163.590301383	10450.2	128.132213557
5.537	23.177721414	9996.094	1419.60838272	9452.637	137.917475018	10520.51	146.599494916
5.538	25.2554922162	9994.629	608.334579608	9536.133	166.821506687	10486.82	274.685657723
5.539	25.9777681919	9994.629	1296.59922659	9547.852	99.3833309229	10532.23	93.4078699412
5.54	27.108257457	9999.023	637.565643177	9486.328	190.165104055	10472.17	106.607046466
5.541	25.0634063896	9999.023	975.972892174	9509.766	186.218893394	10450.2	169.848099817
5.542	24.8064173122	9997.559	1469.93636316	9495.117	140.897932456	10519.04	85.8412516419
5.543	32.9223659547	9996.094	625.698019145	9521.484	122.56850677	10460.45	168.829388774
5.544	33.420122229	9996.094	754.472217547	9474.609	258.134534186	10476.56	227.002593938
5.545	28.4532645659	9994.629	1153.34815418	9470.215	214.385913409	10479.49	183.073957104
5.546	33.6148369267	9999.023	780.594831666	9547.852	201.856244602	10478.03	174.055693672
5.547	35.5368885029	9999.023	913.43270171	9452.637	239.487983407	10453.12	240.407582227
5.548	37.4519751931	9997.559	558.380630673	9534.668	266.210530052	10542.48	263.02621104
5.549	35.5999389218	9996.094	614.101190394	9476.074	265.001049634	10535.16	284.40447807
5.55	42.6756874201	9996.094	626.175893047	9528.809	306.455412302	10533.69	193.814505688
5.551	34.9062802766	9994.629	516.232140579	9533.203	267.744630033	10542.48	289.676780397
5.552	43.180701751	10000.49	428.538657686	9459.961	333.627854113	10510.25	168.157810857
5.553	49.5264119596	9999.023	468.498845239	9515.625	231.862165725	10453.12	294.216533987
5.554	47.85292667	9997.559	724.166518962	9481.934	286.858084547	10475.1	159.973756971
5.555	42.9259185159	9996.094	600.443848333	9455.566	534.799286463	10510.25	449.145635931
5.556	44.4161301574	9996.094	1149.98144472	9541.992	330.15382822	10464.84	234.707428426
5.557	48.3410993953	9994.629	754.568367146	9514.16	528.62475333	10488.28	429.045625346
5.558	54.6846019717	10000.49	2056.8405777	9543.457	299.605997083	10492.68	239.496634806
5.559	47.9880032528	9999.023	752.904676786	9496.582	244.358937092	10526.37	434.050427154
5.56	55.1719645393	9997.559	589.863932546	9487.793	242.757561036	10491.21	364.326838948
5.561	51.9092976283	9997.559	1064.45427004	9546.387	520.870534396	10483.89	289.971215918
5.562	49.5689251105	9996.094	799.286971522	9522.949	400.121865741	10545.41	410.879073939
5.563	54.2070859346	9994.629	998.707855778	9533.203	294.803235018	10507.32	330.165821674
5.564	53.2855187597	9994.629	1237.37974109	9451.172	375.604803344	10495.61	323.988205004
5.565	49.8028367732	9999.023	1066.79510228	9530.273	283.679243504	10548.34	509.092796143
5.566	63.3019286696	9999.023	598.285227935	9461.426	356.151435878	10535.16	454.198536069
5.567	65.3574205508	9997.559	648.936953906	9531.738	503.631881146	10458.98	475.575893484
5.568	70.4497774845	9996.094	632.37137974	9465.82	409.934106873	10476.56	356.063324934
5.569	65.4202621464	9996.094	611.529208096	9500.977	239.729809403	10472.17	284.008928845
5.57	65.2747838828	9994.629	769.790104802	9490.723	319.435950338	10527.83	642.83495683
5.571	82.0974553527	10000.49	379.48836372	9451.172	526.328494254	10475.1	721.592896359
5.572	76.6476684634	9999.023	1256.39927966	9479.004	550.237649871	10489.75	354.098863358
5.573	70.9973924226	9997.559	2573.98112217	9514.16	400.329438569	10475.1	744.041976029
5.574	85.2384869383	9996.094	615.105283904	9458.496	594.705037953	10538.09	471.853910607
5.575	92.9876771007	9996.094	1439.6731858	9489.258	706.011737453	10507.32	777.373096862
5.576	89.4403887476	9994.629	1368.11329938	9465.82	527.457441601	10505.86	928.909587275
5.577	108.603029247	9997.559	545.797997751	9458.496	735.942324427	10486.82	651.189757067
5.578	100.820824575	9999.023	1298.28549538	9525.879	597.054593945	10519.04	892.230210707
5.579	105.553098521	9997.559	2085.00316741	9506.836	438.017034614	10508.79	842.90538583
5.58	115.728186492	9997.559	707.205002293	9527.344	840.415456008	10478.03	732.428396633
5.581	120.29813748	9996.094	1108.47519012	9543.457	685.022608478	10543.95	699.895243027
5.582	130.406373925	9994.629	882.959573996	9487.793	1273.91178699	10488.28	707.843079151
5.583	113.084095348	10000.49	1280.6628759	9511.23	728.62017871	10536.62	978.294484533
5.584	149.475984972	9999.023	1641.35531237	9505.371	845.295724654	10451.66	536.342365269
5.585	123.179697456	9997.559	890.8256156	9476.074	658.610967989	10494.14	1337.44440747
5.586	131.85082994	9997.559	2522.41647058	9462.891	939.047949477	10549.8	481.925018938
5.587	117.723307408	9996.094	2082.56017412	9471.68	589.31507782	10495.61	442.324571804
5.588	111.148075585	9994.629	526.023980936	9521.484	644.560822214	10460.45	801.805003922
5.589	151.114957508	9994.629	1771.51240845	9539.062	780.296970869	10510.25	967.110468567
5.59	128.068925074	9999.023	2103.50353545	9461.426	712.567087306	10527.83	758.966288218
5.591	118.515207919	9999.023	978.879322515	9468.75	933.285575084	10511.72	957.790996381
5.592	142.688344265	9997.559	1789.81612156	9481.934	733.797211634	10520.51	931.721283138
5.593	120.239150566	9996.094	2142.55241915	9541.992	1145.26827412	10514.65	689.270987832
5.594	108.880404503	9994.629	826.843983677	9451.172	1129.45255587	10495.61	1103.42538437
5.595	128.138293276	9994.629	1634.88702693	9506.836	759.243623432	10486.82	1217.2067509
5.596	110.160329219	9999.023	1514.41528985	9452.637	659.041268898	10527.83	1317.63562263
5.597	128.115781426	9999.023	2271.19815176	9459.961	1056.21283339	10485.35	1169.31963864
5.598	148.250865738	9997.559	1126.05894233	9536.133	912.126079581	10529.3	1461.93492572
5.599	132.060912547	9997.559	2177.58837589	9517.09	780.699857884	10494.14	856.051284775
5.6	127.093739202	9996.094	2059.80666083	9534.668	591.04936457	10545.41	705.533855444
5.601	130.981377921	9994.629	3541.11883301	9546.387	839.707144997	10467.77	1024.09509056
5.602	126.508156442	9999.023	1103.41408395	9520.02	854.321231149	10492.68	616.594131565
5.603	150.072281337	9999.023	4540.97558544	9487.793	553.341025111	10467.77	992.262606567
5.604	132.755879952	9997.559	2216.63393171	9512.695	921.806755978	10464.84	756.320070746
5.605	161.035118016	9997.559	2193.37601312	9518.555	687.558207515	10463.38	657.067964358
5.606	149.060058325	9996.094	2780.86530788	9499.512	788.983236363	10523.44	826.589624853
5.607	147.841639188	10007.81	841.523517691	9521.484	1096.55934758	10519.04	962.807143994
5.608	127.75336431	10000.49	1690.47357101	9468.75	1164.00532977	10513.18	1147.12202243
5.609	119.859679257	9999.023	2325.21515367	9503.906	1009.07565155	10521.97	818.331126761
5.61	129.575404011	9997.559	1264.2166322	9518.555	721.80897296	10538.09	1073.04061651
5.611	122.441680089	9997.559	2617.44463599	9468.75	892.207847531	10469.24	819.27239309
5.612	123.201632542	9996.094	2060.6373864	9470.215	1030.73222132	10513.18	837.741946539
5.613	143.402407601	9996.094	893.594673522	9514.16	960.546255411	10536.62	1096.12419455
5.614	128.272464635	9994.629	2679.65373663	9467.285	878.625399118	10464.84	862.842962756
5.615	153.831030429	9999.023	1579.78062964	9496.582	1381.23137275	10533.69	827.3462892
5.616	129.654389851	9999.023	1297.31683587	9484.863	892.942017583	10529.3	1303.09308082
5.617	152.817355053	9997.559	1555.2952234	9508.301	1207.1700039	10491.21	774.587419942
5.618	131.421994554	9996.094	1730.27843716	9515.625	666.760812869	10517.58	1067.28756219
5.619	140.963192779	9996.094	978.657827049	9531.738	814.953587855	10453.12	1023.60558147
5.62	132.982793404	9994.629	2246.47870586	9503.906	776.405317059	10485.35	923.506757901
5.621	129.259108927	10044.43	609.039099093	9484.863	731.557011534	10461.91	666.712354239
5.622	146.16014498	9999.023	1619.86895253	9467.285	1133.59859507	10521.97	1006.82419691
5.623	143.223156096	9997.559	3141.91834999	9474.609	739.380400317	10461.91	814.552840077
5.624	156.424913308	9997.559	806.534505146	9502.441	1098.91096256	10453.12	984.483688077
5.625	131.996520443	9996.094	2257.2868464	9539.062	801.907983664	10524.9	694.173008667
5.626	145.304977053	9994.629	1242.86253505	9481.934	795.227156897	10483.89	1557.04114624
5.627	152.729991312	10000.49	1175.59615151	9506.836	1040.76082872	10480.96	1413.47270299
5.628	131.496523354	9999.023	1939.84830601	9459.961	1065.7581326	10501.46	1287.9239287
5.629	136.657467015	9997.559	2011.94301124	9543.457	996.986579636	10473.63	846.893172107
5.63	147.464535823	9997.559	704.384363926	9531.738	460.591050194	10505.86	700.192982048
5.631	145.559753562	9996.094	693.474712287	9490.723	1028.92171808	10482.42	738.114116482
5.632	144.16852645	9994.629	1456.87456021	9527.344	743.747263462	10482.42	864.045660202
5.633	151.915177717	10000.49	1030.92146246	9495.117	896.973000067	10473.63	732.954064454
5.634	140.042857318	9999.023	1273.42045599	9457.031	887.161232311	10508.79	939.748977167
5.635	170.418853553	9997.559	1133.29398867	9484.863	867.833618685	10476.56	722.724331009
5.636	152.183709451	9997.559	886.533743917	9543.457	1152.51182672	10475.1	693.243750403
5.637	178.063128091	9996.094	1216.17854972	9465.82	1658.34709743	10473.63	1257.14227303
5.638	212.003540402	9994.629	918.584162042	9498.047	1158.28522238	10527.83	1552.12845199
5.639	4428.64094364	9997.559	21579.357265	9518.555	20697.2717157	10467.77	39256.5848401
5.64	202.464000698	9999.023	1131.76916645	9498.047	1843.96299957	10478.03	1171.59152278
5.641	169.585978833	10044.43	850.666725732	9534.668	841.040390233	10500.0	909.518099663
5.642	182.390086393	9997.559	1044.80356069	9498.047	915.731212307	10533.69	1587.53489914
5.643	184.607067109	9953.613	949.955919399	9537.598	1644.11202177	10475.1	889.861653576
5.644	156.096451233	9996.094	909.958537648	9514.16	990.563963858	10535.16	733.000185065
5.645	185.065044725	9994.629	950.103074238	9530.273	1028.44405767	10520.51	926.712115892
5.646	187.453123501	9982.91	768.336767008	9462.891	1000.65259426	10482.42	942.331001713
5.647	167.198638085	10048.83	1404.82944144	9498.047	1216.22455125	10523.44	2370.16783164
5.648	183.595448333	9975.586	1037.51666755	9498.047	705.092914839	10489.75	949.382796819
5.649	183.141881326	9963.867	973.400436017	9514.16	1127.51348637	10460.45	825.641347394
5.65	195.590386458	10007.81	1145.44294018	9503.906	1070.13308684	10458.98	1182.90398567
5.651	206.408552228	9972.656	864.498256115	9464.355	1274.31584035	10516.11	786.269264435
5.652	208.254489459	10010.74	921.170508136	9470.215	1237.74874125	10527.83	1190.36297914
5.653	202.737300002	9999.023	1056.6866375	9544.922	969.491728316	10519.04	1318.50856154
5.654	200.235715975	9982.91	919.532408787	9537.598	1578.21495803	10527.83	1404.31717037
5.655	194.957976783	9958.008	820.752715916	9503.906	1221.23157136	10546.88	1048.788455
5.656	202.81332848	10006.35	1369.78911586	9495.117	1733.31639924	10549.8	1027.59897963
5.657	216.238677964	9994.629	872.813489954	9506.836	951.841542845	10469.24	1090.52319558
5.658	227.353493651	9991.699	1065.96364295	9539.062	859.51149173	10538.09	1985.66764352
5.659	238.822737199	9999.023	1254.69196321	9531.738	1048.84728896	10489.75	1730.86083848
5.66	270.224663057	9978.516	851.744829488	9540.527	2026.76465056	10473.63	986.011125911
5.661	247.970190778	9997.559	1339.09287701	9461.426	1237.30854449	10470.7	1352.69613796
5.662	243.044024072	9996.094	965.343159988	9512.695	1119.83360437	10495.61	1461.83799176
5.663	230.669040354	9994.629	885.825080744	9515.625	2021.58117703	10478.03	1472.13524917
5.664	216.157215624	10040.04	1400.12560275	9461.426	1746.65869058	10456.05	1219.69259333
5.665	221.960241921	9991.699	1324.66522606	9499.512	1077.65801992	10469.24	1887.8533397
5.666	265.634728256	9999.023	1213.45763613	9537.598	2380.66553671	10508.79	2121.04557786
5.667	249.214119024	9977.051	1055.89558966	9503.906	1003.35911217	10495.61	1359.47601193
5.668	251.40464298	10001.95	1535.71475505	9521.484	1567.16212183	10485.35	1619.90744636
5.669	275.595089438	9981.445	1082.04394874	9471.68	978.320799944	10514.65	2011.19953994
5.67	311.708756488	9994.629	2011.35898525	9464.355	1061.84031688	10472.17	2323.8450822
5.671	280.238309742	10045.9	1501.89215228	9458.496	1952.32817614	10480.96	2303.3465325
5.672	266.719936357	10048.83	1737.27116798	9477.539	2261.90757665	10532.23	1939.83589073
5.673	305.493963309	9997.559	1853.30657846	9477.539	1657.83848122	10453.12	1212.91725224
5.674	330.725823027	9962.402	994.722780512	9458.496	1733.3087836	10463.38	3205.87539469
5.675	294.875616694	10041.5	1811.88057783	9505.371	1596.94574501	10530.76	1522.37684217
5.676	273.957312632	9994.629	1528.43671204	9503.906	1692.97103662	10472.17	1590.8880531
5.677	304.78081973	10015.14	2011.46599965	9522.949	2002.63836893	10507.32	1985.85934955
5.678	362.498542703	10007.81	1393.08401039	9512.695	2263.7895955	10523.44	1886.62659456
5.679	325.354270429	10023.93	983.861810889	9525.879	1115.34226818	10485.35	2301.06223158
5.68	339.511920984	9996.094	2445.68493612	9480.469	1461.9950264	10491.21	2434.45421385
5.681	335.155746727	10022.46	1357.17661599	9458.496	1838.50016219	10482.42	2255.60382687
5.682	315.532017444	9959.473	1746.18156247	9520.02	1756.12027476	10479.49	1844.64700056
5.683	345.213772086	10000.49	2269.06356544	9490.723	1638.538821	10517.58	1730.5544277
5.684	377.293922723	9953.613	1937.94185899	9489.258	3235.99017992	10523.44	2787.12627166
5.685	385.804610946	10026.86	1954.47744377	9496.582	1701.606933	10475.1	2381.08871746
5.686	373.188595909	9997.559	3212.94490118	9533.203	3276.41010494	10520.51	3230.56877767
5.687	428.451724427	9965.332	2707.97382699	9452.637	3697.22655838	10549.8	1108.12736364
5.688	428.014505518	9950.684	1581.13953461	9514.16	2579.19793567	10513.18	1717.11169222
5.689	481.387195788	10047.36	1911.71653165	9518.555	2551.06669837	10517.58	1826.33723517
5.69	461.869098223	9990.234	1898.76339227	9487.793	3865.47672456	10469.24	2571.75323079
5.691	460.242875541	9955.078	3057.43004707	9549.316	2277.06866918	10530.76	2657.22439634
5.692	437.413160706	9959.473	3501.83246953	9468.75	3062.34089382	10485.35	2667.78989098
5.693	524.252332852	9965.332	2194.30232157	9518.555	1791.08580492	10545.41	2946.85227855
5.694	524.776474434	9996.094	2924.45900719	9474.609	2370.00011577	10470.7	4686.94976073
5.695	573.850422603	9994.629	3447.50058166	9509.766	3491.44706079	10524.9	3348.69974761
5.696	594.507187876	9985.84	2120.89757434	9499.512	3323.05007383	10460.45	3657.76023971
5.697	577.831520507	9994.629	4117.06618274	9470.215	5274.2552461	10492.68	3938.87046619
5.698	658.984597993	9997.559	2903.73497774	9521.484	2553.47021069	10516.11	4070.4052859
5.699	562.901154206	9991.699	2246.50952001	9511.23	3446.5382116	10498.54	4115.16242127
