

# 
# Scan parameters: power 19.000000 dBm, bandwidth 1.500000 Hz
# Frequency [MHz]	avg noise	std noise	peak value
3850.000000	4.575681	4.364149	506.764597
3851.000000	2.761108	2.454799	564.348527
3852.000000	2.389255	2.215772	402.026499
3853.000000	2.222827	2.178659	536.862776
3854.000000	2.111170	2.085885	503.631334
3855.000000	2.826617	2.901360	440.087963
3856.000000	2.379137	2.573449	675.353594
3857.000000	2.296525	2.291893	505.752801
3858.000000	2.460923	2.599382	594.892932
3859.000000	3.174718	3.520764	776.561740
3860.000000	2.549069	2.323293	499.156584
3861.000000	2.913028	2.588867	734.955695
3862.000000	2.599315	2.685279	767.879815
3863.000000	2.566486	2.391407	536.126088
3864.000000	2.744628	2.466994	917.838814
3865.000000	2.970931	2.950344	687.243008
3866.000000	2.820195	2.783726	570.952819
3867.000000	2.851699	2.946233	831.867228
3868.000000	2.441291	2.420413	606.855810
3869.000000	2.842419	2.857311	643.775542
3870.000000	2.879302	2.630829	846.458305
3871.000000	3.251537	3.098911	484.587276
3872.000000	2.934234	2.886754	686.648127
3873.000000	3.272393	3.379632	727.523943
3874.000000	2.587186	2.645633	271.799106
3875.000000	2.742582	2.638602	585.713842
3876.000000	2.764552	2.994952	582.531118
3877.000000	2.516255	2.653246	355.612797
3878.000000	2.576083	2.469536	612.693532
3879.000000	2.941023	3.095371	565.275921
3880.000000	3.251276	3.110144	477.975974
3881.000000	2.726694	2.287150	592.905100
3882.000000	2.835518	2.631625	365.098038
3883.000000	2.888169	3.341881	536.673325
3884.000000	2.767272	2.905070	522.484092
3885.000000	2.898508	3.083196	182.969214
3886.000000	3.715165	3.246170	385.459295
3887.000000	2.543867	2.524442	408.097748
3888.000000	2.789216	2.430116	189.892628
3889.000000	3.023689	2.879531	349.194027
3890.000000	2.716123	2.585561	242.217033
3891.000000	3.931918	3.527101	136.560247
3892.000000	2.456553	2.284202	197.567496
3893.000000	2.566545	2.541368	100.022344
3894.000000	2.684324	2.934191	116.453772
3895.000000	2.880336	3.201118	153.606902
3896.000000	2.915749	3.105211	103.913703
3897.000000	2.860688	2.711938	104.228439
3898.000000	3.873858	3.534905	218.842585
3899.000000	2.727318	2.732943	94.832148
3900.000000	3.197307	3.376172	201.507291
3901.000000	3.105312	2.759960	197.564547
3902.000000	3.037199	3.148747	139.109091
3903.000000	2.731361	2.863795	264.331883
3904.000000	2.471753	2.258827	265.422056
3905.000000	2.643638	2.440058	140.196021
3906.000000	2.678939	2.790857	264.155481
3907.000000	3.336965	3.410740	300.797898
3908.000000	4.268593	4.000234	266.009121
3909.000000	3.653893	3.793180	282.903358
3910.000000	3.057835	2.914355	177.703475
3911.000000	3.456859	3.449359	361.050457
3912.000000	2.843973	2.921552	265.389039
3913.000000	2.985807	3.208582	159.814314
3914.000000	3.542217	3.419076	231.311038
3915.000000	2.981670	2.690841	194.027668
3916.000000	2.894078	2.723011	163.379015
3917.000000	2.905382	2.993334	238.409320
3918.000000	2.814388	2.936460	195.264150
3919.000000	3.220896	3.263286	163.740024
3920.000000	3.031935	3.354390	255.470602
3921.000000	3.354140	2.755628	138.785479
3922.000000	3.564548	3.235764	224.117136
3923.000000	3.612003	3.549617	238.907038
3924.000000	3.051945	3.265095	131.277622
3925.000000	3.019868	3.310151	319.126477
3926.000000	3.300888	3.772661	292.814042
3927.000000	3.202721	3.189248	180.262733
3928.000000	3.336420	3.428116	440.146604
3929.000000	3.155284	2.902130	303.256630
3930.000000	3.184837	3.091165	281.861226
3931.000000	3.079353	3.347825	408.908318
3932.000000	2.950283	2.570479	270.152078
3933.000000	3.254599	3.302199	324.236743
3934.000000	3.805314	3.771576	574.143105
3935.000000	3.072143	2.786685	276.923353
3936.000000	3.072874	3.006472	448.270315
3937.000000	3.305375	3.455174	544.484197
3938.000000	3.533592	3.658064	284.284271
3939.000000	3.128174	2.894670	563.902151
3940.000000	3.197874	3.084173	625.563567
3941.000000	3.484320	4.097174	297.195568
3942.000000	3.478003	3.624315	694.080491
3943.000000	3.398198	3.120307	600.612998
3944.000000	3.483374	3.591549	409.013295
3945.000000	3.376471	3.471255	642.301761
3946.000000	4.314801	4.640305	324.921828
3947.000000	3.549926	3.311354	400.602011
3948.000000	3.033112	3.068778	498.834026
3949.000000	3.992217	4.278530	235.104588
3950.000000	3.987039	4.326717	391.782696
3951.000000	4.076089	4.242585	373.838063
3952.000000	3.097414	3.187844	170.919125
3953.000000	3.052236	2.743202	379.019026
3954.000000	3.732163	3.781381	248.882795
3955.000000	3.362774	3.240629	248.427536
3956.000000	3.452381	3.515836	347.791483
3957.000000	3.780001	3.759343	218.630219
3958.000000	3.645891	3.187345	192.893685
3959.000000	3.549039	3.443787	233.558708
3960.000000	4.262364	3.744486	101.350956
3961.000000	3.439855	3.536612	141.384261
3962.000000	3.595837	3.552595	205.466293
3963.000000	3.774579	3.483830	98.296631
3964.000000	4.174891	4.468754	175.629174
3965.000000	3.730564	3.726576	268.497667
3966.000000	3.860760	3.748084	236.798531
3967.000000	3.748177	3.908260	381.432181
3968.000000	4.197478	3.868662	309.786291
3969.000000	3.769913	3.846259	288.257146
3970.000000	3.708605	3.827184	373.380452
3971.000000	3.589149	3.429092	261.845642
3972.000000	3.777345	3.485701	388.278098
3973.000000	3.324431	3.632798	375.638782
3974.000000	3.400146	3.599966	150.200876
3975.000000	3.932858	3.772905	367.914553
3976.000000	3.843160	4.117118	336.322411
3977.000000	3.527951	3.607552	171.961408
3978.000000	3.669062	3.908664	268.757340
3979.000000	3.799464	3.726381	259.719191
3980.000000	3.885178	3.829677	205.739777
3981.000000	4.084444	4.120818	279.200194
3982.000000	3.379920	3.437880	204.197825
3983.000000	3.565073	3.825268	358.822532
3984.000000	3.869456	3.662250	381.392295
3985.000000	3.927924	4.005488	290.210367
3986.000000	3.635150	3.400101	393.925289
3987.000000	3.602552	3.461939	457.015460
3988.000000	4.096048	4.307244	287.042203
3989.000000	4.027972	3.794613	470.057652
3990.000000	3.550139	3.622963	290.783079
3991.000000	4.819862	4.667395	339.885141
3992.000000	3.518288	3.766963	456.346591
3993.000000	3.901236	3.729600	223.349516
3994.000000	3.470461	3.346532	204.704463
3995.000000	3.718722	3.726410	349.645064
3996.000000	3.689657	3.712863	172.111377
3997.000000	3.987442	4.020559	297.458645
3998.000000	3.989764	3.930831	131.662817
3999.000000	3.499198	3.470905	84.243993
4000.000000	4.182543	4.179807	196.368219
4001.000000	3.539883	3.285623	137.517621
4002.000000	3.995894	4.006039	155.173725
4003.000000	4.050176	4.190972	129.059019
4004.000000	3.860278	3.699298	141.640225
4005.000000	4.052910	3.681499	121.094715
4006.000000	3.838948	3.654766	149.758351
4007.000000	3.870505	3.862750	70.659410
4008.000000	3.464397	3.402928	109.563744
4009.000000	3.773155	3.415668	117.933124
4010.000000	3.934845	3.766158	118.023568
4011.000000	3.664883	3.664130	46.477699
4012.000000	3.650408	3.393347	51.154563
4013.000000	3.512998	3.438197	24.053298
4014.000000	3.605701	3.772831	42.479672
4015.000000	3.167741	3.116223	18.179732
4016.000000	3.266722	3.227033	27.580411
4017.000000	3.509707	3.553739	14.206866
4018.000000	3.903304	3.688053	14.242567
4019.000000	3.655015	3.615979	14.631567
4020.000000	3.660139	3.651063	14.490918
4021.000000	3.657414	3.589869	27.709802
4022.000000	3.206531	3.458615	13.910888
4023.000000	3.207173	2.800688	8.920809
4024.000000	3.644479	3.413097	23.251334
4025.000000	3.043157	3.191768	21.566898
4026.000000	3.540872	3.138356	15.650874
4027.000000	3.231125	2.988832	17.514907
4028.000000	3.779042	3.893813	32.030187
4029.000000	3.418804	3.626966	32.021372
4030.000000	3.607515	3.364381	18.742181
4031.000000	3.326141	4.004832	25.246510
4032.000000	3.688476	3.769128	32.292367
4033.000000	3.262049	3.542569	33.247660
4034.000000	2.818971	2.855434	16.754810
4035.000000	3.843135	3.544077	17.947407
4036.000000	3.333202	3.088373	24.300341
4037.000000	3.047370	2.988064	16.217934
4038.000000	3.335468	3.351632	13.847851
4039.000000	3.236256	3.221322	16.130653
4040.000000	3.442663	3.317093	14.598883
4041.000000	2.964603	2.941693	18.120459
4042.000000	3.039199	2.897712	16.161649
4043.000000	2.848449	2.921477	10.254699
4044.000000	2.895541	2.794179	11.879928
4045.000000	3.178181	2.904421	15.034725
4046.000000	3.308576	3.234357	16.602936
4047.000000	3.020328	2.802267	14.163163
4048.000000	2.846603	2.859717	15.153996
4049.000000	3.303844	3.284933	16.560598
4050.000000	3.092424	2.646162	19.320192
4051.000000	2.854307	2.577061	44.095933
4052.000000	2.823659	3.177302	46.251761
4053.000000	2.971062	2.903997	66.931172
4054.000000	3.156844	2.891508	100.610090
4055.000000	3.165281	3.464640	63.263823
4056.000000	3.162040	3.199902	168.560381
4057.000000	2.671074	2.196906	142.648808
4058.000000	2.988078	2.528644	140.652027
4059.000000	3.119273	3.440813	214.495853
4060.000000	3.614954	3.083174	73.701037
4061.000000	3.265347	3.153065	180.396510
4062.000000	2.595404	2.715175	155.590768
4063.000000	3.377516	3.536866	67.443628
4064.000000	3.002072	2.612676	195.363796
4065.000000	2.513532	2.408451	200.887137
4066.000000	2.637405	2.642607	148.584344
4067.000000	2.825007	3.152960	313.735388
4068.000000	2.726098	2.694292	161.710214
4069.000000	2.770377	2.639756	162.034420
4070.000000	2.529646	2.546159	309.963294
4071.000000	2.642092	2.534289	179.249469
4072.000000	2.423724	2.469749	215.494838
4073.000000	2.236654	2.289543	287.185355
4074.000000	2.693973	2.591136	124.882796
4075.000000	2.300990	2.428056	263.476884
4076.000000	2.804382	2.783959	296.614696
4077.000000	2.673739	2.429910	87.516604
4078.000000	2.716773	2.735104	286.762527
4079.000000	2.260421	2.246295	285.297103
4080.000000	2.840691	3.301403	238.295509
4081.000000	2.278144	2.091846	227.776812
4082.000000	2.298144	2.370846	196.221498
4083.000000	2.491961	2.469268	179.850567
4084.000000	2.159838	2.395866	286.336752
4085.000000	2.597056	2.525577	122.886160
4086.000000	2.459824	2.319094	148.123264
4087.000000	2.198817	2.230503	166.443859
4088.000000	2.742244	2.721930	107.529053
4089.000000	2.551230	2.515028	229.140080
4090.000000	2.206176	2.318727	207.265304
4091.000000	2.051705	2.020057	129.936817
4092.000000	2.268462	2.282781	287.379917
4093.000000	2.019156	2.170916	197.070203
4094.000000	2.184699	2.136304	122.433188
4095.000000	2.125874	2.034206	279.117007
4096.000000	3.275980	3.191575	141.629813
4097.000000	1.767134	2.002870	222.581188
4098.000000	1.819564	1.912850	188.384124
4099.000000	1.833494	1.790483	76.808797
4100.000000	1.802230	1.539477	141.098333
4101.000000	1.958968	2.175177	92.930528
4102.000000	2.043425	2.080062	57.499741
4103.000000	1.777975	1.762256	112.484466
4104.000000	1.874066	1.919887	104.111487
4105.000000	1.897454	1.679215	91.569722
4106.000000	1.823750	1.791422	108.831831
4107.000000	1.881937	1.735957	62.575202
4108.000000	1.607566	1.664173	115.057106
4109.000000	1.935432	1.940413	144.484346
4110.000000	1.692785	1.601945	76.776705
4111.000000	1.785218	1.781179	82.206598
4112.000000	1.834019	2.132452	117.604352
4113.000000	1.700137	1.659416	45.437166
4114.000000	1.612280	1.638151	116.899905
4115.000000	1.897024	1.651680	86.531581
4116.000000	1.564240	1.469777	77.072802
4117.000000	2.927848	2.715511	161.619642
4118.000000	1.578623	1.348024	118.638409
4119.000000	1.627233	1.757370	131.560223
4120.000000	2.584248	2.404283	224.581609
4121.000000	1.811786	1.609308	127.179466
4122.000000	1.526961	1.594883	241.519869
4123.000000	1.523553	1.494831	279.740620
4124.000000	1.376520	1.343820	104.454557
4125.000000	1.670012	1.779405	219.998931
4126.000000	1.616315	1.618667	218.524317
4127.000000	1.325026	1.415587	105.829286
4128.000000	1.392363	1.383465	253.732476
4129.000000	1.522691	1.457790	135.222426
4130.000000	3.156707	3.120486	123.265974
4131.000000	2.754078	2.291993	258.043587
4132.000000	2.991498	2.643461	134.855678
4133.000000	1.543141	1.646545	202.451210
4134.000000	3.167464	2.700056	312.092998
4135.000000	1.316215	1.428179	140.032965
4136.000000	1.288939	1.276000	222.151175
4137.000000	3.424814	2.829374	261.481932
4138.000000	1.366121	1.363517	121.598229
4139.000000	3.058618	2.519221	236.241161
4140.000000	1.464750	1.462416	245.611524
4141.000000	1.338393	1.675415	158.304228
4142.000000	1.380231	1.437855	250.184190
4143.000000	1.303796	1.396151	164.156092
4144.000000	3.387527	2.746989	243.804561
4145.000000	4.087883	2.952502	306.140513
4146.000000	1.420377	1.310137	238.832312
4147.000000	1.436598	1.454587	380.706246
4148.000000	3.592465	2.702882	456.505238
4149.000000	1.320410	1.319611	220.601002
4150.000000	1.264707	1.199915	467.361393
4151.000000	3.687982	2.910907	535.396451
4152.000000	1.396973	1.469516	379.679562
4153.000000	1.261654	1.274316	651.201755
4154.000000	3.821464	2.524459	438.340197
4155.000000	1.403796	1.699827	482.621505
4156.000000	4.041901	3.326105	605.885615
4157.000000	1.135603	1.197459	425.634265
4158.000000	1.156167	1.047288	644.416801
4159.000000	3.422317	2.760344	613.161791
4160.000000	1.302073	1.414824	396.189092
4161.000000	1.440026	1.304061	599.109673
4162.000000	1.335443	1.252870	699.099550
4163.000000	1.243500	1.376920	301.675983
4164.000000	1.281717	1.264189	625.430688
4165.000000	5.131573	3.572183	560.801750
4166.000000	1.229666	1.230672	331.952920
4167.000000	1.284126	1.253167	718.484559
4168.000000	3.624075	2.982011	443.604444
4169.000000	1.189507	1.243544	486.897679
4170.000000	1.500453	1.478727	615.231816
4171.000000	1.188188	1.236867	323.800719
4172.000000	1.408805	1.443272	625.980994
4173.000000	1.361982	1.424581	670.306675
4174.000000	2.919203	2.521378	287.055489
4175.000000	1.464886	1.601934	541.254188
4176.000000	1.327043	1.209262	637.743876
4177.000000	1.571029	1.564916	376.118869
4178.000000	1.302139	1.306069	675.477539
4179.000000	1.557345	1.469971	442.776517
4180.000000	1.439641	1.408414	412.126486
4181.000000	1.333889	1.219772	667.810532
4182.000000	1.371306	1.371441	391.522185
4183.000000	1.529687	1.480924	482.247663
4184.000000	2.001506	1.714089	634.428006
4185.000000	1.980658	2.049720	315.067389
4186.000000	1.374563	1.344783	469.217573
4187.000000	1.543473	1.590690	501.816224
4188.000000	2.985150	2.851104	321.293118
4189.000000	1.616089	1.648637	571.872872
4190.000000	1.643434	1.557114	558.838328
4191.000000	1.825377	1.896727	382.452737
4192.000000	1.769709	1.874937	722.922536
4193.000000	2.131647	1.844143	497.986866
4194.000000	1.605705	1.533861	414.800394
4195.000000	2.512632	2.701537	677.669834
4196.000000	2.141074	2.500984	275.917456
4197.000000	1.377568	1.318171	499.064455
4198.000000	1.832609	1.830357	563.236996
4199.000000	1.765817	1.624207	281.677842
4200.000000	2.209565	2.169812	537.163801
4201.000000	1.874749	1.689405	496.519600
4202.000000	2.076613	2.036962	237.568292
4203.000000	1.709920	1.775740	431.183321
4204.000000	2.405345	2.326657	331.952583
4205.000000	1.604667	1.390894	248.227616
4206.000000	2.333850	2.250388	446.520254
4207.000000	3.261953	3.427991	284.597100
4208.000000	2.493476	2.412247	301.504569
4209.000000	2.775325	2.924796	388.876089
4210.000000	2.762989	3.044890	217.924375
4211.000000	3.440700	3.053172	294.239187
4212.000000	3.891543	4.171931	317.427166
4213.000000	3.715137	3.932816	140.574748
4214.000000	4.218717	3.948277	308.680176
4215.000000	4.483276	4.567482	298.932597
4216.000000	4.378475	4.682162	182.384293
4217.000000	3.374751	3.438157	322.785037
4218.000000	3.238182	3.086415	251.436122
4219.000000	2.764841	2.357542	292.579711
4220.000000	2.461761	2.163916	299.259905
4221.000000	3.235319	3.239388	155.081760
4222.000000	3.428156	3.363856	265.741021
4223.000000	4.427546	3.824681	236.236525
4224.000000	3.101450	2.999507	169.544366
4225.000000	2.403594	2.179579	316.803219
4226.000000	3.890936	3.884774	215.733282
4227.000000	2.155960	2.443149	162.196470
4228.000000	2.465621	2.323710	305.769062
4229.000000	2.543484	2.534608	261.588428
4230.000000	2.736569	2.766217	207.956772
4231.000000	2.067364	2.060973	254.260418
4232.000000	2.062800	2.060062	193.156962
4233.000000	2.392807	2.308826	204.480663
4234.000000	2.050206	1.938406	240.516777
4235.000000	2.329690	2.237894	160.464519
4236.000000	2.101104	2.200165	195.628525
4237.000000	2.843109	2.648152	226.094459
4238.000000	1.904594	2.029063	105.422822
4239.000000	1.645482	1.741641	169.875779
4240.000000	1.570987	1.474851	151.315298
4241.000000	1.995626	2.227251	99.394093
4242.000000	2.748138	2.597872	199.621363
4243.000000	1.653324	1.580291	122.759466
4244.000000	1.608649	1.553213	101.378856
4245.000000	1.640542	1.741093	154.259110
4246.000000	1.636115	1.570550	67.565100
4247.000000	1.319421	1.321808	58.959319
4248.000000	1.567271	1.486975	99.231802
4249.000000	1.568047	1.548874	58.594527
4250.000000	1.377827	1.472635	101.205245
4251.000000	2.344919	1.932685	43.561701
4252.000000	1.528086	1.537443	56.958939
4253.000000	1.515400	1.560525	97.019890
4254.000000	0.044790	0.045190	0.330459
4255.000000	0.050105	0.049539	0.226185
4256.000000	0.046796	0.045939	0.147449
4257.000000	0.042762	0.046124	0.331347
4258.000000	0.051192	0.056981	0.478888
4259.000000	0.049865	0.049503	0.866457
4260.000000	0.049357	0.048910	0.496605
4261.000000	0.050278	0.049878	0.618692
4262.000000	0.062402	0.054803	0.510048
4263.000000	0.045781	0.048595	0.323133
4264.000000	0.051561	0.058076	0.279183
4265.000000	0.050387	0.046493	0.633309
4266.000000	1.525646	0.395094	1.945019
4267.000000	0.047271	0.048857	1.531286
4268.000000	1.125308	0.319202	2.131081
4269.000000	0.677019	0.253243	3.409938
4270.000000	0.401085	0.212958	3.244501
4271.000000	1.506450	0.470440	3.010528
4272.000000	0.050599	0.057271	2.040244
4273.000000	0.055230	0.052664	3.768173
4274.000000	0.050332	0.050053	1.308724
4275.000000	0.047711	0.046971	1.561724
4276.000000	0.470610	0.289721	2.009762
4277.000000	0.043205	0.044191	1.379935
4278.000000	0.049686	0.049908	3.263987
4279.000000	0.057905	0.055255	2.122333
4280.000000	0.051815	0.052964	0.676153
4281.000000	0.043975	0.042618	2.090443
4282.000000	0.051548	0.049435	0.764223
4283.000000	0.052003	0.053300	1.481922
4284.000000	0.046359	0.044093	1.908202
4285.000000	0.049737	0.049838	1.208095
4286.000000	0.045855	0.042612	2.505197
4287.000000	0.047355	0.048503	1.400225
4288.000000	0.052219	0.054341	0.785922
4289.000000	0.045529	0.044626	1.222010
4290.000000	0.041852	0.041607	0.725858
4291.000000	0.048509	0.046350	0.473364
4292.000000	0.050317	0.056449	1.037871
4293.000000	0.041080	0.039025	1.118366
4294.000000	0.048159	0.046862	1.087995
4295.000000	0.043664	0.042818	0.866437
4296.000000	0.042804	0.043009	0.441798
4297.000000	0.044042	0.038485	1.001873
4298.000000	0.048777	0.052722	1.047858
4299.000000	0.042705	0.040462	0.753866
4300.000000	0.041338	0.044019	1.572487
4301.000000	0.045874	0.047200	1.900652
4302.000000	0.047735	0.046663	1.554071
4303.000000	0.045096	0.044706	3.204521
4304.000000	0.038421	0.039706	2.378483
4305.000000	0.040067	0.039113	1.198054
4306.000000	0.040838	0.036479	1.456564
4307.000000	0.041578	0.042165	1.413237
4308.000000	0.047377	0.052502	3.084397
4309.000000	0.041109	0.039089	2.948684
4310.000000	0.041756	0.042076	2.080054
4311.000000	0.044303	0.044445	4.424410
4312.000000	0.048973	0.044704	4.176809
4313.000000	0.045545	0.042559	2.581680
4314.000000	0.044644	0.046145	4.200542
4315.000000	0.135816	0.112619	2.269820
4316.000000	0.046536	0.045899	2.294703
4317.000000	0.046569	0.043162	5.466411
4318.000000	0.045685	0.041662	3.687329
4319.000000	0.048293	0.048146	4.551904
4320.000000	0.043936	0.049000	6.379295
4321.000000	0.042230	0.042061	3.178528
4322.000000	0.050401	0.047810	7.099891
4323.000000	0.043356	0.043902	6.393591
4324.000000	0.053020	0.052062	3.601130
4325.000000	0.049642	0.051100	8.851210
4326.000000	0.271544	0.165805	6.253628
4327.000000	0.047153	0.047807	4.674610
4328.000000	0.042887	0.041830	9.087018
4329.000000	0.045267	0.046907	9.115709
4330.000000	0.044532	0.046518	7.962982
4331.000000	0.049739	0.046881	11.448779
4332.000000	0.048388	0.046423	7.826841
4333.000000	0.044296	0.043971	8.995399
4334.000000	0.044143	0.045456	10.609100
4335.000000	0.051202	0.051267	5.819129
4336.000000	0.046775	0.045475	9.075149
4337.000000	0.047501	0.047240	10.497455
4338.000000	0.050912	0.054993	5.293412
4339.000000	0.050084	0.053518	9.662583
4340.000000	1.244549	0.356872	6.805800
4341.000000	0.043718	0.044479	4.864261
4342.000000	0.048943	0.046582	7.170533
4343.000000	0.047750	0.050134	5.129470
4344.000000	0.045581	0.048170	4.771058
4345.000000	0.041774	0.039958	10.809410
4346.000000	2.158855	0.432404	6.822605
4347.000000	0.047321	0.047757	8.850167
4348.000000	0.050754	0.054922	7.614952
4349.000000	0.042993	0.044484	2.767353
4350.000000	0.043067	0.047304	4.869781
4351.000000	0.049898	0.051028	7.219310
4352.000000	0.051615	0.052801	4.007251
4353.000000	0.046266	0.043958	7.789997
4354.000000	0.056257	0.051988	6.828006
4355.000000	0.049382	0.047244	5.427797
4356.000000	0.044550	0.042218	6.744509
4357.000000	0.050805	0.059093	3.662003
4358.000000	0.048800	0.052660	3.605461
4359.000000	0.045271	0.048964	3.752814
4360.000000	0.042232	0.045930	1.797712
4361.000000	0.049626	0.046917	2.953931
4362.000000	0.045626	0.042527	1.836316
4363.000000	0.052722	0.052937	1.115472
4364.000000	0.048191	0.048563	3.209950
4365.000000	0.043717	0.041021	3.247611
4366.000000	0.050486	0.051422	1.957762
4367.000000	0.049558	0.045634	4.211509
4368.000000	0.043271	0.045533	2.951975
4369.000000	0.054692	0.058703	2.393599
4370.000000	0.045186	0.046965	2.823213
4371.000000	0.048480	0.048125	0.964267
4372.000000	0.050802	0.054985	1.266327
4373.000000	0.048406	0.049250	2.570977
4374.000000	0.047919	0.049966	0.874130
4375.000000	0.049691	0.052988	2.390075
4376.000000	0.051156	0.051118	2.670816
4377.000000	0.044924	0.046659	1.141976
4378.000000	2.361340	0.544871	4.717379
4379.000000	0.045603	0.042979	1.462228
4380.000000	0.047717	0.045813	1.006433
4381.000000	0.043020	0.042717	0.920245
4382.000000	0.047570	0.049751	0.521124
4383.000000	0.050576	0.048862	0.315673
4384.000000	0.550271	0.255664	0.979807
4385.000000	0.045500	0.042669	0.435919
4386.000000	0.048048	0.046975	0.259581
4387.000000	0.050948	0.049203	0.982988
4388.000000	0.045761	0.045543	0.574342
4389.000000	0.049862	0.049354	1.241044
4390.000000	0.052613	0.056478	1.414007
4391.000000	0.051891	0.053495	1.110169
4392.000000	0.048311	0.051401	0.916508
4393.000000	0.046482	0.043593	0.320686
4394.000000	0.048482	0.047452	1.688794
4395.000000	0.044813	0.046188	1.369430
4396.000000	0.050812	0.054822	0.927984
4397.000000	0.049206	0.048311	0.959997
4398.000000	0.048735	0.047474	2.117954
4399.000000	0.047915	0.046930	0.817951
4400.000000	0.049896	0.049128	1.901878
4401.000000	0.044571	0.048053	1.608872
4402.000000	0.053326	0.056345	1.276254
4403.000000	0.052404	0.050717	1.292937
4404.000000	0.045780	0.045397	2.077342
4405.000000	0.048679	0.046198	1.483945
4406.000000	0.055192	0.059910	3.227940
4407.000000	0.056232	0.058535	1.815569
4408.000000	0.053267	0.056429	1.635870
4409.000000	0.053522	0.052647	2.107176
4410.000000	0.050195	0.051530	1.050756
4411.000000	0.051922	0.045539	2.316695
4412.000000	0.050878	0.048531	1.535618
4413.000000	0.049640	0.042847	1.023383
4414.000000	0.049618	0.049264	0.862270
4415.000000	0.051392	0.047935	1.149897
4416.000000	0.056100	0.055189	1.206609
4417.000000	0.054214	0.051720	1.801209
4418.000000	0.056975	0.053829	0.743334
4419.000000	0.051431	0.051605	1.193060
4420.000000	0.046975	0.044911	1.367736
4421.000000	0.052908	0.052780	0.497198
4422.000000	0.060755	0.059605	0.441390
4423.000000	2.629942	0.572537	3.979317
4424.000000	0.054816	0.050338	0.285386
4425.000000	0.054639	0.051727	0.327512
4426.000000	1.365774	0.386573	2.760468
4427.000000	0.058884	0.053737	0.419461
4428.000000	0.052325	0.054355	0.240643
4429.000000	0.055879	0.055390	0.213906
4430.000000	0.055695	0.058379	0.266988
4431.000000	0.059962	0.054616	0.850373
4432.000000	0.054280	0.054994	0.214659
4433.000000	0.058147	0.062914	0.340554
4434.000000	0.054875	0.055834	0.640241
4435.000000	0.057469	0.062065	0.258605
4436.000000	0.058910	0.059935	0.280348
4437.000000	3.087606	0.583501	3.860600
4438.000000	0.056073	0.059199	0.206017
4439.000000	0.053087	0.055229	0.517006
4440.000000	0.060930	0.064669	0.575901
4441.000000	0.058094	0.059021	0.368350
4442.000000	0.057226	0.058013	0.930962
4443.000000	0.061465	0.056687	0.877067
4444.000000	0.062459	0.059808	0.520595
4445.000000	0.057551	0.057316	1.996695
4446.000000	0.057205	0.058140	0.604541
4447.000000	0.060709	0.071387	0.519789
4448.000000	0.056506	0.058065	0.330435
4449.000000	0.056879	0.058290	0.503264
4450.000000	0.070200	0.073179	0.311881
4451.000000	0.066914	0.062548	0.318950
4452.000000	0.059682	0.054692	0.399641
4453.000000	0.058887	0.061095	0.346700
4454.000000	0.063258	0.067268	0.351416
4455.000000	0.062023	0.059466	0.254137
4456.000000	0.063377	0.062808	0.221216
4457.000000	0.063689	0.061962	0.281970
4458.000000	0.048518	0.047461	0.288147
4459.000000	0.063766	0.063287	0.331830
4460.000000	0.058167	0.061305	0.357545
4461.000000	0.064756	0.066481	0.829712
4462.000000	0.064515	0.061351	1.029348
4463.000000	0.055344	0.053805	0.381656
4464.000000	0.064115	0.068324	0.723426
4465.000000	0.060152	0.060555	1.031586
4466.000000	0.063221	0.062287	0.610871
4467.000000	0.059216	0.061262	1.546808
4468.000000	0.063040	0.059851	1.846140
4469.000000	0.067063	0.058163	0.528409
4470.000000	0.068719	0.069755	0.989746
4471.000000	0.063361	0.064507	0.300317
4472.000000	0.066632	0.061752	0.555586
4473.000000	0.063129	0.060292	0.425292
4474.000000	0.068621	0.066440	0.474907
4475.000000	0.067061	0.072424	0.332078
4476.000000	0.063543	0.056941	0.335115
4477.000000	0.058827	0.066741	0.285245
4478.000000	0.056321	0.054842	0.445879
4479.000000	0.061798	0.072350	0.317900
4480.000000	0.068335	0.067998	0.377609
4481.000000	0.062354	0.064301	0.287890
4482.000000	0.074019	0.071790	0.289705
4483.000000	0.067143	0.068750	0.269632
4484.000000	0.070252	0.066583	0.346243
4485.000000	0.063803	0.065327	0.318894
4486.000000	0.056741	0.055625	0.240764
4487.000000	0.057425	0.055477	0.308429
4488.000000	0.069615	0.072599	0.389941
4489.000000	0.071421	0.073158	0.402663
4490.000000	0.066771	0.074373	0.361077
4491.000000	0.068194	0.070687	0.220969
4492.000000	0.067255	0.063182	0.895681
4493.000000	0.058774	0.053263	0.644483
4494.000000	0.067836	0.063145	0.633948
4495.000000	0.063027	0.059545	1.184939
4496.000000	0.067442	0.062381	0.603478
4497.000000	0.065685	0.061143	0.223277
4498.000000	0.064952	0.074870	0.505304
4499.000000	0.068058	0.067740	0.320992
4500.000000	0.061243	0.063006	0.601614
4501.000000	0.072624	0.069139	1.044065
4502.000000	0.068049	0.071198	0.355642
4503.000000	0.064172	0.059768	1.154421
4504.000000	0.065867	0.069101	1.444122
4505.000000	0.063528	0.057531	1.435597
4506.000000	0.076275	0.074243	1.939971
4507.000000	0.057740	0.052976	1.530175
4508.000000	0.064019	0.058182	1.361303
4509.000000	0.065853	0.067330	1.295771
4510.000000	0.064952	0.065765	0.629042
4511.000000	0.061886	0.061032	2.138663
4512.000000	0.073356	0.069891	2.861535
4513.000000	0.476617	0.258012	2.351475
4514.000000	0.062481	0.058945	2.296152
4515.000000	0.060786	0.065312	1.979729
4516.000000	0.060835	0.063694	0.852781
4517.000000	0.060379	0.057369	1.827621
4518.000000	0.068177	0.079417	1.415304
4519.000000	0.068524	0.063724	1.083836
4520.000000	0.058335	0.054581	1.594396
4521.000000	0.057930	0.057496	0.874169
4522.000000	0.063831	0.063006	1.750017
4523.000000	0.062999	0.055721	1.274481
4524.000000	0.067748	0.070949	0.933577
4525.000000	0.059488	0.060251	2.526199
4526.000000	0.061196	0.062085	1.833918
4527.000000	3.066517	0.639997	4.693692
4528.000000	0.061824	0.061194	2.019242
4529.000000	0.062538	0.063268	1.791032
4530.000000	0.062691	0.067203	2.274848
4531.000000	0.065172	0.063916	1.545827
4532.000000	0.060330	0.058298	1.515058
4533.000000	0.054367	0.051912	1.390140
4534.000000	0.057231	0.057661	1.438460
4535.000000	0.063992	0.058906	0.524917
4536.000000	0.058581	0.056407	1.290791
4537.000000	0.066310	0.061723	0.642964
4538.000000	2.493610	0.544366	4.474904
4539.000000	0.065711	0.066640	0.985151
4540.000000	0.065164	0.062108	0.806540
4541.000000	0.055540	0.055491	0.874897
4542.000000	0.053512	0.054285	1.882148
4543.000000	0.060850	0.064076	0.990229
4544.000000	0.061874	0.065454	0.804576
4545.000000	0.059689	0.057890	2.826119
4546.000000	0.069061	0.064151	1.452551
4547.000000	0.066076	0.062355	2.247035
4548.000000	0.063496	0.066657	4.117389
4549.000000	0.069191	0.067782	2.334667
4550.000000	0.055481	0.062543	3.740213
4551.000000	0.059828	0.054713	5.227711
4552.000000	2.874114	0.650637	7.465249
4553.000000	0.063556	0.062117	2.491208
4554.000000	0.057529	0.059674	1.906690
4555.000000	0.055736	0.055444	0.543444
4556.000000	0.058472	0.060578	0.712284
4557.000000	0.061725	0.062565	1.506548
4558.000000	0.053971	0.054913	1.588387
4559.000000	0.059183	0.052513	2.312128
4560.000000	0.071359	0.061577	2.903369
4561.000000	0.062023	0.058673	3.878773
4562.000000	0.052862	0.051639	3.155164
4563.000000	0.054873	0.058505	1.677668
4564.000000	0.051797	0.054324	2.836499
4565.000000	0.052689	0.049567	3.430383
4566.000000	0.056103	0.052627	3.243553
4567.000000	0.056661	0.058167	6.043779
4568.000000	0.893045	0.312334	4.031077
4569.000000	0.061688	0.060962	6.124188
4570.000000	0.055412	0.055224	5.208610
4571.000000	0.051721	0.051697	3.435915
4572.000000	0.052637	0.052891	3.275634
4573.000000	0.060300	0.058566	4.572207
4574.000000	0.053749	0.061698	2.148601
4575.000000	0.060365	0.061212	3.591420
4576.000000	0.067899	0.064396	3.513233
4577.000000	0.061956	0.060389	1.480489
4578.000000	0.059962	0.058226	2.648493
4579.000000	0.059914	0.058576	3.281681
4580.000000	0.051889	0.053126	2.353108
4581.000000	0.053793	0.050127	3.031406
4582.000000	0.059278	0.058208	2.279184
4583.000000	0.055046	0.059065	1.722726
4584.000000	0.054838	0.054567	2.218498
4585.000000	0.054216	0.053126	1.396168
4586.000000	0.051380	0.049616	2.034070
4587.000000	0.056501	0.055200	1.959303
4588.000000	0.056124	0.055804	1.161637
4589.000000	0.054682	0.050591	1.987829
4590.000000	0.051321	0.046524	3.068282
4591.000000	0.050580	0.049642	1.711060
4592.000000	0.051912	0.052165	2.192007
4593.000000	0.047659	0.044575	1.631541
4594.000000	0.051056	0.049017	1.551873
4595.000000	0.055366	0.052391	1.729315
4596.000000	0.052443	0.056414	1.300292
4597.000000	0.054806	0.049677	3.689043
4598.000000	0.051036	0.048160	3.075035
4599.000000	0.053885	0.058176	1.370564
4600.000000	0.052452	0.051731	4.139042
4601.000000	0.052469	0.047855	2.252855
4602.000000	0.051320	0.052823	0.686961
4603.000000	0.054074	0.051888	2.152174
4604.000000	0.051826	0.049015	2.295412
4605.000000	0.052396	0.054203	1.825942
4606.000000	2.515131	0.578309	3.494198
4607.000000	0.050117	0.049096	2.151552
4608.000000	0.049747	0.051325	1.975309
4609.000000	0.052371	0.044616	2.467942
4610.000000	0.050956	0.049412	1.378693
4611.000000	0.054063	0.046662	1.254549
4612.000000	0.053244	0.049532	1.872204
4613.000000	0.050702	0.049821	0.916481
4614.000000	0.061447	0.060936	1.612353
4615.000000	0.051531	0.052048	1.891834
4616.000000	0.048903	0.053426	1.682862
4617.000000	0.244908	0.148729	4.915618
4618.000000	0.045809	0.042436	2.238811
4619.000000	0.047121	0.043833	2.496316
4620.000000	0.056474	0.059432	3.317801
4621.000000	0.051194	0.046646	1.893979
4622.000000	2.238486	0.443943	8.457239
4623.000000	0.045546	0.046044	3.848259
4624.000000	0.054276	0.049586	1.508819
4625.000000	0.059493	0.059257	3.715926
4626.000000	0.053511	0.057550	4.786706
4627.000000	0.055324	0.053220	2.370147
4628.000000	0.056371	0.051164	4.780327
4629.000000	0.052158	0.054853	4.145391
4630.000000	0.052540	0.051375	3.559736
4631.000000	0.045019	0.046017	3.969335
4632.000000	0.050543	0.050751	2.201162
4633.000000	0.496073	0.215123	2.644539
4634.000000	0.051233	0.045332	5.998624
4635.000000	0.049422	0.045284	3.660699
4636.000000	0.055715	0.053980	4.276008
4637.000000	0.052877	0.053942	4.397654
4638.000000	0.048169	0.054850	1.371047
4639.000000	0.051532	0.049594	3.124811
4640.000000	0.049750	0.050951	2.316952
4641.000000	0.046246	0.050832	2.037108
4642.000000	0.050231	0.050170	3.072074
4643.000000	0.054759	0.049667	1.743324
4644.000000	0.047953	0.044182	1.862199
4645.000000	0.052478	0.052528	2.421097
4646.000000	0.048569	0.046339	0.714571
4647.000000	0.058719	0.052607	1.551776
4648.000000	0.053345	0.046358	1.785563
4649.000000	0.055357	0.050639	0.490612
4650.000000	0.052221	0.054804	1.281136
4651.000000	0.043448	0.045000	1.610418
4652.000000	0.051548	0.054448	1.523148
4653.000000	0.051896	0.052723	4.735315
4654.000000	0.051870	0.056725	2.441696
4655.000000	0.048224	0.048627	2.427143
4656.000000	0.056074	0.051713	3.520579
4657.000000	0.059581	0.063809	2.443870
4658.000000	0.055994	0.056670	4.262027
4659.000000	0.052065	0.049965	3.902145
4660.000000	0.055281	0.051165	2.675028
4661.000000	0.055581	0.049554	2.713795
4662.000000	0.050266	0.052813	3.604461
4663.000000	0.057777	0.058778	0.661448
4664.000000	0.066684	0.069145	3.247670
4665.000000	0.057852	0.064015	2.735222
4666.000000	0.048010	0.047515	2.078500
4667.000000	0.045937	0.038756	4.164704
4668.000000	0.048351	0.052524	3.418716
4669.000000	0.055476	0.053876	3.160426
4670.000000	0.058731	0.061038	4.329319
4671.000000	0.058358	0.055392	2.347117
4672.000000	0.052870	0.052552	5.036685
4673.000000	0.058805	0.063470	5.821429
4674.000000	0.063039	0.065592	3.469011
4675.000000	0.053531	0.052545	8.382609
4676.000000	0.063336	0.061253	7.709915
4677.000000	0.056403	0.058240	3.084487
4678.000000	0.060501	0.066235	7.297288
4679.000000	0.061060	0.059582	6.540914
4680.000000	0.068755	0.063402	4.661901
4681.000000	1.003964	0.343019	10.263098
4682.000000	0.061245	0.060402	6.109374
4683.000000	0.062489	0.064266	7.580191
4684.000000	0.063273	0.060749	12.418739
4685.000000	0.161104	0.137578	7.455245
4686.000000	0.062477	0.063969	13.702086
4687.000000	0.063081	0.071199	14.721390
4688.000000	0.065856	0.059761	7.725400
4689.000000	0.400588	0.206032	17.672034
4690.000000	0.053729	0.053730	11.383532
4691.000000	0.059739	0.057585	7.731709
4692.000000	0.065076	0.063676	13.165969
4693.000000	0.061384	0.060459	9.382935
4694.000000	0.058889	0.066363	10.164436
4695.000000	0.065817	0.066824	20.617902
4696.000000	0.061195	0.060854	10.188965
4697.000000	0.062474	0.057168	8.886799
4698.000000	0.060247	0.056169	11.980091
4699.000000	0.056611	0.056696	5.084032
4700.000000	0.060635	0.056821	7.900279
4701.000000	3.064173	0.569197	21.449983
4702.000000	0.063899	0.065988	5.498084
4703.000000	0.066136	0.057642	11.164801
4704.000000	0.061539	0.057430	11.328989
4705.000000	0.063690	0.064629	9.847482
4706.000000	0.065432	0.059134	13.543130
4707.000000	0.067168	0.065683	6.794206
4708.000000	0.062946	0.062178	7.329092
4709.000000	0.058454	0.065494	8.226459
4710.000000	0.062727	0.063843	5.002208
4711.000000	0.054538	0.050358	5.771222
4712.000000	0.057526	0.055158	6.808353
4713.000000	0.065161	0.061014	3.673644
4714.000000	0.059413	0.054206	7.739691
4715.000000	0.622709	0.290089	4.306700
4716.000000	0.061007	0.060729	4.982295
4717.000000	0.194290	0.148108	8.393258
4718.000000	0.055958	0.055919	6.646005
4719.000000	0.055513	0.053909	7.501038
4720.000000	0.070512	0.081257	9.009580
4721.000000	0.058409	0.059988	6.184389
4722.000000	0.069205	0.072269	5.189131
4723.000000	0.060890	0.058427	4.424591
4724.000000	0.059435	0.060022	2.717653
4725.000000	0.053722	0.053785	7.005678
4726.000000	0.062374	0.058930	5.231152
4727.000000	0.062439	0.060505	4.248311
4728.000000	0.068098	0.073041	5.842607
4729.000000	0.065556	0.072668	2.832472
4730.000000	0.058884	0.056114	2.622136
4731.000000	0.053233	0.050867	2.560292
4732.000000	0.060606	0.065389	0.847222
4733.000000	0.057544	0.055996	1.430447
4734.000000	0.065327	0.063313	2.290159
4735.000000	0.061155	0.062405	1.817382
4736.000000	0.061917	0.058277	1.734512
4737.000000	0.057815	0.063843	2.581851
4738.000000	0.069146	0.069067	0.601977
4739.000000	0.064027	0.070642	1.449056
4740.000000	0.069922	0.072047	2.270773
4741.000000	0.057700	0.060061	0.675137
4742.000000	0.060616	0.057794	3.693058
4743.000000	0.058156	0.060677	2.870158
4744.000000	0.066861	0.069516	2.455616
4745.000000	0.059800	0.055676	3.220009
4746.000000	0.056565	0.053296	1.817827
4747.000000	0.064231	0.068274	2.582800
4748.000000	0.060427	0.068777	3.047616
4749.000000	0.058730	0.056949	1.565094
4750.000000	0.067383	0.065696	3.683832
4751.000000	0.062427	0.059626	4.589388
4752.000000	0.058936	0.060396	1.877361
4753.000000	0.058470	0.063039	3.925152
4754.000000	0.063277	0.060647	3.424565
4755.000000	0.062015	0.058799	2.357431
4756.000000	0.056749	0.062537	4.099346
4757.000000	0.060619	0.065780	2.059843
4758.000000	0.066196	0.065831	2.371741
4759.000000	0.059144	0.058267	2.864358
4760.000000	0.061498	0.055010	2.593506
4761.000000	0.052625	0.047563	3.537114
4762.000000	0.063923	0.067626	4.425094
4763.000000	0.055713	0.055172	1.454754
4764.000000	0.064552	0.069920	5.043827
4765.000000	0.064450	0.068495	4.311894
4766.000000	0.062351	0.058929	4.028945
4767.000000	0.066258	0.062761	5.400288
4768.000000	0.068372	0.085034	4.534074
4769.000000	0.065145	0.061001	4.770125
4770.000000	0.057586	0.059825	7.911148
4771.000000	0.059447	0.062825	3.034473
4772.000000	0.057912	0.065253	5.036337
4773.000000	0.069340	0.072254	3.874005
4774.000000	0.072490	0.076742	0.945970
4775.000000	0.062341	0.059779	2.183091
4776.000000	0.062170	0.060625	1.063573
4777.000000	0.065708	0.061378	1.664998
4778.000000	0.061530	0.066200	2.178803
4779.000000	0.063093	0.067689	2.066826
4780.000000	0.069828	0.066388	2.751823
4781.000000	0.051597	0.058430	3.458639
4782.000000	0.063427	0.061729	2.587997
4783.000000	0.062219	0.058307	3.571712
4784.000000	0.067019	0.072150	5.050577
4785.000000	1.368832	0.452143	4.009303
4786.000000	0.061778	0.063776	4.316791
4787.000000	0.057955	0.054728	7.536273
4788.000000	0.063567	0.061121	2.413466
4789.000000	0.061400	0.054728	5.553911
4790.000000	0.071565	0.071028	3.527641
4791.000000	0.070818	0.065140	3.641940
4792.000000	0.057833	0.056575	7.127817
4793.000000	0.065963	0.063823	7.504328
4794.000000	0.063320	0.062771	6.335578
4795.000000	0.062324	0.059615	7.268132
4796.000000	0.055705	0.055144	4.006942
4797.000000	0.072557	0.073792	4.671769
4798.000000	0.744005	0.323312	5.793396
4799.000000	0.064583	0.061041	3.126583
4800.000000	0.065858	0.069369	7.120852
4801.000000	0.059267	0.059547	8.751749
4802.000000	0.071386	0.067112	6.615525
4803.000000	0.063789	0.056074	15.143556
4804.000000	0.060170	0.063723	16.232120
4805.000000	0.064064	0.063434	11.454641
4806.000000	0.063403	0.064784	19.615071
4807.000000	0.071574	0.078191	12.832922
4808.000000	0.059513	0.060842	11.973406
4809.000000	0.071054	0.070838	17.338293
4810.000000	0.064930	0.061603	8.979364
4811.000000	0.069636	0.067762	15.077766
4812.000000	0.066924	0.059660	16.150437
4813.000000	0.064573	0.063329	6.131017
4814.000000	0.066095	0.066276	14.683175
4815.000000	0.069513	0.062068	11.001966
4816.000000	0.064916	0.059064	6.666635
4817.000000	0.070422	0.071260	11.120441
4818.000000	0.063478	0.059952	12.195971
4819.000000	0.064341	0.064603	12.845089
4820.000000	0.061729	0.060461	20.924806
4821.000000	0.070745	0.078350	10.291799
4822.000000	0.058081	0.059672	10.990612
4823.000000	0.069017	0.067981	13.003905
4824.000000	0.076035	0.074975	6.419507
4825.000000	0.066267	0.068638	12.824273
4826.000000	0.063741	0.066085	15.572526
4827.000000	0.066631	0.072601	12.431407
4828.000000	0.063877	0.066174	18.212335
4829.000000	0.072134	0.074847	17.506444
4830.000000	0.070538	0.068226	15.346323
4831.000000	0.061209	0.056160	24.709417
4832.000000	0.074713	0.078703	14.878416
4833.000000	0.060564	0.064371	28.515817
4834.000000	0.066715	0.069383	8.684536
4835.000000	0.077282	0.085149	20.810162
4836.000000	0.068709	0.069972	30.089663
4837.000000	0.072594	0.067173	31.507112
4838.000000	0.060193	0.059613	33.183203
4839.000000	0.070523	0.071524	74.613292
4840.000000	0.946168	0.337867	70.903175
4841.000000	0.069650	0.069772	38.481013
4842.000000	0.082262	0.074757	44.578743
4843.000000	0.059468	0.056221	0.277533
4844.000000	0.063147	0.061751	0.437374
4845.000000	0.759678	0.449709	0.984835
4846.000000	0.153942	0.119646	0.509993
4847.000000	0.062816	0.057052	0.306694
4848.000000	0.059388	0.058910	0.319383
4849.000000	0.061286	0.056411	0.403850
4850.000000	0.066325	0.070187	0.320504
4851.000000	0.062716	0.066998	0.439087
4852.000000	0.064772	0.056598	0.373624
4853.000000	0.058089	0.056107	0.300926
4854.000000	0.067504	0.062784	0.337699
4855.000000	0.063702	0.067216	0.380157
4856.000000	0.073776	0.069701	0.197602
4857.000000	0.067684	0.064604	0.269991
4858.000000	0.064526	0.059542	0.393193
4859.000000	0.065211	0.065686	0.221912
4860.000000	0.061159	0.056539	0.257729
4861.000000	0.067970	0.068292	0.243731
4862.000000	0.064849	0.067470	0.212695
4863.000000	0.057796	0.063555	0.253266
4864.000000	0.069283	0.074797	0.326898
4865.000000	0.057999	0.056278	0.360166
4866.000000	0.057162	0.055009	0.224154
4867.000000	0.064452	0.069389	0.244889
4868.000000	0.065958	0.059129	0.372743
4869.000000	0.067244	0.065685	0.377622
4870.000000	0.059547	0.055585	0.320908
4871.000000	0.059157	0.060582	0.341342
4872.000000	0.060383	0.056163	0.390250
4873.000000	0.061143	0.069260	0.305165
4874.000000	0.057688	0.058426	0.241181
4875.000000	0.319372	0.196792	0.706327
4876.000000	0.057644	0.056346	0.265027
4877.000000	0.058851	0.058851	0.290468
4878.000000	0.060790	0.055259	0.375630
4879.000000	0.059104	0.056419	0.385246
4880.000000	0.053385	0.052656	0.358432
4881.000000	0.061881	0.062965	0.540741
4882.000000	0.055276	0.051267	0.203756
4883.000000	0.056403	0.056352	0.339867
4884.000000	0.062494	0.062852	0.184767
4885.000000	0.057376	0.053915	0.213104
4886.000000	0.055428	0.058604	0.356874
4887.000000	0.052225	0.049816	0.180352
4888.000000	0.060150	0.057002	0.462407
4889.000000	0.052233	0.048982	0.256455
4890.000000	0.054939	0.050437	0.315860
4891.000000	0.051476	0.055468	0.209753
4892.000000	0.059344	0.057716	0.189043
4893.000000	0.049527	0.057117	0.209103
4894.000000	0.053281	0.047341	0.222099
4895.000000	0.053534	0.050052	0.215103
4896.000000	0.051946	0.058623	0.311289
4897.000000	0.055485	0.059460	0.239079
4898.000000	0.048093	0.048284	0.227439
4899.000000	0.051953	0.050873	0.139723
4900.000000	0.526877	0.239375	0.766815
4901.000000	0.051934	0.053711	0.324487
4902.000000	0.055572	0.054884	0.327145
4903.000000	0.045394	0.048770	0.433846
4904.000000	0.056179	0.057369	0.411175
4905.000000	0.053734	0.055790	0.246301
4906.000000	0.049219	0.042500	0.257553
4907.000000	0.053038	0.051310	0.283077
4908.000000	0.053317	0.055508	0.249945
4909.000000	0.052263	0.055367	0.245595
4910.000000	0.057677	0.065371	0.216352
4911.000000	1.852985	0.395969	2.470622
4912.000000	0.052522	0.046825	0.282039
4913.000000	0.054662	0.055034	0.238247
4914.000000	0.047776	0.050576	0.271628
4915.000000	0.052120	0.051123	0.334337
4916.000000	0.054958	0.056992	0.215401
4917.000000	0.045933	0.044795	0.195495
4918.000000	0.050973	0.047489	0.186101
4919.000000	0.054360	0.051346	0.317816
4920.000000	0.051390	0.053345	0.241768
4921.000000	0.051710	0.050720	0.304178
4922.000000	0.050501	0.053412	0.226129
4923.000000	0.051148	0.053896	0.230411
4924.000000	0.047161	0.043849	0.260674
4925.000000	0.048869	0.047054	0.277997
4926.000000	0.060742	0.067352	0.282925
4927.000000	0.055042	0.050679	0.189596
4928.000000	0.053923	0.054393	0.273073
4929.000000	0.052536	0.053311	0.377068
4930.000000	0.050507	0.049864	3.924593
4931.000000	0.065206	0.073849	197.966010
4932.000000	0.073001	0.065813	137.751519
4933.000000	1.064039	0.354726	149.273950
4934.000000	0.071533	0.065999	258.565759
4935.000000	0.084659	0.080668	151.824419
4936.000000	0.065219	0.059962	295.948410
4937.000000	0.076631	0.078485	442.871224
4938.000000	0.083680	0.084565	135.483803
4939.000000	0.079133	0.095055	278.710337
4940.000000	0.087572	0.081473	231.302867
4941.000000	0.087184	0.103125	163.872555
4942.000000	0.076860	0.074153	281.895543
4943.000000	0.086312	0.082203	200.044268
4944.000000	0.078950	0.071313	188.823238
4945.000000	0.344928	0.220344	233.389469
4946.000000	0.966953	0.374408	130.780448
