


# Sample was not connected, now it is
3.8	9.85174364089	10032.71	45.3268423264	9452.637	59.1427223445	10470.7	75.1852987168
3.801	7.58855908609	10019.53	47.2584901931	9484.863	42.9091664774	10497.07	45.2789312248
3.802	9.89442566096	9984.375	34.1102027989	9515.625	60.8520817085	10453.12	104.626999756
3.803	8.48232920492	9953.613	43.0803989643	9505.371	88.6247469459	10513.18	62.7621462416
3.804	10.5397727561	10019.53	44.6500035912	9474.609	80.3197518088	10453.12	59.9026895703
3.805	9.53628627392	10000.49	39.7856107713	9452.637	57.113943327	10453.12	198.206486069
3.806	9.90984184819	9987.305	35.8473734394	9512.695	35.1623054189	10453.12	45.858244988
3.807	8.84773531787	10037.11	41.5187291851	9498.047	48.5658709166	10498.54	57.5051814852
3.808	9.60041151491	10010.74	49.4757965018	9508.301	71.2671686528	10519.04	57.0654373963
3.809	9.2810090254	10031.25	89.4259213689	9484.863	34.528159461	10451.66	53.4198560276
3.81	9.53265484097	10025.39	36.1377580565	9537.598	35.7086932859	10543.95	70.5183123176
3.811	9.33317546803	9969.727	57.4408333197	9454.102	62.5382262094	10453.12	66.930065642
3.812	10.1048064262	9952.148	43.0035981345	9452.637	50.469388315	10451.66	163.972249143
3.813	9.50180366315	10006.35	45.0168863676	9470.215	49.1954885743	10497.07	70.5273920335
3.814	9.11534848472	9988.77	43.1628516091	9452.637	49.0707183127	10482.42	81.1302875236
3.815	8.9956957184	10003.42	44.07008171	9499.512	73.097929303	10451.66	91.6953422963
3.816	9.24885488274	9963.867	41.4216791721	9500.977	37.1155390087	10527.83	53.3367764749
3.817	10.4026554877	10001.95	50.6278409768	9462.891	57.1322670098	10538.09	68.1197173697
3.818	10.3055137986	9952.148	102.042432769	9520.02	49.1097401697	10485.35	41.4315394987
3.819	9.26046167758	10012.21	73.7164666641	9492.188	56.1466549088	10488.28	83.5507396583
3.82	8.7435572478	9974.121	52.2327533677	9451.172	70.5746398664	10454.59	88.9232556214
3.821	8.58334962361	9997.559	38.5485651678	9458.496	83.1373595207	10476.56	59.8679677899
3.822	9.03550689072	9952.148	89.0687265802	9528.809	67.5260502468	10451.66	91.5584726635
3.823	8.81954183884	9952.148	112.655547932	9487.793	60.3170002739	10453.12	92.1354672413
3.824	9.57295228366	9982.91	46.1256889428	9518.555	64.6630516719	10524.9	58.2268236891
3.825	8.07727064356	10040.04	51.3965656313	9499.512	71.8073858036	10450.2	57.1179274501
3.826	8.52921214629	9953.613	66.5895909392	9451.172	100.8792359	10507.32	76.0556980225
3.827	9.62000086543	10001.95	41.0474040534	9530.273	75.2476660733	10519.04	83.4979206042
3.828	10.0702229525	9988.77	38.9494478862	9462.891	55.8943945445	10480.96	85.8358391489
3.829	7.66763329699	9953.613	88.2489115937	9502.441	56.1975437335	10454.59	126.041084999
3.83	8.93929958256	9959.473	47.0555968167	9454.102	65.051658924	10473.63	50.8454657683
3.831	9.34979620858	10047.36	51.6930654822	9509.766	96.8141284422	10454.59	39.4620039619
3.832	10.3191164367	10003.42	50.4167414407	9531.738	61.2239480755	10454.59	86.2461749984
3.833	8.81382741919	10007.81	31.1561972868	9451.172	91.9060500763	10454.59	74.3378119351
3.834	10.7983976703	9963.867	40.5372253177	9479.004	104.925478861	10453.12	142.420901082
3.835	9.78735952913	9955.078	66.5288259884	9544.922	52.5909500112	10521.97	42.962212017
3.836	10.5611755104	9999.023	49.9795283209	9527.344	86.0757067205	10456.05	46.1029540751
3.837	10.2606157248	9955.078	41.0050500151	9518.555	58.7930988918	10450.2	68.0350312541
3.838	10.8591979669	9953.613	140.950537362	9481.934	60.1784974748	10549.8	42.8896884376
3.839	9.14550408402	9955.078	35.8095692907	9495.117	72.5455134752	10510.25	77.4710619551
3.84	9.74814049499	10028.32	49.2558252531	9522.949	44.5085582969	10454.59	65.8911292882
3.841	9.05520821932	9971.191	31.5386659811	9454.102	72.4015224676	10461.91	65.2803948426
3.842	9.88360433193	9988.77	67.1324339735	9514.16	66.6398568866	10453.12	93.4466458703
3.843	9.48559655365	10000.49	41.9921838125	9498.047	72.6366663664	10460.45	87.1797884974
3.844	10.3770262077	10013.67	67.4420376901	9503.906	65.7635457331	10542.48	55.1938150956
3.845	9.55512584104	10000.49	58.5765952942	9531.738	70.4811111686	10463.38	70.3357551268
3.846	10.1006621172	10038.57	65.9706973148	9474.609	95.295442949	10451.66	94.6768662592
3.847	10.2438984773	9993.164	32.0101816999	9511.23	69.9327560384	10456.05	55.2475936535
3.848	8.85284271791	10022.46	42.7772146932	9452.637	58.7154718816	10453.12	109.995072591
3.849	7.94949089801	9952.148	38.196394366	9455.566	47.3331228293	10517.58	58.0793685095
3.85	9.15163017278	9955.078	28.2297472883	9547.852	51.384347575	10461.91	46.3256490268
3.851	9.53460334577	9997.559	68.184266377	9487.793	52.725295633	10463.38	39.8611465414
3.852	8.96802756231	9971.191	49.2538131705	9474.609	100.490066443	10495.61	71.71050945
3.853	9.00535470212	9952.148	95.7723840159	9492.188	51.7893853049	10514.65	56.4660872974
3.854	9.38184658621	9963.867	38.2654084721	9471.68	63.6623185378	10467.77	71.5981202837
3.855	10.5364246661	9952.148	60.1203238151	9495.117	57.2588679727	10498.54	47.7693127161
3.856	8.0263759986	9987.305	46.2788040756	9452.637	71.2971634963	10473.63	60.2331082699
3.857	9.71831803765	9952.148	78.1542874707	9457.031	33.2521318292	10463.38	59.832956288
3.858	8.94901795829	10016.6	42.5850627431	9527.344	52.4405412629	10519.04	48.6357313762
3.859	9.4234158318	9993.164	48.4427439435	9506.836	76.1336167816	10482.42	81.8834988528
3.86	9.57406057056	9952.148	61.3226812651	9462.891	44.5112464468	10478.03	45.4465799747
3.861	9.01123649742	10022.46	68.2388017453	9455.566	42.4099311544	10516.11	52.3371902965
3.862	10.8612312303	9950.684	52.5944375012	9476.074	67.181451585	10450.2	126.616758651
3.863	9.71923378524	9950.684	51.6539132374	9543.457	58.9620867057	10450.2	76.8393790407
3.864	8.7857876754	10048.83	57.5800373863	9515.625	64.8126193523	10517.58	49.6314905299
3.865	9.86354860095	10031.25	64.0383322768	9549.316	33.8302444206	10520.51	74.883702647
3.866	9.04132033974	10045.9	43.959164963	9549.316	41.9101863876	10450.2	58.737006383
3.867	9.3799036399	10032.71	24.1437420812	9549.316	45.08424229	10485.35	38.7791110453
3.868	8.44954903862	10048.83	64.136181242	9457.031	61.7496190793	10549.8	51.9898276562
3.869	9.39974533666	10035.64	29.1482724569	9461.426	59.5733478322	10538.09	73.5687913887
3.87	9.52723237988	9962.402	36.9049543217	9492.188	64.6220658349	10548.34	59.0141732386
3.871	8.49425973215	9997.559	50.4809810506	9544.922	100.641314541	10542.48	34.9886913245
3.872	9.10143918906	10006.35	39.0953032058	9498.047	55.6770236669	10548.34	86.7104722346
3.873	8.6665105408	10048.83	103.522200855	9547.852	33.8873123055	10450.2	78.5435985722
3.874	8.48685942991	9955.078	55.7334918994	9536.133	85.1772376075	10450.2	80.2014752547
3.875	9.33269255507	9987.305	38.6708246066	9544.922	49.8268619101	10530.76	88.5461304955
3.876	8.7386224314	9984.375	38.8314795675	9464.355	68.3935898024	10520.51	77.6203482997
3.877	10.1934839444	10028.32	46.4065719056	9470.215	72.3041876643	10526.37	87.7028440609
3.878	8.5906586665	9950.684	44.1845461446	9549.316	40.1012394309	10498.54	63.6485707163
3.879	9.2366586971	10048.83	41.1866533342	9514.16	91.652124511	10548.34	51.8218245947
3.88	10.5900645762	10016.6	35.7686375347	9540.527	70.8690795474	10548.34	79.5776569043
3.881	9.32317683008	9981.445	57.9094628851	9502.441	76.197711907	10504.39	69.8666734103
3.882	9.36370810698	9982.91	43.7489732319	9549.316	53.4360152312	10466.31	84.5697505249
3.883	8.72405509945	10048.83	46.1570099574	9458.496	77.5112318756	10549.8	48.4309988125
3.884	8.97546488155	10041.5	31.7802600076	9541.992	81.3671136787	10549.8	90.7906038331
3.885	7.76351557858	9991.699	29.9710211805	9531.738	61.7245197869	10536.62	45.881372022
3.886	8.80945062242	9950.684	58.4394155085	9464.355	60.7277104702	10526.37	41.6714210397
3.887	9.54484677145	10023.93	44.9954417325	9500.977	73.0986815713	10451.66	67.130984639
3.888	8.78152001179	9985.84	50.6776020996	9474.609	56.636445748	10461.91	49.2905994611
3.889	9.2335437135	9950.684	77.3520125699	9480.469	39.9222518237	10524.9	66.697922034
3.89	10.4008877501	9950.684	36.9006424215	9540.527	44.9296411394	10463.38	52.7789351042
3.891	9.1329416706	10007.81	59.0043540615	9539.062	65.7860962174	10483.89	72.3407723475
3.892	9.32334802811	9952.148	75.2855884578	9462.891	57.9258276638	10497.07	73.9793875579
3.893	8.80134536688	9972.656	29.4158228935	9549.316	35.0293440166	10451.66	41.67522803
3.894	9.33005052992	9982.91	39.9408756919	9506.836	53.4749066194	10519.04	69.5741897481
3.895	9.72637530307	9952.148	39.7296375338	9543.457	62.5011346008	10464.84	101.524023538
3.896	9.17019288608	9952.148	51.0967932317	9524.414	43.5655719345	10523.44	63.3668952272
3.897	10.1037762987	10021.0	31.2236835142	9481.934	32.9890633678	10517.58	57.2696109078
3.898	10.5825572412	10001.95	46.9509107204	9481.934	61.5123915603	10505.86	37.4509821799
3.899	10.0666777956	10029.79	48.787697513	9458.496	53.1642092052	10451.66	61.9221086354
3.9	9.69727821547	10018.07	34.5213223025	9534.668	40.0841547576	10470.7	90.0702932689
3.901	7.38061343166	9968.262	44.8091786377	9480.469	69.3931491119	10535.16	78.5376653098
3.902	10.6733719687	9999.023	50.0682642152	9490.723	52.5827602856	10450.2	51.6619998111
3.903	9.20687926084	9996.094	58.6032159426	9455.566	41.4834731059	10549.8	43.0122967217
3.904	8.05775237117	9978.516	48.1447742245	9547.852	78.1556859311	10549.8	36.6775514758
3.905	9.17862584596	10041.5	43.2846722659	9549.316	73.9987532575	10530.76	46.8197549085
3.906	9.31629873845	9993.164	61.4472011694	9549.316	69.12704589	10541.02	55.9204263121
3.907	8.71761535171	10038.57	50.7876955552	9483.398	50.3525894094	10539.55	69.6462859737
3.908	9.65231257768	10048.83	37.2429893525	9540.527	97.6994548156	10457.52	59.5849509325
3.909	9.9921659608	9969.727	48.4160273278	9521.484	40.1806606626	10492.68	66.2564378602
3.91	8.95212870286	10048.83	50.9968149489	9468.75	56.146586002	10513.18	66.2534586721
3.911	10.2580612355	10048.83	85.7885338029	9457.031	42.4558726544	10549.8	55.3581074013
3.912	9.31383245257	10048.83	127.881899883	9484.863	39.7565257192	10454.59	61.4046755485
3.913	8.75581833484	9950.684	36.9459882968	9524.414	49.1457655498	10504.39	41.8204363663
3.914	9.86785060134	9975.586	42.3084764534	9477.539	67.0983672528	10548.34	68.9836641166
3.915	9.6912904389	10006.35	37.3659031622	9452.637	60.6996357569	10543.95	50.0734597976
3.916	10.9410417938	10018.07	37.5312007969	9549.316	66.3791693914	10467.77	87.8162618595
3.917	10.6154495739	10048.83	52.3936444556	9549.316	64.984168459	10539.55	77.3977746567
3.918	9.30538388306	10048.83	31.6393806451	9549.316	101.931290301	10548.34	72.7455645262
3.919	9.14171968644	10048.83	75.6039391787	9508.301	52.4558141354	10508.79	48.5908833752
3.92	9.04029089753	10048.83	58.802609665	9549.316	52.2882385398	10482.42	83.5863639024
3.921	9.56758362146	10047.36	73.898219037	9457.031	88.0857305379	10488.28	39.9008879213
3.922	9.5088283159	9990.234	49.3383456209	9506.836	47.3693527475	10527.83	74.439295267
3.923	9.18141496496	10016.6	29.9578350025	9465.82	73.5778796568	10461.91	77.4952711026
3.924	9.69279165196	10048.83	61.8803041499	9544.922	63.9125013962	10461.91	129.746881303
3.925	8.64639661574	10021.0	46.825338214	9495.117	47.4466277426	10549.8	53.5683691589
3.926	8.94045923732	9958.008	32.1184688369	9537.598	62.8811065822	10466.31	46.5989164487
3.927	10.5023331524	9955.078	48.2326994054	9495.117	55.4118366619	10549.8	49.8375474539
3.928	9.6001981756	9974.121	43.2591517402	9455.566	78.5853749122	10450.2	104.393555957
3.929	9.32077602236	9950.684	107.19129821	9509.766	48.446302535	10539.55	59.7551487594
3.93	10.4734301659	9960.938	61.0848801995	9451.172	127.035578175	10539.55	60.7544926714
3.931	10.0805414338	10012.21	30.4892356851	9451.172	64.4685764949	10473.63	30.174953364
3.932	8.71747322563	9968.262	37.9629364523	9458.496	73.2735547817	10451.66	158.522952671
3.933	10.1269937483	9952.148	92.6949465671	9464.355	65.4495812031	10549.8	57.1658473406
3.934	9.50885805035	10001.95	32.5965765427	9508.301	50.0660661195	10502.93	70.1758690874
3.935	9.00541599391	9952.148	154.613643416	9464.355	79.6584061588	10524.9	109.912869019
3.936	9.01709916526	9952.148	49.8751264534	9549.316	38.2498243811	10545.41	84.408788179
3.937	9.8708878784	9975.586	38.1720352961	9459.961	63.5203610062	10470.7	47.5555054626
3.938	8.82418448954	9965.332	51.6340178004	9500.977	78.6944816558	10494.14	42.0860851706
3.939	9.8960646774	9950.684	49.9833394122	9451.172	56.0512073628	10532.23	68.6347031153
3.94	9.05165706326	9981.445	50.5763795925	9549.316	47.1787257485	10507.32	44.2897077969
3.941	9.50423745274	9979.98	36.8749156481	9541.992	37.2340803661	10524.9	44.3421880104
3.942	9.63246519395	9950.684	70.0342843797	9540.527	39.3142577563	10549.8	52.4155420505
3.943	9.37466108862	9950.684	80.4287188655	9451.172	51.5920798065	10546.88	67.9454967117
3.944	9.40204520806	10003.42	45.8592870525	9451.172	63.4371892705	10492.68	43.8328716843
3.945	10.0603025763	10019.53	43.0422188621	9508.301	52.8088376696	10466.31	68.3603614972
3.946	10.5607326908	9952.148	42.7867758325	9512.695	60.6794957927	10480.96	54.0399192046
3.947	9.38213650659	9979.98	38.6254985128	9493.652	46.8303565351	10478.03	66.4457764465
3.948	10.3896311099	10016.6	81.8471643875	9462.891	58.5673956173	10538.09	74.8461108787
3.949	8.78075093172	10044.43	39.8705669705	9522.949	38.2805070485	10457.52	57.866017916
3.95	10.3163006735	10045.9	31.0046149048	9539.062	61.5749740465	10495.61	68.3393757141
3.951	8.66290823017	9972.656	53.4184589283	9484.863	71.6018421164	10542.48	50.5758915993
3.952	9.76672578225	10004.88	44.7880210546	9541.992	60.3385134625	10461.91	45.9741310639
3.953	10.1980930993	10028.32	61.7380792309	9508.301	60.4366521389	10502.93	45.6173108414
3.954	9.27350192221	10007.81	47.4238041721	9479.004	57.0275134199	10524.9	47.9584149507
3.955	8.35458515406	9952.148	44.8280667381	9521.484	38.8512685861	10535.16	78.8122006543
3.956	9.89447336547	10048.83	40.2453874637	9541.992	50.6854585375	10483.89	52.3835325483
3.957	9.09791342064	9952.148	42.9692342427	9452.637	46.0763423626	10467.77	56.2331411605
3.958	9.77426496159	10031.25	31.1892162704	9458.496	72.58711107	10513.18	89.1957656649
3.959	9.57384357012	10045.9	61.6388485568	9452.637	107.109977528	10475.1	71.6677219764
3.96	9.90854426112	9953.613	70.473218393	9484.863	43.7937323264	10473.63	56.0195336843
3.961	10.3007216918	10007.81	32.3196600902	9471.68	43.3280718113	10479.49	70.9365039208
3.962	9.05540099952	9952.148	65.658327204	9462.891	62.4528776835	10454.59	108.539652199
3.963	8.42436595048	10000.49	38.1964330157	9462.891	78.297606471	10480.96	41.280571402
3.964	10.3067495458	9999.023	34.3993407182	9512.695	68.0740731028	10494.14	64.2662486095
3.965	10.6630764016	10038.57	34.5494473395	9487.793	50.6793569504	10494.14	109.219425902
3.966	9.69877600402	10019.53	92.9552696267	9506.836	88.6202159034	10486.82	53.29038867
3.967	9.00216813324	10031.25	26.9703884769	9503.906	48.8696721723	10500.0	93.7941696621
3.968	8.53862538919	9965.332	58.682875816	9495.117	48.6177526904	10527.83	93.9106910252
3.969	8.93254969455	9950.684	39.1131551748	9455.566	53.7387776489	10457.52	42.1224868539
3.97	8.98887165854	10022.46	41.2706994633	9531.738	55.6098437613	10516.11	57.2607161744
3.971	9.42127777917	10021.0	37.4681601475	9455.566	77.0917113959	10523.44	44.572904386
3.972	9.40464667439	9955.078	53.7300468425	9490.723	63.0087765995	10461.91	56.0603963256
3.973	9.52039132027	10047.36	35.8743223857	9477.539	58.0121244181	10486.82	74.3306542125
3.974	10.4226988257	10035.64	48.9823027313	9467.285	47.6613596348	10523.44	94.9383362886
3.975	9.97345472954	9955.078	84.1651451729	9520.02	62.9283812047	10454.59	68.9702957038
3.976	8.71958023305	9965.332	38.4566400525	9547.852	67.6635363339	10467.77	92.0646142207
3.977	11.4894456379	10037.11	50.0081811448	9483.398	48.9243061264	10488.28	60.2731531196
3.978	10.2433846432	9953.613	90.8438696337	9496.582	97.3165040584	10460.45	81.3034283226
3.979	9.56012279146	9974.121	66.6106342816	9521.484	36.4035734029	10505.86	69.925481781
3.98	8.95959401638	9956.543	50.5941437981	9454.102	62.6478557852	10486.82	73.2525730907
3.981	9.18683350251	9953.613	80.8478790666	9452.637	106.708488298	10489.75	75.424737769
3.982	9.38267041878	10032.71	53.4402946795	9543.457	83.9868882322	10453.12	70.6366196296
3.983	9.10760842841	9987.305	42.369843128	9524.414	60.9781635197	10543.95	51.1687566057
3.984	9.364006632	9972.656	53.4826877773	9506.836	57.9797895549	10494.14	68.2040444462
3.985	8.97756189845	9952.148	49.5501404665	9452.637	95.7653445654	10502.93	34.1905844447
3.986	9.68804700185	9977.051	41.5130601772	9537.598	59.8844510523	10507.32	64.8417814087
3.987	8.98349568035	9955.078	38.1490539891	9468.75	62.445033813	10536.62	46.6645357481
3.988	10.1598601561	9955.078	42.6839915659	9534.668	82.0148702845	10488.28	43.9410028373
3.989	10.3556802769	10015.14	57.3854828149	9455.566	64.7879703764	10502.93	37.3928262085
3.99	9.05235157773	10013.67	36.4384865035	9536.133	69.9999236057	10546.88	64.2797111515
3.991	9.53365343902	9958.008	45.1041391476	9455.566	102.052896101	10456.05	58.4170399415
3.992	9.95858871844	9956.543	53.2310115728	9540.527	48.8255563162	10475.1	81.3008326875
3.993	10.7010067777	10048.83	37.3039681946	9471.68	58.4192738745	10464.84	92.7441154741
3.994	10.3984252932	9974.121	69.0040580085	9464.355	43.6154777344	10479.49	63.5998178987
3.995	9.30014622221	9956.543	53.0022419556	9452.637	51.7825032025	10456.05	60.5171638808
3.996	9.60133511789	9959.473	43.2789187085	9464.355	50.9802099703	10513.18	41.2407714756
3.997	8.80465051824	10003.42	81.9536900751	9508.301	65.1519375418	10520.51	48.6460610697
3.998	9.6223601998	9956.543	33.8251693532	9492.188	59.9274858014	10473.63	101.503663374
3.999	9.586363003	9963.867	44.6871449573	9506.836	81.7210868735	10536.62	50.2326963122
4.0	8.64913544081	9966.797	57.3709017438	9511.23	61.8934048486	10542.48	60.2192204548
4.001	9.74201471676	10018.07	41.8058277211	9528.809	82.3096603217	10456.05	68.4634017076
4.002	8.98177528386	9975.586	46.4698939669	9455.566	90.8610456745	10533.69	37.7014122679
4.003	10.2339624555	10019.53	38.4980966671	9503.906	45.7660444655	10514.65	30.7187590004
4.004	8.82496628099	9993.164	43.5447528491	9465.82	60.3855481759	10498.54	51.9810057065
4.005	9.51571905367	10032.71	33.9963438629	9455.566	51.4782452667	10463.38	51.7338499023
4.006	7.55358837169	10047.36	54.2098978389	9455.566	82.5500269623	10541.02	68.08611225
4.007	8.35787698596	9950.684	47.9023724906	9492.188	44.1997168977	10502.93	72.1551036872
4.008	9.30524938573	9955.078	31.872807898	9454.102	79.8224177121	10454.59	76.0939459781
4.009	8.72078721289	9955.078	65.5245174637	9524.414	81.3047081326	10470.7	73.1216216939
4.01	8.64783834412	10023.93	74.1856614726	9518.555	27.5960196418	10454.59	94.8506997463
4.011	10.5399269811	10038.57	32.864766371	9489.258	64.2092369796	10454.59	45.6806435584
4.012	9.25516306364	9981.445	35.3015211209	9509.766	84.2814797859	10454.59	104.015701115
4.013	9.66737889639	10044.43	40.1967905258	9549.316	30.7220481019	10457.52	70.1847386642
4.014	10.4083190798	9958.008	57.2833599386	9471.68	52.0077251633	10549.8	38.7011915519
4.015	10.5190483002	10032.71	67.7515681157	9454.102	90.3280875754	10454.59	142.451783881
4.016	8.7809790247	9988.77	44.280246979	9486.328	56.064981184	10475.1	44.1109652708
4.017	9.50659515335	9993.164	33.9479925822	9459.961	65.9829700929	10476.56	56.6169379282
4.018	9.86710261872	10021.0	35.1079849137	9454.102	82.4048432167	10456.05	62.2203121389
4.019	8.96790040787	9959.473	39.3868440124	9506.836	59.0061445453	10456.05	71.7566445766
4.02	9.24187646522	10007.81	37.5554530442	9457.031	61.1469359796	10535.16	59.9398378222
4.021	9.86483144765	10012.21	58.9736154218	9490.723	71.1915885491	10461.91	59.1160980392
4.022	9.1094954754	9956.543	50.3136327198	9484.863	56.0005682359	10527.83	51.8532092858
4.023	8.89868195615	10035.64	44.2630225002	9539.062	35.586916741	10464.84	59.9355048392
4.024	10.6142386962	9959.473	36.9595991383	9484.863	36.835235308	10543.95	57.066599952
4.025	8.57858073611	10012.21	45.5250052617	9537.598	44.3372493415	10457.52	130.803897901
4.026	9.44736039947	9956.543	48.1667543478	9457.031	70.8677158941	10457.52	95.6156443295
4.027	10.0003642142	9956.543	72.4592155319	9530.273	93.8029105798	10546.88	80.1334379321
4.028	9.53170535055	10040.04	35.7166359575	9530.273	58.2618045949	10539.55	43.5071214025
4.029	8.12698421261	9969.727	43.4257693382	9461.426	75.9058911122	10507.32	71.3548128906
4.03	8.68278450271	10031.25	47.8891377961	9539.062	84.6382137951	10456.05	118.296013008
4.031	9.72242493519	9956.543	69.941480988	9539.062	44.9881891633	10505.86	51.7016703831
4.032	11.5820215583	10015.14	66.5660380101	9530.273	44.4512206357	10456.05	89.4167430001
4.033	8.89198640173	10023.93	49.7547630714	9499.512	69.9569053146	10504.39	78.4911649969
4.034	9.16285321501	10018.07	50.8886060882	9539.062	87.6795995134	10541.02	62.5931533177
4.035	9.54092845794	9956.543	59.5210016103	9503.906	69.8457531474	10467.77	42.0454649672
4.036	8.8853692389	10032.71	32.7258397618	9454.102	85.3871465386	10450.2	58.3805118841
4.037	9.51692342307	9996.094	34.5666532028	9518.555	78.9158328323	10532.23	51.3169127053
4.038	9.51069667403	10040.04	72.8785466193	9503.906	60.2974828159	10457.52	100.697325504
4.039	8.38591560277	9956.543	46.4974955072	9486.328	60.6820129228	10457.52	77.9433081995
4.04	10.1572512362	10044.43	56.8805933341	9546.387	80.1869458033	10450.2	60.8818209629
4.041	8.31493113902	10026.86	41.7220365639	9464.355	61.0460246411	10510.25	52.567139611
4.042	9.7027576475	9956.543	78.7638726453	9476.074	57.8193390738	10475.1	55.5875541109
4.043	9.65997599408	10022.46	45.1295657712	9536.133	72.2493990492	10486.82	27.2601030515
4.044	8.90519587381	9956.543	55.894024717	9484.863	81.6135604601	10492.68	49.1874129612
4.045	8.7583238701	10042.97	34.2623877984	9509.766	76.1072521233	10472.17	77.7038150128
4.046	9.28470417959	10047.36	45.7291158409	9544.922	40.3881413889	10457.52	94.7564366141
4.047	8.92909444432	10047.36	51.5513020249	9476.074	53.1583229641	10533.69	88.0221353876
4.048	9.16366184949	9956.543	65.0380582778	9454.102	71.8844476507	10533.69	78.596163606
4.049	9.84396485811	9956.543	45.8849101038	9505.371	62.8036294218	10505.86	81.2156993648
4.05	9.72211399702	9955.078	46.9117800835	9455.566	88.8276729924	10463.38	53.1177432862
4.051	9.03343704138	9962.402	50.4086368754	9455.566	79.7746910799	10545.41	72.6824375614
4.052	9.82970269857	9956.543	54.140898999	9547.852	49.954588825	10456.05	66.8562050522
4.053	8.85196242748	9956.543	65.8388921158	9454.102	83.8513450604	10533.69	48.5513302674
4.054	9.24369887819	10025.39	63.3553033727	9492.188	59.8726507155	10543.95	54.0642430297
4.055	9.84682880777	9956.543	64.6245894892	9505.371	87.2120734394	10546.88	79.4366491717
4.056	9.45144191688	9956.543	47.3049515181	9537.598	42.8254258938	10479.49	48.1434828391
4.057	11.0702850885	9979.98	45.46924725	9458.496	123.951160113	10524.9	92.391197458
4.058	9.42811891134	9962.402	88.3268743129	9534.668	67.88175617	10524.9	35.4191072505
4.059	10.1127813054	9985.84	40.40491995	9533.203	80.83239388	10456.05	53.4799684952
4.06	8.20271802598	9963.867	49.9010726201	9515.625	57.5241132915	10456.05	88.0590581121
4.061	9.4426795933	9965.332	41.226839062	9533.203	115.566472506	10457.52	104.289302161
4.062	8.83974896846	9984.375	44.5699883427	9539.062	68.9807249124	10457.52	83.9401360071
4.063	8.54554090645	9959.473	43.6437023551	9502.441	74.0543581658	10546.88	73.5509443408
4.064	8.80216044784	10041.5	49.208861153	9530.273	80.0734689705	10454.59	58.2771848662
4.065	9.76404906987	9958.008	58.3023421869	9525.879	41.8210453073	10458.98	83.1814795955
4.066	8.64837870175	9953.613	47.1443374643	9457.031	46.3180432751	10533.69	59.9492295484
4.067	9.27212351414	10031.25	29.1794021247	9522.949	48.7184817403	10543.95	47.3280740554
4.068	9.88412423829	9958.008	67.6233018197	9531.738	93.5849825603	10453.12	73.0457606834
4.069	8.94150602576	9958.008	94.5744928331	9541.992	36.0852098142	10519.04	77.984315522
4.07	9.94381922549	9991.699	31.9273641713	9503.906	61.1723192659	10548.34	59.4205078595
4.071	9.25834034329	9950.684	38.8125327789	9470.215	40.541163706	10456.05	79.6277890491
4.072	9.08663447976	9956.543	128.269890486	9508.301	61.1393050177	10457.52	60.5362390633
4.073	8.6392132558	9956.543	76.828010411	9506.836	61.1219606537	10457.52	66.5114390939
4.074	8.94548228844	9956.543	79.9774821577	9511.23	50.5011700173	10457.52	119.141961325
4.075	8.54141388846	9956.543	32.7611140185	9489.258	67.0517771096	10457.52	96.9452456915
4.076	8.76860996613	9956.543	41.2245190593	9541.992	55.1824732787	10456.05	113.033842952
4.077	9.18066517871	9956.543	66.8728776574	9539.062	118.26771388	10453.12	72.3319999725
4.078	9.51781979657	9956.543	106.740860356	9471.68	126.909143667	10458.98	73.1240811304
4.079	9.94979074651	9972.656	39.9596597715	9515.625	59.4837916747	10457.52	84.7869561721
4.08	9.1352550096	9985.84	39.2751640127	9514.16	58.1791735033	10457.52	72.6794777761
4.081	9.54116325346	10001.95	38.6434443015	9521.484	87.3967794526	10460.45	89.0947166751
4.082	9.33507635859	9985.84	46.3974597555	9458.496	130.130399304	10483.89	67.7862440105
4.083	10.017424642	9999.023	35.3516457459	9474.609	49.9240620137	10478.03	119.459596507
4.084	8.62906891221	10029.79	33.0001260874	9483.398	72.1894966996	10532.23	61.2578872459
4.085	9.16313975365	9959.473	65.2849515072	9458.496	83.0137703882	10510.25	62.1402040552
4.086	9.872828377	10015.14	29.5867123117	9515.625	67.9899880408	10479.49	52.8119038212
4.087	9.32695687347	10035.64	49.7547523042	9524.414	69.4045507576	10542.48	65.0143492334
4.088	9.75928047498	9963.867	46.1607222849	9458.496	92.3987446987	10502.93	48.4183245727
4.089	8.49266613632	9958.008	110.387371768	9457.031	63.1320301379	10458.98	109.436115846
4.09	10.628228884	10040.04	35.9807588939	9457.031	84.6642462142	10488.28	58.4641587023
4.091	8.7017889609	9958.008	53.460423926	9457.031	85.5136219543	10486.82	42.0881110347
4.092	8.42719273461	10007.81	53.2771603243	9458.496	56.8872998487	10494.14	42.0375761027
4.093	9.26578926533	9958.008	58.274551794	9540.527	48.7210915633	10519.04	57.2521570342
4.094	9.14794858935	10028.32	32.465612416	9511.23	42.9158956672	10464.84	90.5767461595
4.095	8.51200246735	9979.98	64.6738173976	9520.02	67.7704901665	10508.79	78.8500127374
4.096	8.93961819987	9958.008	97.1729598197	9515.625	71.9079500537	10520.51	68.2943960191
4.097	10.0947635474	9958.008	45.1387062385	9470.215	47.7420589707	10454.59	74.5392927299
4.098	9.01352073761	9958.008	48.888511108	9493.652	43.703832932	10457.52	79.8001244164
4.099	9.50460083917	9962.402	53.8876644092	9457.031	77.8379888521	10523.44	48.232279838
4.1	9.36998338028	9962.402	49.7259789566	9534.668	57.8377322224	10458.98	70.1327437168
4.101	9.38296143425	9984.375	64.0098526633	9506.836	77.7317767421	10456.05	44.14550018
4.102	8.91278447547	9956.543	41.6060681836	9537.598	51.5033379438	10456.05	71.8898500335
4.103	9.76487124614	10035.64	41.2665880121	9459.961	49.9162151875	10460.45	36.9644827273
4.104	9.07407109532	9955.078	159.983330167	9484.863	118.370275625	10502.93	68.4324208088
4.105	9.64791124549	9953.613	69.1854116454	9480.469	58.1822093673	10501.46	30.8981441278
4.106	9.06979570868	10022.46	39.9693823527	9454.102	55.2343070533	10466.31	46.3315212237
4.107	10.1179890979	9991.699	45.8571851654	9454.102	50.7666262268	10463.38	62.6533617749
4.108	10.8667651795	9956.543	45.3212861518	9477.539	52.080140947	10530.76	53.6922656858
4.109	9.0403515183	9955.078	45.4291395465	9479.004	78.6044991753	10454.59	87.0274421575
4.11	9.70933145712	9971.191	43.6955847164	9530.273	52.0835840626	10463.38	64.6226723064
4.111	9.53724927864	10006.35	34.1725158113	9459.961	62.6565056911	10454.59	85.020441783
4.112	8.91063049003	9963.867	75.0013337052	9483.398	59.0657399864	10526.37	57.1016569204
4.113	10.1214529934	10032.71	44.9742934022	9480.469	60.7549700305	10485.35	49.178682182
4.114	9.62151664341	9965.332	43.2479220568	9457.031	64.7349850789	10488.28	81.9019120085
4.115	9.14878152503	9953.613	70.3538494413	9547.852	88.9500970535	10497.07	57.4310804813
4.116	10.1655703795	9953.613	63.7012042379	9546.387	119.962398704	10508.79	58.7591343507
4.117	8.51594541337	10023.93	40.2039283255	9547.852	54.7449336764	10478.03	45.2327857788
4.118	9.56256165451	10016.6	39.2683713885	9508.301	36.8944309167	10453.12	104.827696354
4.119	9.75199491286	10015.14	44.0502962681	9511.23	86.2487011035	10538.09	76.0462478794
4.12	10.1435469152	9990.234	47.2293315641	9489.258	38.6202807684	10464.84	58.4965881336
4.121	9.62380671718	9950.684	47.2336384421	9525.879	87.0977063675	10450.2	84.2625422549
4.122	10.5191854189	9950.684	164.421106688	9479.004	65.4805487955	10517.58	69.2619714803
4.123	7.92661212036	9997.559	41.5369317635	9462.891	73.6157376984	10470.7	59.042450327
4.124	10.2053385914	9971.191	37.4262806018	9533.203	55.1258898047	10460.45	36.5947566459
4.125	9.42160743011	9999.023	46.2874358567	9461.426	69.2319110086	10492.68	36.4043308295
4.126	9.99726701394	10048.83	36.4602271089	9539.062	64.5122939009	10450.2	71.3192273672
4.127	9.21069045387	10048.83	70.8299827399	9536.133	58.4367676976	10511.72	55.59451532
4.128	9.63704902102	9975.586	38.9313601573	9549.316	65.1219055552	10548.34	60.5178378255
4.129	9.34622653609	10041.5	40.4733513734	9502.441	38.6530892034	10548.34	47.7085784523
4.13	9.87167968253	10032.71	49.8540697578	9549.316	52.7989380788	10478.03	46.1455007535
4.131	9.16196019613	10034.18	56.1147096655	9495.117	60.9694328473	10549.8	50.4536612647
4.132	8.85172894077	9952.148	42.7384235487	9522.949	70.4920216512	10521.97	72.4547969565
4.133	9.94483542887	10042.97	60.0226181756	9451.172	66.5164852169	10479.49	51.6598113551
4.134	10.1805945552	9984.375	46.3285280448	9528.809	53.2355812614	10549.8	58.1429490779
4.135	9.85184700307	10048.83	64.8605441614	9483.398	54.9366195571	10495.61	76.9323658126
4.136	9.71995324904	9960.938	52.250950265	9549.316	31.2969533183	10501.46	67.830376429
4.137	10.8088538922	9969.727	42.5383965567	9474.609	96.8917455417	10511.72	54.9417993362
4.138	9.44661919129	9997.559	34.1632729994	9470.215	71.2428259597	10549.8	53.3271559486
4.139	9.52380288879	9997.559	37.96027436	9481.934	56.2585011317	10505.86	72.2050637019
4.14	7.66701296605	10034.18	32.4185787662	9520.02	82.7764165037	10494.14	79.9747932281
4.141	10.7235760428	9991.699	38.980964419	9549.316	99.0949208013	10507.32	44.9040056394
4.142	10.4733907494	9950.684	46.7636053038	9549.316	58.9068224957	10450.2	143.688739186
4.143	9.06700726671	10035.64	44.2191532314	9537.598	49.6724918631	10532.23	70.1906011644
4.144	10.9314269738	10012.21	50.9378548018	9549.316	47.9926110401	10541.02	91.5899359807
4.145	9.5792675317	10048.83	44.9765356273	9525.879	116.175141809	10549.8	61.0396477586
4.146	11.3553246211	9965.332	57.9857629106	9549.316	58.8564192295	10519.04	54.2250234429
4.147	9.56292729708	10032.71	65.9956946028	9499.512	47.7285340113	10469.24	62.0114836761
4.148	8.84845768463	9997.559	36.0850276102	9462.891	56.310224881	10498.54	91.6701651303
4.149	10.2628768872	9991.699	68.502077445	9476.074	98.084719447	10450.2	111.613766608
4.15	9.13521022433	10040.04	59.4365740853	9477.539	60.2731326369	10549.8	49.4731490758
4.151	10.1588676724	9997.559	38.4063424715	9500.977	73.2680653768	10492.68	94.935098221
4.152	9.21198058886	9950.684	48.786073253	9521.484	62.9112632242	10450.2	46.4270087219
4.153	9.9069592866	9950.684	54.903365769	9455.566	53.7032241601	10519.04	76.0086356292
4.154	9.53487422762	10021.0	69.8451818939	9537.598	28.212911946	10548.34	95.7707078294
4.155	10.5320149717	9972.656	54.6414898666	9473.145	45.5808198445	10548.34	115.04696077
4.156	11.1122195132	10044.43	62.9265097579	9549.316	51.2625333076	10549.8	45.6506185893
4.157	9.86744099971	9997.559	84.8628515542	9484.863	33.3434370976	10500.0	96.9198632053
4.158	8.44899805317	10040.04	36.7170417755	9549.316	55.0933650544	10526.37	70.5009897041
4.159	9.16681993639	10019.53	73.4833131913	9480.469	66.4280441964	10450.2	154.032680456
4.16	9.04608540202	9982.91	52.5930499034	9496.582	55.0090586981	10483.89	50.6418103725
4.161	10.0695511705	10045.9	31.4383015438	9544.922	56.1577734376	10473.63	71.3585472106
4.162	9.86699510136	9955.078	46.799295696	9533.203	82.1475185485	10450.2	66.7943956048
4.163	9.80219475576	9977.051	23.9262631661	9544.922	63.7636709289	10479.49	51.636664619
4.164	8.98311645974	9952.148	60.0086053791	9496.582	101.203592404	10520.51	54.7762794475
4.165	9.2231932308	9971.191	37.5966439418	9498.047	87.9548887939	10498.54	77.5169588152
4.166	9.91627063763	10010.74	34.8573418152	9534.668	53.8346775667	10504.39	51.6784553324
4.167	9.75227093246	10025.39	42.4722688598	9451.172	76.4562457468	10539.55	66.2422020917
4.168	9.32577353403	10048.83	68.6072726196	9458.496	80.698749799	10521.97	88.6758899077
4.169	8.74915630563	9960.938	59.5670733407	9461.426	72.8601151125	10538.09	82.0751065178
4.17	9.69622131761	10048.83	33.0938190424	9473.145	53.3282390835	10549.8	69.6165330164
4.171	9.42260811374	9987.305	30.0111669957	9512.695	88.1090221369	10549.8	40.6730241832
4.172	10.0120046568	10003.42	73.7812369397	9470.215	53.1970541992	10517.58	76.062821487
4.173	9.71075917376	9956.543	88.8193853969	9457.031	66.5297864998	10483.89	84.069323985
4.174	10.8116031828	9952.148	49.8554428607	9549.316	61.4113098401	10548.34	64.1234205576
4.175	9.97985259851	10048.83	110.377491279	9515.625	59.3025855817	10548.34	89.7167671509
4.176	11.0521346219	9990.234	51.3387427058	9547.852	109.593675164	10460.45	65.4360078801
4.177	8.97759559038	9959.473	52.3775004405	9512.695	103.741535971	10463.38	86.6318776761
4.178	9.99763992538	10047.36	56.1295929664	9547.852	55.6287286983	10546.88	92.2081053839
4.179	9.9856242954	10047.36	42.5157124297	9534.668	79.2534132976	10523.44	66.114775829
4.18	7.77533413741	10047.36	92.7241176427	9533.203	58.165820958	10536.62	67.2936183081
4.181	10.0350633478	9971.191	37.8392383604	9547.852	66.1235877606	10514.65	43.6956771856
4.182	10.5926128055	10047.36	69.855653023	9486.328	84.2206592989	10495.61	45.1057920481
4.183	9.58850487671	9999.023	38.6028890576	9547.852	78.7409821016	10530.76	103.450673389
4.184	9.41637216665	9996.094	61.8481749347	9480.469	52.9013876479	10526.37	74.2511970981
4.185	9.61184921768	10018.07	41.0447836326	9549.316	85.8972717236	10492.68	53.7505808333
4.186	9.89962884826	9962.402	55.5037237089	9502.441	77.2327919575	10488.28	105.712605929
4.187	9.29934199086	10006.35	29.9692830023	9487.793	67.1728336568	10520.51	62.277645059
4.188	10.0419881876	10007.81	59.272635178	9470.215	46.6606953603	10549.8	42.9398674951
4.189	9.71309474904	10037.11	70.0635043546	9468.75	71.8694449561	10530.76	76.415868492
4.19	9.5945191162	10006.35	38.7960033186	9547.852	83.2674482191	10450.2	96.6095483285
4.191	8.35444899106	9960.938	40.2542768534	9530.273	61.207601908	10546.88	57.0543211792
4.192	9.18187950287	9950.684	93.9788981837	9495.117	46.1006831249	10549.8	43.8668922595
4.193	10.027478295	10044.43	44.7793068491	9547.852	64.8950443688	10450.2	73.8505755148
4.194	8.83067724751	9950.684	60.7597637365	9549.316	50.7396505202	10456.05	85.3972182377
4.195	9.69425052055	9953.613	42.3763803167	9452.637	52.5202176052	10450.2	59.3937473144
4.196	9.59359893754	9991.699	38.5531025943	9534.668	51.5155710323	10543.95	56.542334392
4.197	10.5577914359	10026.86	56.2248134983	9493.652	74.920840704	10545.41	64.2340181948
4.198	9.20914523063	10048.83	68.2055657141	9533.203	62.8625226939	10545.41	67.6518571221
4.199	9.41857381155	9971.191	58.2249505382	9540.527	82.1038421143	10514.65	65.0676434075
4.2	8.99676599437	9977.051	41.1650059107	9522.949	60.5303568101	10491.21	53.4320857996
4.201	8.13773168056	10035.64	50.5491053212	9479.004	97.9328200905	10475.1	80.6371865718
4.202	10.0674037624	10023.93	33.956900122	9547.852	93.4972722802	10539.55	66.3026453395
4.203	10.0576719991	10047.36	44.3225564869	9461.426	57.4015528686	10495.61	48.7430378637
4.204	9.20901730203	10035.64	48.935375196	9521.484	56.4756157107	10491.21	90.1518046024
4.205	13.0929934146	9978.516	33.9433047091	9490.723	57.9169318654	10469.24	90.0979676299
4.206	7.82793289623	9981.445	37.6894029845	9547.852	130.75415195	10507.32	56.8357472031
4.207	10.7285736873	10022.46	40.8245343043	9483.398	63.7227400886	10546.88	82.7168465661
4.208	10.1651506509	10047.36	56.6070646195	9500.977	42.4866389379	10514.65	106.196562705
4.209	10.4975594509	9991.699	63.5990920011	9511.23	51.2339129178	10501.46	49.7644498407
4.21	10.8486203102	9999.023	33.0714353924	9465.82	75.9035718702	10508.79	116.849768633
4.211	9.14514479701	10004.88	40.241548303	9517.09	55.741077076	10548.34	70.5555417216
4.212	8.66336743365	9991.699	45.7533362962	9543.457	57.2185470834	10530.76	81.871646454
4.213	8.02702890197	10028.32	49.5343524685	9503.906	46.970984689	10488.28	36.3156068642
4.214	9.99082524339	10047.36	51.5829763799	9540.527	64.722819205	10480.96	45.0585757372
4.215	9.72993754266	9958.008	41.1023035625	9539.062	72.9165147272	10473.63	40.5080705111
4.216	8.64459999553	9984.375	37.7170370241	9452.637	65.5239625696	10532.23	49.1527191134
4.217	9.19465901945	10013.67	34.1208759317	9514.16	25.7650468665	10510.25	71.2276062743
4.218	10.4305949833	9968.262	39.8316067236	9515.625	51.4773117746	10533.69	85.4906795621
4.219	10.5317539942	10034.18	53.8764722284	9544.922	67.0806260264	10454.59	89.1503049036
4.22	11.6032447396	9953.613	69.445184364	9452.637	67.9355921505	10454.59	73.2079618336
4.221	10.2028172182	10044.43	56.8721162879	9479.004	60.4921318592	10461.91	77.396846374
4.222	9.10743515497	10009.28	27.9628453576	9452.637	114.109544187	10453.12	73.1241295397
4.223	9.6033658088	9971.191	36.9959495922	9474.609	68.5656698706	10516.11	44.4647376449
4.224	10.6195753728	10038.57	34.2525782618	9503.906	56.1292251768	10521.97	63.6222680023
4.225	9.04330064805	9979.98	62.682809019	9483.398	74.7612981377	10451.66	47.2196621435
4.226	9.71694452453	10012.21	48.7240304896	9477.539	72.3984258046	10521.97	72.7439633266
4.227	8.24547201282	10009.28	44.1260770231	9536.133	80.6706059979	10476.56	50.9583334453
4.228	8.94444957451	10032.71	29.1919541485	9534.668	40.6792952762	10549.8	52.219909004
4.229	10.8763535032	9997.559	33.4250512788	9470.215	60.5094326436	10521.97	56.3799614968
4.23	9.35684991278	10045.9	54.1954600734	9477.539	52.5578506861	10545.41	53.2328027528
4.231	9.21780560893	10048.83	42.9420533232	9492.188	76.0254657417	10451.66	83.7945771661
4.232	8.8013937686	10007.81	36.7483494612	9459.961	59.111804156	10483.89	56.7323328357
4.233	8.27735330975	10000.49	62.0022330962	9458.496	92.7300398191	10451.66	97.3339125183
4.234	10.1928495011	9965.332	49.2429686132	9451.172	83.1154462806	10507.32	58.1097900052
4.235	9.33426364812	9950.684	33.0758191262	9537.598	51.2952410155	10450.2	79.9629782013
4.236	9.68079909295	10048.83	34.2854361452	9470.215	71.0754895272	10529.3	58.9537311907
4.237	10.6060790263	10003.42	31.4556615307	9539.062	55.6970995878	10549.8	121.295235881
4.238	9.80343526453	10022.46	27.5284289654	9490.723	75.1891387867	10498.54	56.4278208285
4.239	10.2930919174	9950.684	40.9603720395	9470.215	48.7735622671	10451.66	85.6961832747
4.24	9.41885279987	9978.516	38.7039299094	9483.398	75.915461804	10533.69	48.9759108929
4.241	9.86622548344	9997.559	30.5800443194	9534.668	68.2018981137	10538.09	50.2864086101
4.242	9.3148168879	9952.148	45.6164801525	9521.484	38.2478660585	10450.2	87.3327654409
4.243	10.0380566872	9965.332	43.6790056295	9481.934	68.767494883	10549.8	58.8848523803
4.244	10.0446172649	9982.91	39.67868292	9505.371	71.0385376087	10485.35	73.374505822
4.245	11.1821993519	9950.684	65.5018209009	9522.949	59.6755808092	10505.86	55.29394751
4.246	10.6210515288	9963.867	40.0608612808	9537.598	64.9610706589	10495.61	59.4996800773
4.247	9.7011784193	10001.95	33.8808501633	9544.922	62.8263569043	10476.56	92.8523163188
4.248	10.0494008358	10034.18	61.7544021942	9459.961	73.3949762641	10548.34	74.7708507099
4.249	8.53808415729	10003.42	34.9897144638	9544.922	70.135859393	10483.89	92.4815747598
4.25	9.41623503449	10003.42	46.139072884	9465.82	44.7606463024	10524.9	51.2099882642
4.251	9.5771470529	9963.867	42.331932279	9451.172	150.806412835	10535.16	50.5085459118
4.252	9.60531600059	10007.81	42.3948539183	9451.172	59.311821384	10492.68	68.4364020971
4.253	9.43106276094	9952.148	43.6601981611	9536.133	53.0210966582	10501.46	77.2401436175
4.254	9.86467794833	9960.938	41.1502687443	9452.637	130.681260245	10529.3	39.6668871406
4.255	9.88845133247	10048.83	63.0764470049	9452.637	89.675310407	10524.9	52.8377239718
4.256	8.50253997895	10031.25	29.035907795	9505.371	62.0373482994	10453.12	55.2964702904
4.257	8.8402027755	9975.586	42.4909162391	9452.637	68.3508225602	10486.82	41.8679888598
4.258	8.81348139805	10040.04	42.6944324992	9546.387	71.1537194492	10488.28	55.4501775328
4.259	9.32028115582	9981.445	48.6524788839	9451.172	75.6308278457	10541.02	43.4187734029
4.26	9.53019891151	9950.684	45.3936996442	9530.273	33.9597472412	10476.56	79.933488272
4.261	9.48703503555	9984.375	52.7275123812	9455.566	69.6076941314	10508.79	57.2557054264
4.262	9.74326288321	9952.148	46.7937710737	9473.145	44.447480996	10523.44	59.9950408277
4.263	8.82597465914	10029.79	39.3168117131	9452.637	58.9298680075	10497.07	54.8745178533
4.264	9.036977898	10010.74	33.8770182333	9544.922	42.5547162725	10513.18	63.6077570613
4.265	9.30470072271	9953.613	70.9619251173	9452.637	74.0089855988	10453.12	48.6191120321
4.266	11.0993377101	10022.46	36.6333051773	9506.836	44.4706938182	10470.7	44.0079188922
4.267	9.07233349411	9994.629	43.3084350752	9487.793	45.8554452766	10486.82	63.0498111326
4.268	8.93910890606	10004.88	52.5411260276	9517.09	63.1588667104	10457.52	47.6740254261
4.269	8.87772983345	9953.613	52.1118116607	9458.496	35.5423326467	10498.54	95.4392998942
4.27	9.7490147247	9991.699	27.8723232306	9546.387	71.3498508684	10526.37	74.9442921335
4.271	9.66273651349	10031.25	49.6740895316	9452.637	67.6430020468	10527.83	53.5447670831
4.272	10.2412095019	9953.613	52.536528208	9490.723	79.0524880702	10467.77	56.6258481682
4.273	9.85090441767	9952.148	53.9207735619	9521.484	56.7601584289	10543.95	52.8634006527
4.274	10.3111756195	10018.07	37.987860429	9452.637	134.136416986	10514.65	45.813594757
4.275	9.32598620981	9969.727	29.6059577912	9452.637	125.084814165	10451.66	45.2514673751
4.276	9.24937895034	10004.88	40.3016394215	9541.992	76.0338028051	10542.48	39.7204412351
4.277	9.18690017952	10001.95	34.6674356711	9470.215	123.421291761	10489.75	50.1060539048
4.278	9.79407835929	9996.094	49.8385197914	9471.68	62.832279047	10533.69	41.0368378215
4.279	9.82218633455	9960.938	61.6443123594	9496.582	49.9932221468	10451.66	78.7948896585
4.28	9.10743248244	10044.43	40.7575072333	9454.102	57.4712127013	10460.45	76.4903844612
4.281	9.25345844647	9971.191	48.2340612458	9509.766	64.1434791055	10530.76	46.0147570985
4.282	9.54814835324	9993.164	42.7791238406	9454.102	72.4166892204	10495.61	90.4990195449
4.283	9.91003982819	9984.375	57.7881572281	9451.172	63.7556483958	10548.34	128.477591257
4.284	8.835358067	10038.57	31.2416249001	9457.031	53.0508372861	10520.51	70.9421457542
4.285	9.35565638123	9984.375	31.1057469312	9530.273	69.552456443	10460.45	62.4495070931
4.286	10.5290476317	9965.332	42.6070777605	9493.652	63.3691662524	10485.35	122.197805098
4.287	8.85399334753	9950.684	41.5592845016	9495.117	71.7294933603	10491.21	50.3507137847
4.288	9.20715295691	9969.727	50.9958852657	9536.133	57.0860653968	10464.84	61.0810477394
4.289	8.14416483175	10025.39	82.1758045965	9451.172	83.1942864575	10451.66	82.4484697966
4.29	9.51336997812	9979.98	49.7619975473	9451.172	55.7322504226	10543.95	56.5423548036
4.291	9.8018064253	9971.191	75.7507444636	9468.75	51.8017530787	10492.68	73.668138554
4.292	9.43667653748	9969.727	24.0931212172	9451.172	85.4483243179	10451.66	85.1665994881
4.293	9.39085785964	9991.699	36.0468551776	9452.637	51.8227732735	10486.82	77.2851723015
4.294	9.34362356158	9984.375	36.1867788719	9537.598	49.1729361421	10542.48	72.0123715838
4.295	10.4154906411	9978.516	32.9150522003	9498.047	47.9514125689	10482.42	82.3700490165
4.296	9.77282261141	10016.6	52.8449393939	9499.512	75.0933460248	10451.66	94.9573064348
4.297	9.3815245424	10012.21	38.5779513168	9484.863	43.3034876741	10501.46	63.0349917317
4.298	9.01598162659	10006.35	54.4820453857	9543.457	43.2319556888	10494.14	81.8072723301
4.299	9.45460152884	10035.64	44.1533671527	9477.539	31.407945047	10458.98	57.5882276882
4.3	9.90294485724	10003.42	57.8411289741	9528.809	52.0588481976	10548.34	81.8738318144
4.301	9.87907997734	10018.07	57.9418046591	9537.598	63.2623000365	10480.96	79.3228696358
4.302	10.5007630231	9991.699	41.2968762912	9487.793	55.2978194699	10458.98	70.9591545965
4.303	9.99198542808	9978.516	44.0486414313	9455.566	69.4525613956	10453.12	99.4099980045
4.304	10.5285349414	9955.078	59.5475484034	9465.82	53.3821728494	10467.77	71.8282841367
4.305	9.87969543203	9953.613	32.5421015019	9524.414	62.8636141592	10450.2	48.7138344349
4.306	8.75198592893	10015.14	37.3232286774	9451.172	85.9315243418	10532.23	53.4428187269
4.307	8.97324911898	10016.6	41.9867208777	9524.414	71.6139846561	10535.16	58.7316741785
4.308	9.82582937078	9950.684	52.9281396874	9541.992	65.2557072992	10458.98	52.7347997592
4.309	9.14943009047	10000.49	47.4458545521	9455.566	77.7974717795	10456.05	69.8444465661
4.31	8.56929633213	9984.375	47.2918691644	9522.949	74.6442778559	10521.97	56.4365364567
4.311	9.44660210676	10044.43	32.0884627249	9464.355	54.430450651	10517.58	64.0089453895
4.312	8.77434921702	9990.234	50.9332822526	9549.316	48.2617590797	10546.88	73.63461527
4.313	9.67546572403	9982.91	45.9419762553	9515.625	93.0543525419	10536.62	74.4221633153
4.314	9.06273183051	10012.21	39.8461813011	9452.637	77.7648399395	10538.09	65.7388116811
4.315	9.76051040948	9975.586	49.9599770067	9487.793	49.2223996431	10529.3	52.6257171411
4.316	9.14922670829	9981.445	61.8625910859	9452.637	92.6525360953	10514.65	76.6986044237
4.317	8.30003067639	10026.86	37.6749981245	9452.637	67.2478795531	10538.09	60.1026781584
4.318	9.65675090602	9953.613	56.3507593311	9499.512	74.8400790906	10488.28	54.8118741299
4.319	8.78896811605	10007.81	54.5402497815	9539.062	65.906016766	10497.07	68.6446978197
4.32	9.4377485093	9981.445	39.3604693206	9528.809	58.5592163817	10530.76	33.8917811422
4.321	10.7551413195	9965.332	42.2128313656	9537.598	66.4839408765	10541.02	77.2196280291
4.322	9.44175604855	9958.008	67.2804680302	9549.316	28.4512691	10543.95	29.7730925815
4.323	9.62628856941	10009.28	46.2015659632	9473.145	81.9116220325	10507.32	59.5238122949
4.324	10.7759583556	9953.613	43.4919749629	9495.117	74.4268716912	10533.69	55.7605101007
4.325	9.74029523355	9950.684	76.1692191013	9464.355	38.6801453811	10495.61	44.6527742037
4.326	9.85200813658	9997.559	30.8701708212	9454.102	62.0232184697	10453.12	87.1298722258
4.327	10.8269812876	9984.375	39.5565871051	9531.738	65.0210453803	10520.51	41.5365454443
4.328	9.09442893728	9953.613	68.9886358115	9522.949	85.3052927018	10453.12	94.9657492509
4.329	10.5565187402	9953.613	42.5579230989	9452.637	72.7750848977	10480.96	50.6492882109
4.33	10.7126330468	10028.32	41.6622062164	9452.637	59.7984580536	10543.95	38.4059689622
4.331	8.79277527066	9991.699	34.5758673398	9452.637	64.323094155	10450.2	68.7587991698
4.332	9.45797167521	10041.5	54.1154072497	9506.836	67.8773427933	10453.12	100.452994448
4.333	10.5439980592	9953.613	69.3614384599	9452.637	82.2529403641	10521.97	126.740065928
4.334	10.7165523401	9952.148	90.1615231522	9506.836	62.8082997036	10454.59	63.1515799609
4.335	9.53174600144	9968.262	43.1516887882	9484.863	58.8933566675	10453.12	79.0795229243
4.336	9.75760787312	9952.148	77.1386260243	9452.637	78.2634947897	10519.04	66.2540815609
4.337	8.28359066801	10037.11	45.3650212779	9451.172	46.6566764901	10533.69	67.1695273118
4.338	9.45116108211	10004.88	43.6312677826	9527.344	67.531249158	10510.25	59.1374203371
4.339	9.66951093547	9952.148	44.711705298	9543.457	72.8354571541	10519.04	55.0727275696
4.34	9.78371617786	10038.57	40.3879469604	9489.258	46.6729187286	10483.89	57.7482088702
4.341	10.8649032414	9984.375	34.7921618143	9452.637	69.856544792	10453.12	77.0191581825
4.342	9.98603323411	10000.49	40.3294399392	9451.172	74.5647915238	10507.32	53.9110050756
4.343	9.58485345945	9972.656	49.8639161086	9468.75	39.0871485738	10492.68	61.3624921481
4.344	10.1985660898	10037.11	36.3731687314	9470.215	53.475247852	10519.04	69.560901043
4.345	8.53139788885	9985.84	33.1022364783	9452.637	57.8648995398	10463.38	64.986705098
4.346	10.1251520307	10037.11	39.6961226207	9493.652	62.8726844971	10500.0	48.2857020744
4.347	10.1511154876	9991.699	36.8562962992	9534.668	72.8706582538	10511.72	84.7024090421
4.348	8.76526315044	10031.25	44.288639378	9452.637	64.7030036366	10508.79	55.6777074981
4.349	9.00070616309	10019.53	54.4866205553	9452.637	80.2139520586	10546.88	54.2781673899
4.35	10.7773850307	10041.5	38.0970355877	9452.637	129.779586107	10461.91	52.3555772126
4.351	9.69316798913	10032.71	53.5349664031	9527.344	66.4977071138	10454.59	82.0318760669
4.352	10.7430916722	9978.516	28.0043697668	9468.75	71.5980638898	10475.1	71.7435479713
4.353	11.2966722472	9953.613	73.8606819083	9452.637	62.622765519	10513.18	44.0679270383
4.354	7.75265368478	10042.97	38.9681537812	9452.637	74.4013778598	10500.0	49.3830326442
4.355	8.5166161907	10016.6	60.8880919205	9499.512	50.0719081365	10453.12	118.596839671
4.356	9.69019855367	9987.305	38.4166474185	9481.934	44.2505811328	10488.28	52.5791835841
4.357	9.7706915518	10012.21	93.2288810106	9502.441	56.97104834	10541.02	77.3245428585
4.358	10.0238625051	9956.543	43.700379102	9528.809	74.6759484207	10453.12	88.0438580579
4.359	9.19383086172	10018.07	38.6660652794	9505.371	64.354531784	10451.66	80.1540250886
4.36	10.1291358415	9977.051	41.6692736611	9483.398	116.738241971	10451.66	42.6825961833
4.361	10.2388587562	9966.797	39.9556140987	9451.172	58.1110766116	10463.38	62.2275439385
4.362	9.65409989424	10003.42	49.0652673321	9500.977	56.623704523	10513.18	63.5614415084
4.363	11.654123342	9987.305	72.4326597672	9490.723	65.162857699	10450.2	52.7784182792
4.364	10.1315790602	10037.11	31.0736805563	9547.852	62.8322341875	10450.2	169.0791392
4.365	10.4786942236	9974.121	44.8894172074	9451.172	44.3266124974	10450.2	147.796665261
4.366	10.1027298693	9977.051	36.0794853591	9451.172	89.8149864071	10461.91	131.14494127
4.367	9.39459373993	9990.234	33.4139210511	9528.809	52.8364954983	10538.09	84.1933678237
4.368	9.09668492166	9953.613	35.2360834917	9511.23	79.3932050952	10451.66	55.0577796162
4.369	9.10355936985	10006.35	37.0383661693	9451.172	78.1784937119	10491.21	117.949763545
4.37	9.60568002098	10026.86	33.1317938424	9459.961	53.9947068123	10456.05	52.2065966467
4.371	9.07313058109	9950.684	58.5149569256	9514.16	72.0314645636	10491.21	42.6003892758
4.372	9.58553468186	9956.543	44.1316642327	9470.215	67.8086944803	10464.84	44.001109113
4.373	10.807189352	9996.094	58.8877456837	9499.512	50.6019129193	10453.12	114.613332145
4.374	9.2614076643	10021.0	41.2003317075	9496.582	70.5884476488	10521.97	65.5128665727
4.375	10.0619846373	9950.684	30.6646851849	9487.793	57.2953584938	10549.8	72.0390230557
4.376	8.37387558447	9990.234	40.6621043442	9451.172	78.2806664017	10511.72	56.3868247486
4.377	9.72856642882	9958.008	43.4340692928	9500.977	45.309864582	10542.48	58.7708367844
4.378	10.2246196768	9950.684	107.248353855	9500.977	83.423908083	10450.2	114.139162596
4.379	9.24511590402	10041.5	32.3251037225	9451.172	59.3923616166	10549.8	63.8674759264
4.38	10.253512951	9950.684	37.017283138	9451.172	141.866852628	10494.14	71.7966780366
4.381	10.2734590191	9979.98	71.5528124921	9451.172	90.8115589769	10451.66	61.5047863209
4.382	10.0481073842	9960.938	70.2293372132	9452.637	81.267761257	10466.31	54.6265430162
4.383	11.064971683	9958.008	40.7141497133	9471.68	53.0361471108	10486.82	92.1484503326
4.384	10.3201964761	10041.5	45.830303512	9451.172	81.7787300901	10482.42	101.293941595
4.385	10.348588517	9952.148	58.6690469354	9500.977	58.1420110853	10469.24	73.1481726609
4.386	9.86450336964	9996.094	47.2608978156	9527.344	65.7076557564	10530.76	79.0775983367
4.387	10.032482382	10023.93	39.5580155291	9464.355	74.5393517575	10514.65	50.8663342909
4.388	8.29946700877	9987.305	40.7497543584	9452.637	91.0654238432	10479.49	87.3972712596
4.389	9.58928241876	10025.39	60.4032059298	9492.188	63.1730388171	10451.66	56.3215109461
4.39	10.0103802265	10044.43	47.0765196698	9451.172	149.145039526	10466.31	98.1220259469
4.391	10.9405529638	9974.121	44.0098176045	9480.469	44.9756702138	10507.32	86.1699906337
4.392	9.01610025547	9952.148	97.6259432346	9467.285	122.783583524	10485.35	53.1403063852
4.393	10.3197595681	9952.148	68.9092449974	9467.285	65.4639320129	10517.58	97.6404059623
4.394	9.07670226363	10025.39	69.409405385	9520.02	57.8770110867	10450.2	87.0688017055
4.395	10.4319589259	10047.36	64.2854440633	9544.922	89.3291532142	10464.84	79.4720353147
4.396	9.66935009682	9982.91	44.5019707587	9451.172	81.9660417816	10543.95	104.477839277
4.397	10.3583089916	9965.332	46.4606958978	9495.117	41.8113269114	10456.05	58.4855440966
4.398	9.19439262454	9955.078	58.8321201804	9471.68	66.1713933867	10498.54	85.9711700737
4.399	11.5113346925	10013.67	60.9085966491	9506.836	53.6860268102	10527.83	68.6271793643
4.4	9.32322168589	10001.95	33.2620831604	9541.992	107.951562621	10479.49	46.8175851923
4.401	9.23424314076	9958.008	65.5042739501	9454.102	67.4108467952	10526.37	60.7784085876
4.402	11.0776088777	9985.84	55.6500542114	9454.102	73.0995397067	10486.82	62.3785768915
4.403	11.1233201174	9982.91	57.8847629613	9524.414	44.54419235	10482.42	84.7246835708
4.404	10.1063470037	10003.42	49.2149904659	9481.934	68.4865799647	10483.89	59.9391115846
4.405	9.97802989223	9953.613	84.8824181315	9503.906	73.7422140431	10475.1	58.4830311834
4.406	9.59232907328	10016.6	39.3238352088	9452.637	54.3868841265	10542.48	43.1314698072
4.407	10.7102805991	9971.191	42.0684835948	9470.215	41.3181616654	10541.02	62.0945681281
4.408	10.1694350859	9952.148	74.7652722839	9473.145	62.4283219221	10472.17	54.9330404278
4.409	8.66632487459	10000.49	34.3090987477	9530.273	65.5591903666	10516.11	48.3981562142
4.41	10.153986285	9955.078	54.0916786087	9522.949	62.8496927324	10485.35	94.5503149342
4.411	10.0461858682	9960.938	36.5648642986	9534.668	88.8627981257	10489.75	55.4900874819
4.412	9.73679628526	9982.91	61.2152525043	9451.172	84.1635594693	10457.52	55.0375652992
4.413	10.6201828795	10028.32	44.24313522	9465.82	41.4756252252	10527.83	127.278165146
4.414	10.0112044299	9968.262	53.0800402707	9451.172	64.6492206421	10463.38	52.9332009804
4.415	9.28652867652	9956.543	45.0783653032	9540.527	61.576238774	10548.34	56.7610288188
4.416	9.58894922293	9985.84	44.7873426793	9514.16	40.0426557659	10460.45	42.5976657183
4.417	9.77058335156	9962.402	51.0324699404	9464.355	77.0351931412	10472.17	86.8686044963
4.418	9.45322238724	10010.74	58.5380325991	9451.172	74.308146508	10478.03	44.8004687543
4.419	10.0033732002	10016.6	48.1344873486	9528.809	58.8510530948	10489.75	50.7806573752
4.42	9.44772323341	10006.35	33.6796893327	9537.598	70.3704551298	10473.63	39.1179076495
4.421	11.0732535925	9962.402	57.386943506	9508.301	55.431139902	10526.37	35.0028609067
4.422	11.5057834298	10003.42	52.7329104633	9539.062	60.8976426985	10536.62	58.119536262
4.423	9.1708129592	10004.88	45.1927669002	9490.723	126.482218031	10520.51	101.141098789
4.424	10.0595062796	9960.938	54.6932374421	9468.75	58.3591481389	10460.45	65.6402606399
4.425	11.0198208535	9963.867	71.0593546427	9467.285	93.7955313696	10456.05	111.267492245
4.426	11.2718849192	9959.473	59.0000320905	9520.02	124.162065382	10464.84	65.1352958927
4.427	10.3554760471	10029.79	30.9069099889	9454.102	107.130852798	10479.49	69.4959604763
4.428	9.75844155381	9953.613	93.6202775159	9454.102	89.7712175007	10526.37	81.7763478039
4.429	9.81520158105	10016.6	38.0153826589	9454.102	78.4706254467	10476.56	40.6384546274
4.43	9.69161235987	9999.023	54.055284173	9486.328	106.342559592	10457.52	53.1538822341
4.431	8.78501879788	10035.64	34.2305006952	9508.301	92.9344338003	10527.83	81.1143708847
4.432	8.94258899536	9953.613	67.7225754839	9454.102	70.5930761773	10538.09	54.1224620835
4.433	10.6585984869	9974.121	97.0347057062	9503.906	55.5526490938	10498.54	83.5946727175
4.434	10.4658686387	9953.613	65.8320028435	9517.09	75.8654317827	10548.34	41.5797653257
4.435	10.84098032	9953.613	73.7239788286	9540.527	74.8043326445	10495.61	101.431161295
4.436	8.80992538102	9952.148	63.285933044	9477.539	80.3240270497	10464.84	38.1059585567
4.437	10.4594913222	9971.191	55.6308366945	9457.031	53.3704891679	10519.04	79.2772962052
4.438	11.3160850707	9952.148	95.0403702967	9514.16	83.0268882337	10460.45	56.9693086911
4.439	9.61289094088	9952.148	46.7295972857	9547.852	71.2802709994	10475.1	98.2809948098
4.44	10.7645170999	9978.516	35.817938153	9452.637	84.2616243119	10480.96	43.6425112351
4.441	10.0816697948	10025.39	30.7356801881	9452.637	72.8681017239	10467.77	80.5640042265
4.442	11.0441980387	9981.445	44.7760710015	9481.934	69.7243418198	10502.93	70.9571054565
4.443	9.95862868698	10022.46	71.3685044608	9539.062	68.2386482195	10480.96	61.6300117773
4.444	9.69253961244	9953.613	82.6526453154	9522.949	72.7958913211	10453.12	108.384342146
4.445	10.018495612	9953.613	66.9469171808	9457.031	71.958524883	10453.12	39.2764905807
4.446	10.5270100487	9971.191	46.4670645829	9489.258	61.5310108793	10460.45	68.5212148526
4.447	9.00720405803	9996.094	67.1973407932	9452.637	99.0182281884	10478.03	73.3908399318
4.448	9.9730774422	9959.473	55.280738289	9452.637	106.879215944	10458.98	61.598270683
4.449	10.1167623523	9950.684	43.4605741097	9473.145	81.1491106923	10476.56	55.1145580497
4.45	9.11402907169	9965.332	68.743043564	9520.02	61.167892749	10453.12	108.289920592
4.451	10.2774373365	9952.148	57.2717874383	9477.539	52.1003790644	10472.17	64.9555864537
4.452	8.18544243279	10021.0	50.5937338174	9543.457	47.4700265081	10504.39	70.5676861047
4.453	10.1992220706	10031.25	40.9691079975	9521.484	46.0779930753	10458.98	44.0089669854
4.454	9.98916992997	9952.148	72.362966513	9452.637	96.1078891803	10546.88	60.5252666635
4.455	9.23838421775	9952.148	45.5075488031	9502.441	43.435473728	10501.46	63.9806035192
4.456	10.8830656354	10013.67	44.3402811195	9518.555	100.60578925	10505.86	64.6797827712
4.457	10.8037930517	9966.797	39.0318642905	9536.133	83.5593601365	10524.9	42.7172193268
4.458	10.5440804108	9952.148	84.5294484658	9464.355	63.1383336546	10453.12	64.6503721573
4.459	10.0408593443	9952.148	56.3430731701	9512.695	45.5005590087	10501.46	107.733100918
4.46	10.1838622738	9952.148	80.0327955874	9462.891	79.2279920301	10533.69	56.938119175
4.461	9.60136518263	9996.094	47.4061079962	9451.172	117.957003193	10492.68	101.368983362
4.462	9.26750528229	10021.0	59.8263812779	9451.172	128.344125998	10451.66	66.7496518781
4.463	9.87606194956	9984.375	45.9740879366	9506.836	78.6489786599	10500.0	72.7954247991
4.464	10.4468249851	9975.586	61.0496561593	9511.23	44.7005852174	10450.2	67.736794052
4.465	10.0171454495	10022.46	36.5086308749	9509.766	41.3502164736	10450.2	70.1871569499
4.466	9.87040366097	9950.684	83.5386110957	9498.047	65.0770355638	10549.8	66.1818815173
4.467	11.1308241149	10001.95	58.3499659949	9499.512	102.054280048	10516.11	87.1141429956
4.468	8.5419009023	9950.684	49.5197622778	9495.117	80.6282085474	10546.88	50.9466489753
4.469	9.04951848248	9950.684	60.7405236578	9492.188	72.6889844004	10538.09	47.8647761821
4.47	10.5002204276	10026.86	53.1325151107	9451.172	113.95719832	10488.28	51.0463555559
4.471	9.60905580481	9985.84	41.2717248856	9489.258	74.6142670628	10548.34	69.3271261835
4.472	9.30788208375	10032.71	31.9310126343	9470.215	75.1039951743	10453.12	88.0390160554
4.473	9.14652015281	9966.797	60.9197406298	9452.637	73.3645616074	10489.75	53.1679585616
4.474	9.70874600959	10010.74	36.0799886793	9484.863	59.1597601545	10467.77	47.6330577918
4.475	10.5552145541	10010.74	66.5121858645	9452.637	81.9215750827	10508.79	106.50973907
4.476	9.71136689054	9972.656	96.933750686	9539.062	59.4299256039	10458.98	74.7425686857
4.477	9.56413504466	9994.629	58.9019140078	9549.316	56.1934689168	10520.51	52.7812087524
4.478	9.43161849108	9952.148	55.8108028289	9484.863	69.9780779614	10451.66	121.843598122
4.479	9.8723480831	9985.84	67.9514769762	9511.23	84.1384735401	10460.45	60.8435794658
4.48	9.51186020942	9984.375	44.9809318644	9508.301	63.21171292	10527.83	65.9044129803
4.481	9.24559811983	9950.684	61.0805233746	9451.172	51.8773092666	10549.8	44.3547834726
4.482	9.81884938373	10012.21	42.734510952	9502.441	53.6120542226	10549.8	49.5300705123
4.483	9.88285515718	10038.57	32.6087946836	9465.82	57.1434332829	10450.2	89.3625278796
4.484	10.4266605998	9969.727	64.9269155286	9533.203	78.8676471287	10549.8	32.5463174109
4.485	10.091364862	10048.83	57.4406894315	9546.387	60.9984503009	10545.41	62.849483415
4.486	10.0195568658	10048.83	37.641345496	9473.145	127.871363586	10504.39	65.4849210506
4.487	10.4341393308	9958.008	60.3591896431	9498.047	67.7906108124	10469.24	61.7289930875
4.488	9.68111904291	10048.83	179.255833445	9458.496	80.289462121	10507.32	61.1324017903
4.489	8.8919687308	10048.83	38.4442356098	9476.074	36.4264102697	10479.49	62.4659949671
4.49	10.0165211557	9991.699	36.5586372144	9477.539	40.5510708334	10467.77	53.2543372972
4.491	9.39219769509	9994.629	54.1134889727	9452.637	57.0175660422	10483.89	66.3204397814
4.492	9.94796338082	10025.39	69.46648002	9534.668	84.9376979107	10548.34	132.188087295
4.493	10.3093561219	9950.684	58.9469336221	9468.75	53.3030466848	10469.24	49.8479306706
4.494	10.5350274442	9974.121	34.8850008983	9462.891	59.1299226459	10507.32	76.8630780998
4.495	10.2067954102	9950.684	33.8908064603	9486.328	53.7606801174	10532.23	43.9763128893
4.496	9.54452618051	10040.04	46.1984169522	9527.344	59.8271999685	10466.31	75.187430884
4.497	10.8084558064	9963.867	46.4801152787	9541.992	107.763021357	10549.8	138.437166089
4.498	10.4600593857	10022.46	44.6754812916	9512.695	61.1296766784	10450.2	99.1661843911
4.499	11.9317705331	9965.332	44.0406789253	9536.133	51.068281106	10549.8	75.1785879826
4.5	10.4191388213	10031.25	52.461353808	9530.273	53.4462363336	10482.42	71.6456688585
4.501	9.5254482871	10015.14	31.2734776808	9520.02	98.5194754482	10549.8	98.273897401
4.502	11.1377921089	10006.35	33.4455543925	9480.469	82.6052324967	10450.2	75.4400182483
4.503	10.2697092941	9985.84	33.6591296671	9549.316	59.5723045502	10543.95	53.6089309831
4.504	9.7140030655	10022.46	43.2406354675	9511.23	51.7798022543	10526.37	160.956986633
4.505	11.310080054	10026.86	57.6235201845	9549.316	122.76192176	10472.17	55.284635652
4.506	10.4522198934	10048.83	81.765434957	9549.316	44.1964214318	10476.56	64.1372562721
4.507	10.0544209965	10044.43	66.2105382857	9530.273	58.518099641	10526.37	63.9780448151
4.508	10.1651495954	9996.094	45.5676498265	9549.316	63.7224375526	10549.8	55.5812593951
4.509	9.44267294337	9952.148	42.4011137711	9524.414	66.1745350855	10489.75	80.2071943626
4.51	11.5680336761	10045.9	37.6135971946	9486.328	75.0616260141	10453.12	51.0704437618
4.511	9.51350930353	9952.148	78.8353013959	9484.863	43.5204880353	10511.72	77.3314201841
4.512	10.62703645	10028.32	55.5362324137	9486.328	31.1684769052	10535.16	52.5670950453
4.513	9.42034749792	9953.613	34.3978096711	9539.062	68.276247442	10502.93	58.1715865161
4.514	10.5679344916	9953.613	52.3172166663	9454.102	35.5931370253	10526.37	126.568712107
4.515	10.6405183197	9997.559	97.4191495901	9537.598	70.0723822583	10486.82	85.3005032023
4.516	9.11521223886	9955.078	38.1729704261	9487.793	65.8426692611	10478.03	68.276724821
4.517	8.55451179083	9979.98	67.0035687315	9454.102	70.272836961	10510.25	74.7322123515
4.518	9.37519380135	10047.36	57.8057856284	9454.102	64.2510501702	10514.65	55.1723120976
4.519	9.95572546272	10013.67	42.6963176254	9533.203	46.0606864618	10467.77	75.5964676064
4.52	9.17211007521	10000.49	37.8710619771	9533.203	50.7781751284	10473.63	71.5412881377
4.521	9.47716974167	10023.93	65.7115411365	9546.387	78.173578367	10527.83	84.3804412464
4.522	8.42825610234	9953.613	92.9850128589	9454.102	170.681132706	10538.09	54.0172174068
4.523	10.1215697784	10016.6	53.1872182489	9454.102	75.4021669169	10520.51	83.003623105
4.524	10.42258301	9962.402	39.3026060557	9480.469	45.4554920926	10526.37	61.2885833371
4.525	8.68346630368	9953.613	65.8399538134	9452.637	64.1959889646	10469.24	69.9817084572
4.526	9.08947932037	9982.91	33.1189728588	9540.527	63.5262690323	10516.11	69.6227647928
4.527	9.99049129982	9988.77	45.8959833616	9508.301	69.7363519838	10470.7	69.8648562224
4.528	12.5859247005	10031.25	44.6696137073	9452.637	59.9371676784	10521.97	54.309546283
4.529	10.103067272	10023.93	24.9243234892	9452.637	80.2170640517	10450.2	75.809399861
4.53	9.27072470711	10009.28	52.2054173772	9459.961	73.1764857728	10486.82	67.7085775997
4.531	10.2529590816	10032.71	46.7442467076	9483.398	85.4505083228	10519.04	53.2681871379
4.532	10.7348455511	9974.121	53.6357603985	9486.328	40.4196604323	10483.89	60.824724771
4.533	11.3469786997	9977.051	54.7506363633	9502.441	91.5503297034	10475.1	72.6844412843
4.534	12.4466026575	10035.64	94.6556466884	9500.977	48.9806269092	10548.34	86.2304993086
4.535	10.4532120702	10047.36	48.1038774888	9493.652	64.1201860259	10521.97	62.9515054014
4.536	10.8215238383	10023.93	56.1892260078	9454.102	78.8553609382	10513.18	77.605321721
4.537	10.0005592636	9988.77	50.6582114942	9452.637	78.9594685299	10494.14	65.1413851082
4.538	8.7641000933	9994.629	99.6449812878	9452.637	78.8667719912	10458.98	53.0664427109
4.539	9.5128658342	10044.43	32.3155960821	9479.004	36.3734971907	10453.12	109.260415254
4.54	10.28874637	9988.77	28.0880098499	9452.637	101.426952219	10450.2	54.6371644768
4.541	8.74961806632	10003.42	28.5919585635	9452.637	114.481667673	10453.12	57.734601645
4.542	8.89163928061	9971.191	39.3232885193	9459.961	72.7546106176	10453.12	94.8574412997
4.543	9.25093602886	9965.332	48.5492700653	9533.203	114.777152443	10530.76	62.6430059268
4.544	8.65939654868	10048.83	42.9283027791	9454.102	94.4027293163	10454.59	99.8235500766
4.545	10.966937853	10001.95	36.3534261417	9467.285	69.3796750398	10498.54	50.7113863714
4.546	9.34900358244	9955.078	59.0051118997	9454.102	84.8060110378	10524.9	88.4671831029
4.547	9.66457214409	10044.43	31.744124731	9454.102	130.00028408	10458.98	49.271534872
4.548	9.86128813517	10042.97	50.5692527243	9476.074	49.6113458331	10542.48	40.3175435694
4.549	10.4239419116	9996.094	49.5526995281	9522.949	67.6059381409	10453.12	81.676295099
4.55	10.0206947818	9953.613	33.1680223196	9549.316	38.0269608077	10450.2	60.835378335
4.551	8.29375724525	9981.445	43.7814492564	9524.414	73.5282770899	10488.28	57.4835624476
4.552	9.40849729466	9969.727	66.0467223056	9537.598	80.8000242228	10538.09	95.032758124
4.553	9.36666658389	9982.91	38.3239046413	9452.637	60.7361172529	10466.31	47.5239313736
4.554	9.83416125504	9972.656	36.7650526456	9476.074	60.4136750234	10461.91	52.5367588768
4.555	8.43969441852	9952.148	55.2797218879	9527.344	47.738875972	10451.66	91.9631623448
4.556	8.89486348105	10037.11	47.1261712102	9452.637	92.1163440163	10500.0	74.1643000378
4.557	10.0326108006	10012.21	39.5420471637	9454.102	50.1401873791	10451.66	94.6421291041
4.558	9.35660042666	10045.9	38.8510555948	9451.172	123.669840395	10549.8	51.3320303352
4.559	10.2979010859	9952.148	72.9374892577	9474.609	69.3207945454	10541.02	85.7907740272
4.56	9.3853521495	9952.148	56.3353783318	9518.555	47.8533869329	10451.66	61.214324759
4.561	9.41276445089	10023.93	35.9605833847	9500.977	55.3514981407	10460.45	73.0211463175
4.562	9.86423575061	9952.148	72.4358417493	9452.637	74.0984700338	10543.95	54.5148317589
4.563	8.04895180732	9955.078	64.3646688107	9518.555	48.8637414202	10464.84	45.4562543837
4.564	10.1914986723	9993.164	49.6821800415	9534.668	52.3115074397	10548.34	69.9594841079
4.565	9.34379359451	9950.684	53.1088821701	9451.172	74.1333703261	10450.2	61.3125558214
4.566	9.80025784006	9952.148	84.9356339404	9522.949	63.7651948648	10491.21	39.3992084956
4.567	8.80990084692	9959.473	40.4289830414	9451.172	73.9829730627	10513.18	97.6627910095
4.568	9.8049876881	9977.051	38.0215208297	9458.496	68.8593151449	10453.12	61.2724337632
4.569	8.9153954324	9952.148	40.1457610831	9451.172	74.2931358544	10545.41	47.9379442731
4.57	9.11749352097	9959.473	45.512873748	9451.172	63.4492511253	10470.7	63.8087236686
4.571	8.78834038	9996.094	54.0550895734	9495.117	45.9043465373	10501.46	59.7481439532
4.572	8.6433464763	9988.77	58.6603002273	9468.75	79.6744747623	10546.88	90.3423002801
4.573	9.457831186	10026.86	41.6378889032	9531.738	33.5143720038	10548.34	85.384995784
4.574	9.04224850653	9991.699	51.8683036344	9536.133	61.9157402768	10466.31	51.5541330152
4.575	8.25534038242	9950.684	60.9686895169	9499.512	75.6012586265	10523.44	36.417498639
4.576	10.1453358003	9979.98	55.695402815	9464.355	37.9670560586	10450.2	67.6399553125
4.577	9.12609382028	10018.07	49.5339129712	9503.906	47.4784481019	10492.68	55.5876080274
4.578	8.98851425076	10048.83	40.3136370219	9496.582	101.939555506	10460.45	61.2890186899
4.579	9.41296459764	10044.43	35.2632185289	9462.891	33.8817800806	10478.03	82.5383275983
4.58	9.35068075529	10031.25	41.0317755422	9452.637	76.4073281048	10510.25	57.3540227442
4.581	9.52593701195	9993.164	58.4745017501	9493.652	55.0888767874	10514.65	83.7921105892
4.582	10.8719385238	9960.938	52.4901195945	9486.328	47.6065549691	10451.66	63.3409951142
4.583	10.0415363325	10016.6	38.8207887286	9461.426	50.5576650736	10501.46	70.7187062998
4.584	9.30795052785	9981.445	44.462478293	9451.172	75.5611425298	10542.48	81.1624682542
4.585	10.0398299476	10009.28	69.8469842231	9480.469	78.3025315244	10450.2	82.2536792533
4.586	10.2164498593	9950.684	80.1195178035	9451.172	46.6793911129	10521.97	82.095586714
4.587	10.6240916811	9956.543	38.6484156017	9483.398	53.1105303116	10549.8	62.328347426
4.588	9.77733510915	10018.07	85.6985435684	9536.133	66.8757327006	10529.3	37.4358970414
4.589	9.18498318185	9950.684	72.8014739482	9509.766	45.1189100623	10504.39	96.1524091772
4.59	9.47145435401	9965.332	34.9348663893	9549.316	47.5160055503	10549.8	74.9101285633
4.591	9.18402725148	9984.375	67.9739422026	9499.512	81.4656194542	10549.8	55.0345207028
4.592	9.43380953896	9958.008	53.7959266301	9508.301	52.7568679556	10504.39	65.8877671063
4.593	9.99871809671	10018.07	55.6651959827	9506.836	94.6447851357	10549.8	91.8416958327
4.594	8.56222096777	10048.83	58.6549477208	9462.891	63.6260569557	10516.11	55.8293674806
4.595	9.10437471752	9969.727	35.5151402193	9546.387	40.1538862346	10464.84	41.954726138
4.596	9.31688318589	10048.83	79.2317353181	9549.316	107.077501169	10514.65	98.2590202752
4.597	10.1526686589	9981.445	57.8480913585	9462.891	44.4780358675	10463.38	83.8072517038
4.598	9.32420426543	10048.83	97.5286622671	9502.441	54.2455277028	10539.55	63.2432086943
4.599	9.18729145143	9985.84	60.5922454529	9549.316	44.3469131624	10450.2	58.10908606
4.6	9.48462503647	10018.07	27.8058226598	9549.316	64.8626071621	10516.11	67.2516149552
4.601	9.86152337151	10023.93	47.1426924736	9521.484	80.66406559	10483.89	67.6640766185
4.602	9.53171427759	9991.699	43.4421474747	9549.316	38.6278495127	10495.61	48.7720779785
4.603	9.64623718897	10048.83	78.9509784481	9467.285	55.1882348756	10450.2	124.080517241
4.604	9.99863373248	10026.86	44.0142781837	9522.949	48.6949191504	10507.32	66.4843423309
4.605	10.1358736638	10048.83	60.8577271171	9455.566	75.7508064514	10538.09	60.8824062166
4.606	8.8463117912	10048.83	38.2008712564	9533.203	39.1765875831	10513.18	87.6304240315
4.607	8.55678964388	9977.051	36.1932426055	9549.316	81.4097003436	10456.05	44.0249332661
4.608	9.79167767302	10045.9	52.9541556061	9492.188	103.373059141	10491.21	66.9324697242
4.609	10.2590672472	10022.46	43.8605439178	9547.852	56.1082683588	10489.75	55.4795841197
4.61	11.6619121679	10009.28	44.3498598018	9502.441	49.4013188518	10480.96	67.8259214417
4.611	10.2839505417	10042.97	36.103328687	9537.598	60.8495351491	10524.9	46.3474071653
4.612	10.46034587	10047.36	51.8322564933	9546.387	143.873948042	10548.34	69.7298580418
4.613	9.68759676966	10047.36	65.9195881134	9546.387	55.5227447239	10463.38	75.8791825658
4.614	9.81783162583	10023.93	54.3590123053	9517.09	71.7442374221	10514.65	92.1205995453
4.615	9.97119568654	9950.684	38.8626086743	9503.906	52.8873368483	10507.32	45.3286390804
4.616	10.6893347323	10045.9	61.8136517179	9487.793	79.9784027645	10480.96	66.9127545008
4.617	10.5292161603	10007.81	44.0095293975	9487.793	66.108373342	10464.84	46.9856867735
4.618	9.52908469046	10019.53	35.2881427129	9506.836	65.1398751353	10494.14	69.0501566454
4.619	9.79036034718	9990.234	60.8595335349	9546.387	50.31695702	10532.23	56.4836660997
4.62	9.96843502703	9975.586	29.2952247221	9521.484	108.315395873	10545.41	53.2806034387
4.621	9.54773990765	9979.98	33.9908488414	9498.047	65.1779499984	10516.11	34.8822777032
4.622	11.7281923291	10047.36	77.7913192672	9518.555	55.5010298005	10502.93	67.6827339063
4.623	9.91934013359	9996.094	40.2857926052	9515.625	82.5939405919	10473.63	60.3581484736
4.624	9.17058114975	9985.84	58.0861922587	9515.625	52.141160306	10451.66	52.3924875282
4.625	9.76763041882	10048.83	87.9998588221	9547.852	90.943059282	10548.34	151.087212479
4.626	10.4457498762	10003.42	37.5614019193	9487.793	85.5920034382	10495.61	50.1989785173
4.627	9.81331131035	10015.14	52.4601561022	9500.977	120.03979872	10549.8	87.1397272724
4.628	9.76466996501	10045.9	38.4819433032	9549.316	95.6506559599	10549.8	89.1387228173
4.629	10.5715641339	9965.332	48.2830354861	9549.316	99.2610248581	10549.8	78.3220324607
4.63	10.0248475969	9982.91	31.2502806346	9537.598	64.1244849576	10532.23	73.8696613701
4.631	10.456961233	10041.5	38.3815625657	9503.906	96.2225867163	10456.05	36.5292228737
4.632	9.54913804889	9963.867	36.6970085413	9549.316	66.0677595246	10548.34	97.8255106717
4.633	10.7419328183	10048.83	42.7134949556	9549.316	75.4333000341	10538.09	41.8845133663
4.634	9.29498317678	9987.305	46.0856141161	9527.344	81.5815781818	10470.7	59.7834801203
4.635	10.7792865643	10048.83	34.1749645213	9544.922	87.4395075766	10542.48	72.7143412067
4.636	11.4695296798	10040.04	91.7846589045	9544.922	72.7491963963	10451.66	75.2943711583
4.637	11.2548098817	10042.97	52.4823617736	9546.387	73.9798782584	10546.88	179.303815739
4.638	10.1924287328	10022.46	32.8788907447	9522.949	87.1682615055	10546.88	92.5008659928
4.639	8.93662862139	9968.262	44.849899336	9496.582	70.1742225658	10546.88	106.779415267
4.64	9.5278088033	9968.262	25.9572986927	9546.387	102.10430667	10470.7	94.1412570247
4.641	10.3241511505	10040.04	49.2023638111	9498.047	61.4214279145	10546.88	156.431422917
4.642	9.7456571436	10047.36	39.8247551547	9546.387	54.2321201099	10502.93	56.1417116259
4.643	9.02809556898	9966.797	57.2485193485	9547.852	96.9384007748	10546.88	69.0804750441
4.644	10.5038378354	9999.023	40.9230217298	9520.02	58.0318954091	10461.91	68.5679488045
4.645	10.1595440035	10048.83	47.4956686771	9465.82	87.9940718733	10467.77	31.4890946228
4.646	9.6335739658	10010.74	35.1244436134	9549.316	39.1088921282	10489.75	65.4354870423
4.647	9.40209774889	9956.543	27.3739587565	9465.82	42.8356515438	10450.2	79.7309857078
4.648	9.66790005262	10029.79	47.1194212005	9544.922	27.4649505808	10450.2	190.709612962
4.649	8.90449220537	10013.67	50.4055924659	9541.992	63.172403674	10450.2	127.318696268
4.65	11.1356885961	9958.008	44.4013953135	9480.469	43.1585316086	10529.3	83.5839398213
4.651	9.41984140292	9950.684	93.1301174752	9487.793	65.743188904	10450.2	149.834994519
4.652	9.71767827978	10012.21	38.4836761472	9474.609	55.4220980736	10541.02	49.2644764397
4.653	9.6304134925	10012.21	35.0277335853	9527.344	49.5157140823	10543.95	49.3674655504
4.654	9.65696209269	9977.051	44.6434676794	9549.316	66.4251462767	10482.42	76.1116531733
4.655	10.0844872784	10016.6	22.6351597766	9549.316	59.5289231041	10454.59	32.7086077828
4.656	9.23299356962	10034.18	40.4179826909	9549.316	31.8274034554	10549.8	45.6222858159
4.657	8.93179087324	10048.83	69.9360249981	9499.512	49.8303813829	10513.18	70.3087599995
4.658	10.241004662	10004.88	46.1868645908	9490.723	81.8644618937	10521.97	41.4968034927
4.659	9.96142868048	9988.77	33.6903729819	9467.285	67.0245905077	10476.56	59.4523371955
4.66	7.97635372392	9979.98	39.5763210691	9549.316	55.898899717	10549.8	131.81578643
4.661	9.40917879761	9963.867	39.8359542843	9539.062	59.553757479	10533.69	47.9776707619
4.662	9.47430170338	9950.684	58.7942216917	9536.133	59.1570903017	10549.8	66.2360035256
4.663	9.53451409866	9978.516	37.0662219168	9467.285	55.1649770253	10549.8	44.1017311088
4.664	9.73196843005	10041.5	58.8549072561	9528.809	65.5165216818	10541.02	76.3935858919
4.665	9.95649683227	10025.39	62.5556174233	9481.934	77.2064447706	10461.91	74.6877091857
4.666	10.2321855558	9950.684	73.1285984785	9539.062	83.8377436725	10469.24	36.8991706071
4.667	9.36265298133	10037.11	51.9015311443	9479.004	45.4828190018	10530.76	83.7147432368
4.668	9.16845500874	10026.86	42.6373048725	9451.172	62.3213666626	10451.66	94.5945636076
4.669	9.3651909142	9984.375	52.5144489183	9467.285	59.2654307779	10469.24	48.1644756865
4.67	9.71616884948	10019.53	55.5229639823	9486.328	54.3463954081	10466.31	109.743921208
4.671	9.57043560478	9950.684	32.2588057393	9451.172	77.1151042363	10460.45	75.0737299742
4.672	10.5957868396	10018.07	49.3046897404	9522.949	78.5307498807	10494.14	108.282072396
4.673	9.29610062022	9985.84	44.7023734539	9473.145	60.7615333197	10451.66	119.42361139
4.674	10.2393247653	10010.74	51.9972580482	9496.582	51.9832685605	10504.39	93.4243347967
4.675	9.75282923714	9999.023	83.5023827865	9493.652	58.5561179109	10501.46	73.7758184997
4.676	9.49491479768	9963.867	44.8593805974	9509.766	67.3100983454	10494.14	64.5280469612
4.677	10.2940707878	9996.094	57.2522375514	9549.316	75.1045929328	10535.16	58.091721354
4.678	9.31423809434	10009.28	46.5933968341	9496.582	54.8014028764	10538.09	57.8914811873
4.679	9.15442004628	9963.867	44.7584394473	9537.598	79.545320164	10467.77	57.8836608703
4.68	9.03829651589	10048.83	46.7308613499	9544.922	53.0938866871	10543.95	71.720951078
4.681	9.5700987867	10003.42	45.424572268	9499.512	44.7948769374	10458.98	74.345582268
4.682	10.4941657722	10048.83	67.0174789998	9477.539	58.1974469489	10549.8	132.204397528
4.683	10.4996884417	10000.49	35.0971668118	9471.68	50.8078792708	10549.8	159.71924603
4.684	10.1447485977	9985.84	27.7830779774	9549.316	68.3663572332	10510.25	44.4354076625
4.685	9.90053263921	10003.42	59.871234133	9522.949	50.7073169777	10549.8	49.5748565995
4.686	11.8749756478	10025.39	40.2350521859	9549.316	41.9579972008	10549.8	91.9963022476
4.687	9.90346895894	10013.67	70.5795444618	9476.074	95.4198284458	10549.8	45.4194867521
4.688	10.5047664453	9950.684	45.4545685941	9521.484	44.6392600811	10486.82	67.2638715359
4.689	9.11688024892	10037.11	69.1909229545	9505.371	82.6964433646	10486.82	51.9994590911
4.69	12.3809612271	9962.402	52.0451524048	9500.977	90.2884090865	10542.48	63.9765797464
4.691	10.8372388522	9950.684	55.2371557216	9539.062	77.4228199006	10451.66	117.959565908
4.692	11.0721917041	10012.21	36.2069454262	9543.457	69.657347735	10510.25	85.9145395428
4.693	10.017350612	9952.148	81.8431630585	9484.863	59.6997151084	10451.66	125.109719034
4.694	10.0152574439	10007.81	32.8110669211	9452.637	69.7864424589	10451.66	76.3693395503
4.695	9.09002419525	10023.93	43.6863505731	9534.668	55.6081042429	10545.41	49.8964552182
4.696	10.3193760254	9950.684	63.4952763851	9479.004	93.6276442318	10502.93	71.4562912148
4.697	9.02334549588	9990.234	49.5208242125	9508.301	57.1840810245	10502.93	109.753116798
4.698	9.46373554784	10018.07	49.3930390635	9451.172	64.0830997699	10450.2	80.974147956
4.699	9.62518204769	9999.023	37.1480506711	9489.258	90.4676517055	10450.2	118.284953027
4.7	10.1907390919	9991.699	46.961346638	9543.457	47.380817748	10514.65	125.532687119
4.701	10.8408883464	9990.234	65.527598703	9499.512	71.7424972267	10482.42	84.268184873
4.702	8.9759000866	10048.83	65.6143149417	9496.582	86.6944689165	10497.07	44.3675771469
4.703	9.74111843774	10048.83	50.5916197956	9451.172	46.1724476819	10541.02	43.3098164874
4.704	10.2281201063	10048.83	52.3953565873	9496.582	63.780928406	10529.3	76.3783413139
4.705	10.3713750542	9988.77	53.3645269664	9549.316	75.314979537	10504.39	49.5870739587
4.706	11.3949475726	9981.445	35.34135349	9487.793	54.6812872442	10527.83	44.394087751
4.707	10.7011737736	9950.684	63.9322769356	9512.695	77.775143496	10536.62	54.9628733337
4.708	9.35866714599	9999.023	45.9313173663	9481.934	58.9373544036	10450.2	134.462846556
4.709	9.66443528289	9950.684	51.0809952168	9492.188	48.2801772817	10451.66	79.7670895109
4.71	10.2615213876	10004.88	44.6377020074	9506.836	72.2951667453	10473.63	72.8107755444
