


# Increased the power with 3dB
5.0	55.1743640211	9996.094	342.473252649	9543.457	293.356738327	10546.88	414.304149295
5.001	47.8268744961	9994.629	501.258516285	9534.668	280.387933057	10502.93	292.559868362
5.002	44.6801967044	9963.867	283.137263819	9495.117	325.652791252	10489.75	378.383491909
5.003	40.675946623	9999.023	338.61064039	9476.074	241.389701562	10535.16	356.8185642
5.004	40.6012475333	9997.559	212.911434617	9502.441	293.718215508	10472.17	202.637942638
5.005	39.7483703503	9997.559	389.48749865	9452.637	217.941830961	10546.88	261.929387843
5.006	33.8578365507	9996.094	256.182328772	9474.609	192.396889484	10472.17	189.109337463
5.007	23.8486798012	9994.629	354.323289436	9500.977	160.033609855	10502.93	161.648812143
5.008	20.3296309938	10000.49	282.487212257	9489.258	80.9776686235	10546.88	158.646471706
5.009	20.3796857428	9999.023	461.853115453	9534.668	129.139654456	10533.69	121.527226309
5.01	14.4941057199	9997.559	338.739436434	9515.625	60.6125601222	10541.02	123.60922591
5.011	16.0909109715	9997.559	435.828391026	9493.652	90.7631572638	10457.52	75.4589790558
5.012	15.3012352471	9996.094	224.016538612	9459.961	96.2869196964	10511.72	122.1440352
5.013	13.6685013168	9996.094	105.06235888	9514.16	88.5535476498	10494.14	57.098592971
5.014	13.4733640648	9994.629	359.162895951	9537.598	99.6933297272	10527.83	101.37610269
5.015	9.12136722806	9999.023	294.509201032	9480.469	73.0251278035	10486.82	55.6268434275
5.016	13.2641986616	9999.023	142.287657377	9496.582	86.52204097	10460.45	61.0096665521
5.017	9.84339415369	9997.559	327.397861643	9461.426	59.1656551485	10510.25	101.403019172
5.018	11.1973343956	9996.094	202.904778587	9499.512	64.8914842946	10536.62	64.3748324301
5.019	11.7931954969	9996.094	167.948660372	9540.527	101.584167482	10483.89	92.752422802
5.02	14.3862448957	9994.629	170.026957407	9547.852	75.3080186681	10472.17	87.7823812318
5.021	9.62420595537	9999.023	50.1285808772	9479.004	92.7900995439	10456.05	37.1744809041
5.022	8.52941494096	9999.023	28.6365435198	9522.949	77.4162558816	10530.76	103.78229508
5.023	7.01513812495	9997.559	44.0739042239	9464.355	60.2594807176	10514.65	31.3447268877
5.024	7.65904014632	9996.094	59.1130836166	9492.188	35.8644382975	10475.1	58.0835302928
5.025	9.36310332169	9996.094	54.8973776139	9489.258	79.0813179766	10476.56	46.9291657353
5.026	8.22625230478	10040.04	33.7820624003	9451.172	44.4586577758	10527.83	57.7453429721
5.027	5.23982408057	10000.49	37.4648925407	9533.203	49.4732726543	10492.68	46.0506777362
5.028	5.16064325987	9999.023	73.0851756869	9479.004	27.1141570922	10469.24	33.6038775136
5.029	7.07012050213	9985.84	27.6583965613	9534.668	51.3083875093	10479.49	49.3776175501
5.03	11.7718888972	10006.35	53.9283419478	9541.992	105.387025524	10453.12	82.8657084558
5.031	5.71095898171	9996.094	85.5497460453	9471.68	34.7801666321	10500.0	31.0860163838
5.032	4.18631494248	9994.629	96.6602949614	9500.977	23.8398423168	10504.39	17.6421347496
5.033	3.811541978	10000.49	72.864880577	9496.582	32.6911243186	10454.59	39.3989134425
5.034	5.57252010818	9999.023	119.601745337	9458.496	29.5384668209	10543.95	21.0427510581
5.035	5.49569916777	9997.559	54.0873955761	9483.398	23.9017783875	10456.05	33.6955099374
5.036	4.09600099427	9997.559	92.438423299	9528.809	17.3278741535	10527.83	24.6821266415
5.037	3.40541585812	9996.094	183.05244028	9518.555	26.3101611001	10514.65	24.5319442337
5.038	4.36165294342	9994.629	64.8449549886	9547.852	31.5233535151	10514.65	29.3002256115
5.039	3.90471047207	9994.629	108.727020215	9490.723	40.9887175584	10464.84	38.8824816436
5.04	3.558974702	9999.023	168.587726749	9487.793	24.6473126814	10475.1	33.2304363957
5.041	3.41852840907	9999.023	87.5921946939	9451.172	18.7750312212	10545.41	25.608388114
5.042	4.15185202007	9997.559	208.191871441	9481.934	25.978309038	10463.38	45.0169977769
5.043	3.64154099206	9996.094	152.269252319	9489.258	13.2417886886	10532.23	21.8278408116
5.044	4.07743057502	9996.094	170.276842273	9544.922	28.8521609498	10536.62	28.5065257768
5.045	5.18020005961	9994.629	364.005889031	9462.891	22.2144277298	10519.04	49.6169615298
5.046	3.94372435545	9999.023	278.079425799	9474.609	20.7512970213	10520.51	29.4301123632
5.047	4.27423901318	9999.023	274.162259784	9549.316	11.949198981	10470.7	29.755337093
5.048	4.39047777913	9997.559	271.336392597	9506.836	27.0155001376	10549.8	24.4221428827
5.049	3.64902334515	9997.559	160.782222227	9495.117	29.3538116341	10488.28	28.9724686096
5.05	3.88502073988	9996.094	330.147898013	9549.316	17.0527009166	10519.04	27.1484303626
5.051	3.86019426275	9994.629	319.947992137	9454.102	45.9610638341	10460.45	31.6087544882
5.052	3.97519947703	10000.49	332.053931357	9549.316	27.5918435742	10464.84	27.9019559562
5.053	3.07025994167	9999.023	414.36579594	9511.23	27.1369865848	10533.69	22.8831892649
5.054	6.85042998851	9997.559	309.482172871	9528.809	35.6347094643	10519.04	50.074132043
5.055	3.69054319479	9997.559	407.667394144	9547.852	17.8175683617	10501.46	24.9261787523
5.056	3.77750224681	9996.094	348.424652173	9505.371	23.2145934936	10482.42	31.7168613895
5.057	3.75691909798	9994.629	368.29849078	9458.496	21.3997787841	10549.8	14.3785495571
5.058	3.44103826524	10000.49	323.012360935	9492.188	19.9975289314	10473.63	14.1738642735
5.059	3.79291378171	9999.023	285.844592753	9476.074	25.1106899334	10507.32	35.4698094605
5.06	3.47430807584	9997.559	345.616011144	9452.637	18.6353737095	10501.46	21.162710248
5.061	3.01464063469	9997.559	410.910950525	9474.609	18.3364090727	10479.49	19.0611836327
5.062	3.00366717919	9996.094	535.356307242	9477.539	21.5669820479	10491.21	17.9776022265
5.063	4.40847724854	9994.629	350.646419063	9509.766	25.5614312703	10478.03	28.8194983179
5.064	3.09619790642	9994.629	395.282966757	9464.355	14.224272626	10456.05	18.8020075876
5.065	3.41336179833	9999.023	334.3713189	9487.793	18.2420943362	10461.91	19.6068225377
5.066	3.53586548707	9999.023	387.727663279	9458.496	22.7321372932	10536.62	23.5796422339
5.067	3.4089478133	9997.559	486.27359273	9470.215	35.4181231328	10461.91	18.4340043326
5.068	3.17617899899	9996.094	401.232174558	9454.102	16.5483842737	10533.69	16.0850012846
5.069	2.945690482	9996.094	368.185437084	9540.527	14.4243424726	10511.72	19.7974502539
5.07	3.58192343219	9994.629	365.899000993	9492.188	20.2212774762	10500.0	41.0218004627
5.071	3.25580745998	9999.023	358.158964537	9534.668	26.3531946683	10502.93	17.0732120708
5.072	3.17647479669	9999.023	288.453019484	9477.539	24.4122538209	10508.79	18.1035793209
5.073	3.52504751112	9997.559	289.254488889	9511.23	14.3419852231	10488.28	27.3059766126
5.074	3.81864514102	9996.094	238.239650378	9454.102	24.4733680179	10502.93	28.8303482341
5.075	7.51946689997	9996.094	176.263449154	9454.102	42.1670132872	10539.55	33.9696792201
5.076	3.44180762749	9994.629	126.878969708	9522.949	38.4525250348	10505.86	21.4474515028
5.077	3.67134243973	10000.49	81.5589945277	9518.555	23.9831777066	10456.05	19.7116852375
5.078	3.69921784705	9999.023	122.492269363	9543.457	18.1874659254	10453.12	20.0604298113
5.079	71.1454435236	9997.559	272.463195519	9479.004	491.567712832	10497.07	376.076238426
5.08	2.74378933518	9997.559	109.76160393	9454.102	23.4527137263	10466.31	25.6951606989
5.081	3.42493992501	9996.094	201.277424737	9471.68	18.2938138846	10456.05	17.4581389371
5.082	3.03842598397	9994.629	151.421512495	9506.836	14.2035465566	10470.7	28.4345146476
5.083	3.26060687218	10000.49	110.183401302	9509.766	16.0332603488	10545.41	14.4364738659
5.084	3.60492703522	9999.023	72.1813497109	9492.188	15.8879088587	10454.59	20.0102235991
5.085	2.89613113481	9997.559	72.5836170856	9503.906	21.2421048218	10497.07	19.9420684611
5.086	3.23895855951	9997.559	101.767273523	9533.203	19.2174908156	10482.42	15.3867325191
5.087	3.4187737328	9996.094	119.51614465	9454.102	18.3822375154	10492.68	15.1738508607
5.088	3.74029356271	9994.629	38.9543741753	9454.102	26.0212421111	10486.82	26.8530395056
5.089	4.69032116406	9994.629	135.837083017	9473.145	18.2578145186	10491.21	33.0393553581
5.09	13.4395203123	10000.49	89.2127489951	9465.82	53.7480293467	10527.83	97.6226403213
5.091	3.47432447844	9999.023	33.4562129841	9461.426	27.5641187374	10454.59	16.0232840419
5.092	3.21580568502	9997.559	33.4174716522	9477.539	13.9576423934	10453.12	17.3354386849
5.093	3.02997976897	9996.094	20.5731502899	9537.598	20.7113867349	10536.62	25.6143274892
5.094	2.87960590371	9996.094	23.3972929687	9476.074	14.742578407	10536.62	30.3025766277
5.095	3.25792572311	9994.629	23.8141552217	9476.074	17.2242913571	10497.07	24.7406033302
5.096	3.30899610075	9999.023	35.1932661849	9525.879	16.6706777834	10494.14	21.7907450639
5.097	3.62161945896	9999.023	54.9629798566	9541.992	31.1222511809	10475.1	22.3941936565
5.098	3.14096555817	9997.559	166.842076946	9474.609	17.819551245	10504.39	11.3672918991
5.099	3.38325877678	9996.094	109.134060891	9505.371	20.9172413684	10478.03	17.6013662571
5.1	3.606754512	9996.094	139.054568712	9498.047	34.0182204236	10520.51	23.4500942693
5.101	3.43907528378	9994.629	92.255474155	9509.766	18.0038581823	10478.03	23.8262330971
5.102	3.09400682411	10000.49	104.27238534	9457.031	28.8144750386	10529.3	28.4432096982
5.103	2.95764687657	9999.023	53.1461664252	9512.695	13.1155958526	10520.51	16.7044496929
5.104	3.72850697541	9997.559	109.749476581	9476.074	29.769186656	10545.41	20.3432492991
5.105	2.79228429599	9997.559	86.6026167969	9481.934	10.1245209351	10494.14	15.6508802052
5.106	2.82607505894	9996.094	162.119485464	9490.723	20.3390548787	10517.58	16.842474996
5.107	4.03146303194	9994.629	133.343795119	9489.258	22.1463604989	10513.18	21.328348871
5.108	2.7736323541	10000.49	85.6218017422	9481.934	19.084659196	10483.89	13.499596829
5.109	2.90006947495	9999.023	71.2500667372	9514.16	26.8267199841	10489.75	17.4332085202
5.11	3.19281530043	9997.559	31.4035881381	9524.414	16.2556605076	10504.39	32.1254274346
5.111	3.42989474664	9997.559	59.8911925218	9476.074	27.4397944169	10453.12	14.9426701054
5.112	3.13812145787	9996.094	31.4277287422	9506.836	18.8071178793	10491.21	16.2805619728
5.113	3.79783712195	10028.32	14.2191473784	9500.977	17.251878456	10501.46	27.7367097459
5.114	5.80711834856	9960.938	41.428627066	9454.102	33.9165515027	10539.55	38.5707475765
5.115	3.291670982	9999.023	33.4609049332	9461.426	26.4773372726	10451.66	25.6392983303
5.116	3.08328089042	9999.023	17.4005896942	9505.371	18.1207999624	10498.54	21.8950880716
5.117	3.74114651515	9987.305	21.9618088861	9502.441	34.3292181916	10516.11	25.1650949067
5.118	3.48728706484	10003.42	19.3256900509	9480.469	22.4031068771	10467.77	18.4593705762
5.119	3.91647394743	10048.83	32.9537341045	9531.738	20.1981622302	10517.58	17.4345257987
5.12	3.31070035113	9994.629	19.5841199164	9493.652	24.2492013129	10475.1	15.2486132668
5.121	4.48576109755	9953.613	21.9348686223	9540.527	26.0621891362	10526.37	19.8153093819
5.122	3.46340875544	9990.234	17.1322205028	9457.031	27.2239655355	10500.0	33.4090563938
5.123	4.06281193563	10021.0	17.3896094199	9515.625	24.5950187735	10472.17	26.2836343526
5.124	5.76899608176	10016.6	21.8756446974	9517.09	29.9892696422	10533.69	24.5209240065
5.125	5.40065510852	9996.094	100.468889601	9512.695	24.09812584	10521.97	32.475927786
5.126	4.70040613397	9994.629	139.039071326	9486.328	45.9377338452	10545.41	18.4369140117
5.127	4.38401130282	10000.49	106.790501703	9455.566	24.2673805273	10543.95	37.4230541353
5.128	8.69770830115	9999.023	159.089032521	9468.75	73.3497926788	10523.44	55.9111521248
5.129	5.4127230327	9997.559	127.247233337	9473.145	32.15025867	10497.07	32.7365957425
5.13	3.08039279099	9997.559	73.3814826512	9465.82	24.9971749627	10500.0	12.6683276932
5.131	6.10704287639	9996.094	163.688874484	9459.961	43.6753841695	10470.7	34.4885662416
5.132	4.09427621102	9994.629	155.757858509	9481.934	30.8899364814	10495.61	22.1885293073
5.133	3.09939472605	10000.49	181.818805439	9546.387	18.880072022	10507.32	28.5097389072
5.134	3.09228131974	9999.023	124.376650863	9455.566	18.1051821192	10539.55	23.2122671401
5.135	4.48675046114	9997.559	63.7358696569	9534.668	26.3361786182	10458.98	18.9726123377
5.136	3.09645322257	9997.559	112.07260612	9539.062	20.5671320533	10545.41	33.4846263772
5.137	3.15665979656	9996.094	78.9694345384	9479.004	16.3240920083	10510.25	14.4018093952
5.138	3.05578236804	9994.629	37.185198357	9486.328	21.7098642835	10461.91	30.8974042784
5.139	2.90357169954	9994.629	42.1465736885	9522.949	24.7090294115	10486.82	21.9785555016
5.14	3.17982415877	9999.023	61.1135191318	9517.09	20.3523273741	10529.3	26.8922595553
5.141	3.4612539705	9999.023	37.8597998916	9484.863	31.7163464034	10472.17	20.4257820915
5.142	3.0471361069	9997.559	45.7102886365	9543.457	38.2089701196	10464.84	27.2957882212
5.143	3.18802182722	9996.094	33.1940044096	9462.891	39.1250899983	10546.88	26.9007144392
5.144	3.32738245066	10021.0	21.1494629115	9468.75	34.057192768	10523.44	38.7721964468
5.145	3.28700243272	9994.629	19.0022446373	9543.457	24.5310694782	10542.48	33.4297110499
5.146	3.34242727728	9960.938	13.8385289539	9495.117	26.6836546096	10508.79	22.8232615207
5.147	3.2738524126	9999.023	25.2746948251	9490.723	18.5448026689	10520.51	22.4972282057
5.148	3.02723939808	10040.04	11.4883378094	9540.527	26.739892003	10466.31	19.7873828039
5.149	3.53242288572	9994.629	21.5631125333	9459.961	14.6878357557	10492.68	17.8278870379
5.15	3.27571531978	9996.094	14.4237110046	9546.387	16.5655372487	10513.18	13.927610182
5.151	2.99517824622	10041.5	14.3802091233	9468.75	22.5737431395	10546.88	18.560304461
5.152	3.17469592896	9985.84	22.3997413591	9483.398	17.8174164066	10472.17	16.8244592246
5.153	3.18619039959	9979.98	22.6949650504	9514.16	15.6402959974	10460.45	18.9880885946
5.154	3.26735700964	9997.559	14.4773814487	9527.344	13.2120504271	10533.69	19.1198458655
5.155	3.2652699791	9997.559	44.903057622	9490.723	13.1537950407	10545.41	33.221683923
5.156	3.59538076149	9996.094	67.3735226235	9468.75	20.8253190463	10470.7	25.7794801872
5.157	3.02693733992	9994.629	60.7421294927	9508.301	17.5979829747	10450.2	24.6950316402
5.158	3.22023725083	10000.49	90.0560810402	9533.203	18.8906021095	10451.66	18.3221956249
5.159	2.91862237017	9999.023	102.847210217	9536.133	25.7398066176	10521.97	18.895638501
5.16	2.77759281545	9997.559	43.6185497969	9546.387	13.6624448517	10479.49	20.4645186237
5.161	2.94753069628	9997.559	58.8553731006	9511.23	18.5173322008	10483.89	33.4214814238
5.162	13.5901896809	9996.094	67.7936193896	9547.852	113.122482068	10450.2	62.9426201789
5.163	5.78452093207	9959.473	58.1216967586	9486.328	37.7274389015	10514.65	30.5260703465
5.164	3.17600507059	9994.629	141.459576869	9465.82	15.314498123	10502.93	27.9767476349
5.165	3.17667678075	9999.023	233.867440229	9531.738	20.6891967199	10538.09	19.1403524669
5.166	3.51356010108	9999.023	232.670492779	9471.68	22.8130057941	10504.39	16.7414278797
5.167	2.98294019199	9997.559	245.269749507	9492.188	16.9876118288	10530.76	31.3224207926
5.168	3.07953872893	9996.094	261.590703149	9484.863	20.1139785283	10483.89	16.585507234
5.169	3.58600323356	9996.094	288.439237916	9536.133	16.8758648417	10514.65	22.6083330057
5.17	2.84212856054	9994.629	367.814091843	9462.891	18.9538685311	10479.49	11.8037150876
5.171	2.87534149617	9999.023	333.626609785	9486.328	18.7717871121	10458.98	15.7969515075
5.172	59.8613689367	9981.445	278.870193298	9515.625	409.238884332	10505.86	692.775584896
5.173	3.02200488904	9997.559	339.673267354	9480.469	12.4439225893	10536.62	21.5446146496
5.174	2.99137663524	9996.094	172.622349271	9487.793	23.0251990911	10545.41	15.5869220103
5.175	2.78018941754	9996.094	193.875957013	9512.695	15.3967967222	10545.41	14.8823584051
5.176	3.46804160426	9994.629	243.552870508	9474.609	31.3554829259	10458.98	19.4979464707
5.177	3.1572978028	10000.49	137.725123032	9547.852	16.6808196903	10524.9	18.9020362249
5.178	3.41400738039	9999.023	243.155979119	9544.922	20.4648028447	10546.88	16.625970289
5.179	2.75103671487	9997.559	209.292863545	9490.723	13.8906966485	10454.59	18.508269755
5.18	2.80688051202	9997.559	165.514674695	9451.172	17.4857714787	10514.65	18.9647364849
5.181	3.23777101126	9996.094	139.96896902	9489.258	18.0159966146	10539.55	18.2062960648
5.182	3.35191424046	9994.629	137.658637008	9477.539	19.7742603779	10538.09	37.5706042077
5.183	117.517731082	10032.71	505.442735579	9549.316	365.172428864	10532.23	790.692917607
5.184	3.49925136235	9999.023	94.8861804001	9528.809	14.4702031642	10530.76	26.2011889605
5.185	3.372007448	9997.559	39.3567020067	9459.961	29.7851775287	10456.05	19.4783675254
5.186	3.32827137133	9997.559	105.063914023	9474.609	15.9539755523	10511.72	26.4080664796
5.187	3.22922241816	9996.094	124.539193796	9533.203	16.6396659183	10454.59	22.8657010386
5.188	2.85814837315	9996.094	63.9158010386	9454.102	27.9216687053	10501.46	12.7203599091
5.189	3.11587971183	9994.629	120.555556549	9531.738	32.8237069047	10456.05	21.4363177402
5.19	3.0453846876	9999.023	121.025443329	9517.09	25.5044682171	10527.83	19.6521863095
5.191	3.29471681493	9999.023	90.2253366399	9530.273	22.5157755705	10467.77	15.1722956347
5.192	3.05164671733	9997.559	99.0681115134	9492.188	16.0596223503	10501.46	13.9387985037
5.193	3.10675907175	9996.094	123.673624906	9536.133	18.3871018689	10469.24	22.828633432
5.194	2.97878023295	9996.094	104.147814747	9452.637	17.3845568968	10480.96	18.2729370993
5.195	3.14352432682	9994.629	325.195222251	9464.355	14.4793114515	10479.49	17.8978134241
5.196	3.3948857222	9999.023	283.807119595	9505.371	20.4513642503	10502.93	23.0022021035
5.197	3.30118603109	9999.023	222.367130632	9509.766	19.5123631038	10491.21	14.1867263897
5.198	3.30846536595	9997.559	360.197743249	9486.328	26.5239593646	10511.72	24.804685592
5.199	2.96816553748	9996.094	358.319450386	9477.539	17.2401248507	10458.98	27.1741714551
5.2	3.22320768556	9996.094	415.464584677	9487.793	14.0903638483	10488.28	13.4215837762
5.201	3.3915916156	9994.629	486.546709373	9459.961	19.7912001404	10541.02	22.9102104939
5.202	2.94570885731	10000.49	487.093416564	9539.062	16.0765434996	10511.72	17.6075247629
5.203	3.60435450356	9999.023	624.616957274	9512.695	17.6175616777	10463.38	20.528825213
5.204	3.5869763348	9997.559	448.465661892	9511.23	26.3998484732	10466.31	17.1928381049
5.205	2.82905431396	9997.559	494.427313447	9464.355	21.4823098396	10460.45	22.9554775126
5.206	2.94526983796	9996.094	519.689958872	9508.301	28.6402210496	10548.34	15.9459860945
5.207	3.01456695308	9994.629	373.318557902	9549.316	12.1590258107	10513.18	10.7675399415
