


# Switching on the amplifiers is a usefull thing
3.8	9.20259752494	9952.148	132.091322533	9500.977	76.2531338017	10526.37	60.402471157
3.801	10.3323854578	9950.684	33.0575674031	9454.102	90.3495369621	10453.12	73.9806030728
3.802	8.77381252074	9996.094	56.0991141116	9454.102	42.6668115132	10530.76	83.4633477295
3.803	9.76050758392	9958.008	55.6448470552	9455.566	113.464878979	10454.59	97.5479791417
3.804	11.4316732941	10045.9	50.2339637367	9546.387	88.0346788798	10456.05	107.994088161
3.805	10.6104585953	9955.078	42.9183367872	9500.977	82.6176285482	10456.05	162.145697868
3.806	9.47401034311	9955.078	56.5358218461	9493.652	79.2724384531	10504.39	50.4559326186
3.807	9.52043339053	9955.078	55.0464873822	9454.102	72.7206016984	10454.59	93.274663708
3.808	10.0113165092	9956.543	54.1282900173	9490.723	41.7069898324	10470.7	61.5701302369
3.809	9.09359504457	9953.613	46.4162578522	9508.301	94.1324002324	10454.59	96.0617302977
3.81	10.2141171925	9953.613	98.4453811434	9508.301	48.2939550591	10478.03	70.085580806
3.811	9.52879991674	9990.234	41.8833533049	9541.992	55.0513267796	10453.12	101.455052484
3.812	9.78018150742	9997.559	59.3750162114	9496.582	62.3476916513	10453.12	87.1947024913
3.813	10.0805519659	9953.613	37.4214649646	9452.637	98.665853228	10538.09	54.3466867603
3.814	10.1802385946	10026.86	57.6186531538	9452.637	115.988745395	10524.9	42.6888907973
3.815	9.66740521005	10023.93	51.6015636765	9452.637	100.900280187	10453.12	101.249705896
3.816	9.50339195563	9968.262	44.1618395566	9547.852	68.1639668133	10453.12	87.0494582518
3.817	10.124787854	9988.77	40.8773230041	9536.133	68.5865555524	10530.76	96.9774234183
3.818	9.22791330934	9952.148	46.2060536693	9520.02	56.9367845219	10489.75	82.8174215886
3.819	9.35094728181	9950.684	63.5593474984	9492.188	63.8225727502	10467.77	95.8746178664
3.82	10.0010334965	9952.148	77.3675538457	9461.426	78.3042871634	10472.17	65.2018136533
3.821	9.30879963937	9997.559	37.5152524876	9451.172	105.293787873	10485.35	56.3390935315
3.822	9.09248985447	9950.684	84.3974250047	9451.172	68.5412118277	10469.24	50.8228188244
3.823	9.66863760692	9950.684	46.4271272764	9518.555	50.7238167253	10475.1	80.7738929385
3.824	8.70561892468	10041.5	35.1833018536	9452.637	74.6308498952	10450.2	94.2064803081
3.825	9.7295041326	10042.97	35.7345906948	9451.172	149.46526297	10478.03	64.9936812196
3.826	10.0292140546	9950.684	56.6688771524	9520.02	36.9198849784	10451.66	82.3565658187
3.827	10.96995357	9952.148	54.935023259	9451.172	91.092862022	10451.66	79.1605178054
3.828	9.53073887568	10048.83	57.3315860371	9451.172	127.196642995	10529.3	46.4226101256
3.829	9.51127038671	9965.332	35.8608113461	9451.172	88.2498348722	10502.93	43.4610325721
3.83	9.9597342021	9972.656	58.123444212	9451.172	79.2092653727	10524.9	53.4211537113
3.831	9.55042158983	10009.28	33.4355593067	9451.172	65.1921974934	10494.14	68.5880083488
3.832	10.6159987529	10025.39	44.1540732825	9506.836	91.0433186362	10451.66	126.458862486
3.833	10.3947562828	9952.148	94.225988638	9455.566	54.5476637246	10456.05	75.7680416305
3.834	9.41431690025	10040.04	46.5197418257	9528.809	90.4268449709	10451.66	94.0992272063
3.835	8.94979052738	9952.148	78.3591860504	9537.598	42.0383201045	10480.96	57.2247467134
3.836	9.50803928204	10016.6	47.6860960358	9454.102	69.8806842263	10497.07	58.8054343475
3.837	11.0753460386	10035.64	48.3452725085	9451.172	62.1657364212	10451.66	114.863834694
3.838	9.2864202302	9963.867	54.0994242359	9451.172	97.8067333324	10510.25	78.5310752279
3.839	10.6913957659	9996.094	39.1741267545	9524.414	69.2916671168	10545.41	94.1920108987
3.84	11.2516836239	10022.46	33.5662674559	9536.133	51.2382681949	10510.25	64.2442963033
3.841	9.86645010795	10004.88	37.0562162679	9468.75	63.7911056727	10483.89	68.6999244644
3.842	10.34389111	9982.91	47.3558639341	9467.285	64.5179999572	10497.07	56.1956248885
3.843	9.61089395161	9997.559	52.9996814545	9549.316	68.1178052795	10483.89	62.64744009
3.844	9.6733519473	9974.121	69.7587397303	9461.426	67.6997593867	10451.66	75.2402038366
3.845	8.72615513046	9997.559	40.3088159001	9459.961	54.468879264	10514.65	73.8524617759
3.846	9.93216954086	9994.629	44.5237063032	9462.891	64.675226025	10466.31	44.3352603375
3.847	9.62258713997	10000.49	51.080945493	9451.172	128.118295819	10539.55	44.4444761205
3.848	9.17800597235	9993.164	51.9045215568	9512.695	70.4589438742	10467.77	77.1446079982
3.849	9.33723068217	9955.078	68.488911073	9492.188	50.0902249343	10526.37	86.4415165957
3.85	9.5238354156	9959.473	47.3925073393	9499.512	76.8630161479	10536.62	46.8327551297
3.851	9.16372793075	10013.67	57.1551012621	9544.922	62.5607055446	10463.38	61.8166462455
3.852	8.78907661601	10047.36	64.1456698205	9530.273	50.0306288243	10543.95	78.0846973438
3.853	9.67559701596	10048.83	88.2924722901	9547.852	67.316663694	10548.34	68.5949845057
3.854	8.85115703794	9952.148	57.1080690646	9509.766	86.7109794628	10505.86	114.268537816
3.855	9.4414663292	10037.11	75.219250618	9543.457	69.7470325608	10532.23	94.917795679
3.856	8.66552285056	10047.36	49.2024249965	9534.668	77.3009583851	10475.1	46.0199318865
3.857	10.2056826187	10048.83	54.8622155657	9454.102	60.7459145179	10510.25	52.9726604375
3.858	10.2568671782	10048.83	91.8036063343	9495.117	55.298986431	10541.02	59.8680743452
3.859	10.2700988419	10016.6	79.3194313188	9498.047	75.1393923617	10504.39	73.6049867597
3.86	10.2113750712	10026.86	58.411168558	9454.102	57.4707451642	10464.84	67.8018521238
3.861	10.0290200282	9972.656	55.7179471424	9541.992	64.7222157964	10546.88	62.7194527909
3.862	10.068400141	10048.83	67.242683303	9477.539	59.922048403	10476.56	51.4622094728
3.863	10.1436752464	10038.57	64.0606254639	9489.258	53.7996097778	10483.89	57.7724831841
3.864	10.2983087173	10048.83	118.203809399	9487.793	44.1030853053	10507.32	78.3450890699
3.865	8.6675906869	10003.42	29.0803291854	9533.203	42.2634049668	10450.2	62.3918589344
3.866	9.6947502712	10048.83	54.2211368522	9486.328	62.2766002001	10505.86	68.1603274323
3.867	8.12456545452	10048.83	147.646883794	9515.625	44.8210520599	10489.75	42.1315094786
3.868	9.02182489949	9994.629	50.4645873065	9514.16	49.1211040761	10539.55	82.6406369506
3.869	10.4974050219	10048.83	55.1899652664	9499.512	65.9522732114	10467.77	59.0798654493
3.87	8.67664375513	9956.543	44.3791796611	9540.527	66.1736177909	10510.25	48.734430182
3.871	9.9142506183	10048.83	44.509261758	9473.145	49.9914040317	10486.82	68.3602853193
3.872	10.3824626194	10048.83	57.6618810444	9546.387	47.2463765275	10472.17	32.5100655146
3.873	9.75154632114	10048.83	50.0501230717	9498.047	88.1042812635	10473.63	36.868875314
3.874	9.27488721318	10047.36	74.063997659	9451.172	36.1847629864	10545.41	43.2970117304
3.875	9.34804772003	10047.36	133.90320014	9514.16	54.0549232118	10456.05	62.2643984457
3.876	10.2036203073	9956.543	55.3085466027	9544.922	61.4129246864	10535.16	84.7520795977
3.877	9.34306071688	10045.9	76.7026431037	9536.133	73.795865112	10453.12	72.166921285
3.878	10.1225247982	10015.14	46.1882342917	9470.215	86.9624362046	10535.16	66.384188617
3.879	9.78442586551	9988.77	41.9088338346	9458.496	110.42435761	10472.17	81.6238265047
3.88	10.2073534534	10045.9	116.101575078	9546.387	80.3864900316	10511.72	75.1117868071
3.881	10.0252956342	10018.07	42.872433387	9509.766	39.5111549385	10507.32	57.5182458516
3.882	9.22519048507	10023.93	43.698099034	9465.82	57.9788644916	10546.88	89.5361753088
3.883	8.89335837224	10047.36	130.297993286	9479.004	70.5514748164	10498.54	71.2567574773
3.884	9.35422923775	10021.0	40.8811521024	9525.879	81.2663506522	10546.88	60.1303384663
3.885	9.84162705331	10047.36	109.429393117	9537.598	113.123493506	10521.97	53.2244341845
3.886	11.0182168836	10047.36	103.258013969	9486.328	82.5685675197	10521.97	103.670002597
3.887	8.96138003322	10047.36	34.2843076988	9492.188	42.4295420266	10464.84	67.3456421642
3.888	9.370941692	10041.5	63.2664050446	9508.301	71.0125296545	10532.23	57.5066636636
3.889	10.6081093521	10048.83	135.026007741	9452.637	68.9713440026	10510.25	51.1215679264
3.89	9.27671982316	10048.83	83.358520594	9499.512	69.5468177197	10450.2	36.4051966938
3.891	11.4668182555	10048.83	95.6106595962	9549.316	115.281519043	10457.52	40.9320657295
3.892	10.1577065397	10032.71	51.9622259233	9549.316	58.5892312953	10502.93	38.1587750198
3.893	10.5862635585	10048.83	78.6836718223	9502.441	59.5120383716	10529.3	50.6466910449
3.894	10.2852773337	10028.32	37.9027946914	9461.426	63.8437098355	10541.02	69.5763991596
3.895	10.4200306934	10048.83	150.470037682	9500.977	65.3165918836	10472.17	58.3055493292
3.896	9.22373593652	10048.83	113.637853722	9531.738	79.5241335347	10521.97	51.4398462859
3.897	8.7373348169	10028.32	69.3354957205	9455.566	62.0369267166	10454.59	58.419686511
3.898	9.94315098236	10048.83	78.590357453	9492.188	42.5480065238	10456.05	65.5892649757
3.899	10.2739738949	10048.83	73.5729359963	9486.328	55.2332794906	10524.9	44.2750016335
3.9	11.0957005758	10048.83	59.5903438079	9509.766	78.049665117	10529.3	45.6566699211
3.901	9.79863159968	10047.36	57.3407411405	9534.668	40.7075200062	10489.75	77.5180839829
3.902	9.8782152092	10047.36	94.1331491271	9524.414	59.4669666864	10546.88	62.739148489
3.903	10.4277453619	10010.74	68.8216085338	9462.891	57.2811307088	10451.66	87.8537641764
3.904	9.84441515004	10047.36	89.6336645088	9547.852	68.7223927271	10530.76	56.5556487939
3.905	9.80982453412	10019.53	42.7223407487	9506.836	62.9970829455	10458.98	69.1964839363
3.906	9.73098675441	10013.67	89.3771473424	9547.852	67.8071733527	10548.34	73.3991900638
3.907	9.83377868148	10048.83	51.862758372	9544.922	28.8687456688	10491.21	64.5825088525
3.908	10.5288052263	9993.164	29.348592774	9525.879	38.8684137919	10545.41	69.237335964
3.909	9.32731585601	10047.36	62.7287737584	9549.316	47.5873919821	10460.45	64.1454788579
3.91	10.362197698	9977.051	41.2240631468	9493.652	67.1253574795	10475.1	45.459412859
3.911	8.66966472284	10047.36	36.2394769512	9474.609	63.7740975787	10485.35	74.5090081003
3.912	10.5678599167	10047.36	73.1684231109	9481.934	61.0326218008	10500.0	80.8000142777
3.913	10.2728099511	10047.36	78.7318837295	9537.598	95.3638828356	10489.75	72.9216153493
3.914	10.2056833798	9972.656	52.0977498729	9525.879	55.8939688283	10473.63	41.6967015738
3.915	9.81696629136	10047.36	44.5165506027	9530.273	67.5610778062	10546.88	97.563586532
3.916	10.4295959831	10037.11	61.4922440187	9487.793	65.3393218626	10546.88	63.4920041401
3.917	9.54251286605	10048.83	58.9917005987	9462.891	66.0250379018	10523.44	75.8833770239
3.918	10.3838328738	10028.32	43.4640200263	9530.273	90.0067113495	10536.62	138.915589906
3.919	8.82128722302	10025.39	57.7572216921	9522.949	61.312692433	10526.37	78.1087501073
3.92	9.60027845237	10047.36	66.6083461308	9546.387	69.5747820091	10536.62	57.8206538913
3.921	9.90278634073	9990.234	56.3026134622	9452.637	58.3064523443	10494.14	81.4003250957
3.922	10.3414868271	9997.559	62.2265308026	9547.852	91.4838364647	10527.83	39.3258459918
3.923	8.73653303599	9981.445	47.2424221841	9547.852	61.0816764702	10538.09	58.3194720016
3.924	10.5060721604	10048.83	30.1934843994	9464.355	52.7004741945	10472.17	65.9914319134
3.925	9.43624376222	9975.586	51.181566584	9487.793	65.2136124402	10501.46	52.5885040875
3.926	9.71529384943	10048.83	84.98259585	9451.172	68.9794468612	10549.8	40.8746835521
3.927	10.6188813531	9950.684	37.9529638282	9486.328	70.402012034	10478.03	44.3359144824
3.928	9.6673851791	10040.04	45.5797887091	9549.316	41.0113856114	10454.59	65.3594196417
3.929	9.19786634255	10038.57	55.0032785554	9474.609	59.9452425479	10467.77	45.7480248625
3.93	9.32089298761	10047.36	54.9787026748	9549.316	43.7612970055	10491.21	86.3587149419
3.931	10.7726630915	10023.93	44.7559598451	9543.457	53.4490885419	10538.09	72.4739686198
3.932	10.4875326848	10029.79	39.604294287	9511.23	72.2059382381	10549.8	67.1143670409
3.933	8.78305968291	10048.83	49.2251745078	9474.609	81.011719921	10504.39	45.9779170719
3.934	10.5177079427	9969.727	52.8289205767	9451.172	50.3271305558	10469.24	59.3646127419
3.935	9.94669719946	9969.727	62.551955905	9451.172	107.818767462	10546.88	97.4550707746
3.936	10.1644212214	9968.262	36.7649136381	9467.285	37.9365609144	10516.11	58.0699754693
3.937	9.53334565225	10047.36	61.933263746	9483.398	59.7649559134	10532.23	65.6781056514
3.938	10.0174875384	10047.36	44.7388036045	9452.637	55.8936812559	10457.52	64.4534254304
3.939	9.25838011193	10025.39	36.6152669165	9549.316	33.0935090654	10488.28	60.6997153842
3.94	10.576218736	10048.83	97.436137712	9474.609	49.9309405851	10467.77	66.2257455124
3.941	10.9835640435	10048.83	39.7653953382	9459.961	43.6163981636	10472.17	34.5291806471
3.942	9.98359062023	10032.71	71.8009646316	9518.555	53.9375795755	10450.2	105.386907515
3.943	9.92696020334	9974.121	33.308142351	9495.117	53.6203524686	10463.38	96.0876687599
3.944	9.78527796984	9972.656	43.6415488068	9451.172	75.174064191	10458.98	63.859513385
3.945	10.3676691994	9950.684	73.6462343027	9451.172	89.2066849944	10519.04	77.3715166674
3.946	10.2430518825	9985.84	40.8040187924	9451.172	83.7513826522	10501.46	47.6187800865
3.947	10.3935562731	9950.684	107.731081644	9451.172	134.974748449	10473.63	63.8798244114
3.948	9.6604113478	10006.35	37.8600406598	9459.961	65.0948176981	10539.55	70.1672582681
3.949	11.7766471264	10007.81	63.737658179	9451.172	110.229969211	10549.8	72.1483523673
3.95	9.62347812823	9950.684	63.7468287472	9451.172	190.209114617	10505.86	71.0895844162
3.951	10.2742746064	10013.67	72.0381278956	9451.172	145.56672169	10451.66	62.1802465962
3.952	10.8797201985	9950.684	34.716686155	9451.172	71.3394480771	10469.24	60.9781508346
3.953	8.90988456151	10021.0	41.7708117836	9524.414	52.673666828	10456.05	74.9869662434
3.954	11.1320845902	10035.64	44.6998227347	9489.258	56.9953693288	10450.2	126.275553435
3.955	9.93457452998	10028.32	55.0368483115	9495.117	51.1999363917	10497.07	65.3420258053
3.956	10.7208931019	10006.35	56.3938999579	9546.387	55.0114285342	10486.82	73.6991335389
3.957	10.1480180598	10009.28	44.5432575106	9474.609	44.2316492682	10451.66	123.337849039
3.958	8.54565465845	10006.35	61.4408315723	9451.172	102.57074066	10451.66	59.5616983479
3.959	10.8210109535	10023.93	38.4887620077	9451.172	72.7308112296	10504.39	42.3719669479
3.96	10.1591456722	10021.0	73.4293074687	9502.441	58.1122584974	10520.51	55.5806287038
3.961	10.0523771269	9950.684	51.5055732482	9517.09	77.8290166851	10450.2	124.827637173
3.962	9.72473585078	9982.91	37.0691158052	9549.316	59.8580752375	10461.91	59.2751321928
3.963	11.4068816717	10048.83	35.1141726664	9527.344	77.7162950959	10492.68	54.6571744708
3.964	9.70816734929	10047.36	39.4765159095	9547.852	66.4442569864	10548.34	58.1764547806
3.965	11.4404674398	9958.008	44.4538335653	9458.496	68.0523374717	10500.0	66.7123499181
3.966	8.65946679027	10047.36	72.6645358268	9505.371	93.6958476701	10492.68	84.3236376565
3.967	10.1400993832	10041.5	44.6621671406	9498.047	61.7368995017	10520.51	101.492597555
3.968	9.52200879717	10047.36	141.248644075	9547.852	52.2629225817	10514.65	41.475478143
3.969	9.9004595531	9997.559	42.2421735761	9470.215	72.0902528342	10488.28	59.8524421856
3.97	9.32989375303	10047.36	80.863494334	9533.203	94.4295246193	10548.34	76.1464243802
3.971	10.0313590927	10047.36	56.9642336258	9514.16	93.8928507266	10546.88	56.236405741
3.972	8.97410483374	10047.36	71.5183511673	9459.961	60.0051526501	10546.88	60.9206277155
3.973	10.2847584127	10047.36	78.0051239349	9527.344	46.4665540928	10529.3	56.7151745221
3.974	8.9263999227	10048.83	59.0417837803	9496.582	85.9397625907	10535.16	56.7619188762
3.975	9.54166269806	10004.88	45.4139943489	9459.961	81.4782665689	10511.72	41.4497552768
3.976	8.83223566411	9994.629	55.6150987145	9549.316	60.5203636654	10548.34	60.4153126002
3.977	9.01948080287	10048.83	88.6364546877	9451.172	63.7424216441	10504.39	62.9629833312
3.978	8.98443199129	10048.83	141.922550965	9451.172	87.5629345963	10476.56	46.1407279581
3.979	9.87989366365	10034.18	57.8967203818	9493.652	57.6794424312	10497.07	54.5941159133
3.98	10.811575209	9991.699	39.7787734775	9468.75	87.3866323024	10450.2	97.1681487085
3.981	9.56433150703	10012.21	38.1789447334	9451.172	85.6352078856	10450.2	103.579889279
3.982	10.5904027009	10048.83	43.1714458731	9515.625	55.2739985605	10541.02	77.8405888132
3.983	10.1904471394	9952.148	84.3574156915	9458.496	59.5604631554	10476.56	53.089877309
3.984	9.3914921853	9952.148	64.8459482134	9506.836	74.8827711289	10457.52	69.3977691556
3.985	9.79107372954	10034.18	35.9035763784	9533.203	96.0160690822	10464.84	56.8301560763
3.986	9.33119538466	9996.094	83.6562588192	9506.836	113.740073863	10476.56	47.118737875
3.987	9.73493884535	10009.28	46.3693992801	9451.172	83.0105500946	10495.61	63.7499983167
3.988	9.24257424124	9993.164	48.7488428432	9515.625	62.8466198825	10451.66	105.387525775
3.989	9.73629010736	9990.234	47.8099861644	9451.172	82.6824676612	10450.2	69.5042377083
3.99	9.49731824699	9996.094	61.9936556973	9458.496	56.980871348	10450.2	60.4486864375
3.991	10.1214877454	9999.023	39.3896286998	9451.172	87.7873464319	10457.52	131.962922492
3.992	11.4783485233	10023.93	53.3966095117	9451.172	131.988919823	10464.84	52.6534182576
3.993	9.60181583082	10013.67	36.2078867745	9451.172	50.7842010829	10450.2	90.7385561957
3.994	10.168384568	9994.629	34.874561519	9451.172	121.869776118	10451.66	114.394463885
3.995	8.51520589156	9978.516	39.5469033255	9458.496	56.476587035	10501.46	47.8168435916
3.996	10.8744472696	10003.42	46.1995621789	9474.609	63.1586971169	10527.83	51.5220588581
3.997	9.33780859446	10009.28	45.7292455197	9547.852	31.3363615694	10517.58	64.1028687323
3.998	10.9825533671	10047.36	42.8772564334	9502.441	60.2054935421	10450.2	79.789633674
3.999	8.60491399523	10023.93	47.0957214028	9546.387	58.0768015403	10530.76	65.1912916836
4.0	9.8961687944	9960.938	45.5463729886	9479.004	56.083039506	10536.62	47.8299154568
4.001	8.61765569232	10037.11	38.1116730877	9514.16	78.3394083394	10451.66	63.2030053736
4.002	9.86469203588	10022.46	54.1867743013	9451.172	75.2929929373	10538.09	56.0514696576
4.003	10.0483546131	9952.148	62.0491188531	9541.992	61.4174784505	10475.1	56.9116146359
4.004	9.85826090822	10013.67	65.4014439447	9452.637	97.4183539117	10453.12	137.731654778
4.005	9.65997708781	10031.25	26.979136672	9515.625	46.8429026291	10508.79	83.7074979599
4.006	10.8351226282	9955.078	73.2030135175	9531.738	87.8653906919	10453.12	55.9737275275
4.007	9.86773894129	9953.613	30.9374662916	9452.637	63.9884912312	10453.12	50.4943529745
4.008	9.67977935823	10021.0	47.0377735909	9481.934	85.5720072112	10450.2	49.087928735
4.009	8.15418391198	10029.79	38.5682753366	9534.668	75.3104455519	10469.24	67.6969949199
4.01	9.20446798318	9953.613	118.647028595	9459.961	57.2405527863	10524.9	55.477356223
4.011	9.6249078955	9982.91	38.3515662211	9518.555	69.3343859717	10482.42	96.0956069943
4.012	9.15312724893	10044.43	49.0988356686	9474.609	43.7473168934	10519.04	39.5525147137
4.013	10.2514934089	10042.97	47.5471019741	9479.004	45.3483131521	10453.12	111.937068839
4.014	10.5074615199	9958.008	59.1723953144	9547.852	86.8646950265	10453.12	71.6511053416
4.015	9.72234158789	9952.148	88.4739296429	9452.637	102.346475017	10453.12	65.9683888864
4.016	9.84277800564	9952.148	68.6257684662	9452.637	92.4778136013	10500.0	50.3609034886
4.017	10.6082596659	9952.148	45.7983932159	9486.328	82.1963967453	10453.12	64.476803114
4.018	10.2230651855	9952.148	46.8734945136	9458.496	55.4593522226	10451.66	51.7351329619
4.019	8.5395039783	9999.023	51.1008916724	9539.062	67.4082384106	10516.11	84.1913053222
4.02	9.12699096443	9981.445	52.6855620688	9546.387	82.8140054092	10529.3	83.263736943
4.021	10.5150267286	10022.46	47.9052703308	9480.469	105.163864126	10451.66	73.8047928133
4.022	9.91061161258	9952.148	130.912659324	9457.031	58.8675677128	10513.18	83.5975242512
4.023	9.22531549564	9968.262	54.9155079931	9498.047	55.418405532	10453.12	88.9876830081
4.024	9.33442987114	9972.656	98.7584338772	9509.766	85.4387717695	10467.77	59.0435069305
4.025	9.60053276121	10032.71	37.5551191928	9452.637	71.9885589562	10453.12	101.598268175
4.026	9.970522787	10037.11	45.882507595	9525.879	51.7312546132	10494.14	43.3702136287
4.027	9.79119111986	9997.559	102.976021511	9451.172	62.1565776658	10453.12	90.929801708
4.028	9.56904084917	9990.234	59.453803706	9464.355	66.6052768501	10453.12	144.2384569
4.029	9.86956720235	9953.613	42.0408635483	9452.637	91.8979317404	10453.12	80.6341865355
4.03	9.61021876891	10001.95	49.2875789681	9540.527	55.2062271839	10458.98	61.470464732
4.031	11.0244025263	10025.39	44.1256519084	9452.637	86.9469118543	10507.32	65.7047379554
4.032	9.74713108803	9978.516	47.0732923167	9543.457	46.8181612442	10453.12	46.3661070422
4.033	9.88219799132	10038.57	41.8374670714	9452.637	41.9788684348	10497.07	60.1471614666
4.034	10.2988681709	9953.613	69.4325567377	9534.668	83.8997471925	10454.59	69.7157653391
4.035	11.530628379	9959.473	72.6687090172	9454.102	99.81304882	10453.12	137.816782813
4.036	14.6541975386	9978.516	68.8988035974	9495.117	140.205175189	10456.05	112.138629089
4.037	2397.00547611	9999.023	30389.9749916	9540.527	20099.7203783	10543.95	10615.6202276
4.038	723.60977499	9999.023	4293.88288737	9471.68	3298.95332653	10542.48	6285.49638245
4.039	406.395577536	9997.559	7503.04355182	9520.02	3718.23162958	10521.97	1919.82019252
4.04	381.724843344	9981.445	2089.68860462	9480.469	2755.96345503	10473.63	1957.38834206
4.041	317.985040454	9953.613	1674.56155266	9490.723	1411.44172744	10480.96	1986.5979047
4.042	292.000720805	9984.375	951.200676167	9534.668	1522.17849758	10510.25	1943.80244506
4.043	271.647070115	9972.656	992.126711287	9484.863	1006.7611968	10539.55	1268.50525849
4.044	251.564588944	10041.5	1783.00792483	9505.371	1349.12219904	10501.46	1529.4216738
4.045	236.226624205	9966.797	1335.3868054	9502.441	1182.05303838	10497.07	1670.02213036
4.046	212.294725844	9969.727	1187.8881839	9459.961	1248.42823823	10505.86	1707.2687473
4.047	244.461965338	9996.094	832.904818276	9533.203	911.448081654	10511.72	1215.59070936
4.048	219.054650747	10004.88	2145.12575326	9477.539	2224.0351463	10497.07	1719.99449304
4.049	193.543550752	10026.86	1210.75386087	9544.922	895.803425447	10458.98	1061.7560947
4.05	186.716513501	10006.35	854.839333249	9517.09	865.675315355	10517.58	1286.64657309
4.051	180.106428736	9966.797	1028.57489147	9508.301	1306.52495497	10542.48	1219.23097912
4.052	200.529714179	10031.25	723.113999505	9502.441	1851.23840495	10514.65	1704.70154943
4.053	168.916784274	9996.094	566.432377148	9512.695	1139.93151272	10532.23	1248.52059842
4.054	185.901334674	10001.95	807.731798351	9492.188	1024.32668519	10491.21	1264.33855241
4.055	166.444263669	9953.613	736.671665051	9541.992	1119.82472302	10492.68	907.60522938
4.056	161.99808425	9971.191	1439.9038431	9461.426	1100.68182011	10456.05	667.368468269
4.057	171.041217723	10015.14	711.863680139	9518.555	828.886173942	10498.54	1194.70934092
4.058	153.103612417	10041.5	526.743229713	9531.738	1013.35291595	10453.12	1031.13178311
4.059	141.613284508	9999.023	538.931703216	9505.371	1026.39521163	10538.09	1018.01957304
4.06	128.630128678	9956.543	416.643773044	9549.316	960.991098392	10519.04	796.554385286
4.061	138.859454378	10031.25	350.029722219	9540.527	1123.29177329	10527.83	1072.69993356
4.062	116.327708747	9965.332	572.172333451	9481.934	719.862610022	10464.84	1180.17086794
4.063	99.9299749501	10003.42	611.919340291	9544.922	619.489303773	10467.77	658.90202562
4.064	108.512678081	9987.305	745.030077481	9549.316	802.334827371	10482.42	712.112738406
4.065	111.367748372	10023.93	708.035139103	9457.031	792.25949196	10476.56	690.835865353
4.066	89.7223592805	9996.094	381.945082695	9546.387	713.839990455	10548.34	634.116058792
4.067	81.7247276651	9985.84	290.863192866	9480.469	892.37584193	10461.91	500.162233212
4.068	76.7592180944	9960.938	406.659794727	9471.68	319.903423587	10488.28	590.914141478
4.069	79.907031351	9999.023	369.349678574	9531.738	414.500727502	10450.2	519.080089071
4.07	72.8934588466	9997.559	343.226085455	9490.723	254.766077567	10527.83	288.634825975
4.071	60.3763496687	9994.629	311.254041709	9484.863	425.33818035	10519.04	464.330547315
4.072	60.2773888441	10045.9	294.067512193	9467.285	463.676216024	10511.72	405.920808708
4.073	56.7339433004	9997.559	330.583747286	9515.625	280.705557055	10524.9	486.01083868
4.074	43.7990829611	9955.078	289.935870974	9492.188	400.038349275	10453.12	349.540007351
4.075	43.0602547605	9999.023	491.5081884	9537.598	342.590525758	10524.9	241.431949915
4.076	42.1584432845	9997.559	179.242391967	9470.215	297.572948148	10454.59	340.074146022
4.077	36.0248150981	10000.49	298.849705243	9531.738	444.001931884	10536.62	136.887122508
4.078	31.9569249477	9987.305	197.281057547	9547.852	147.623738576	10513.18	203.11937272
4.079	32.3912954161	9997.559	135.421830837	9508.301	195.075504343	10453.12	242.980495237
4.08	29.1683847694	9999.023	197.791346954	9464.355	175.226910918	10501.46	158.042467968
4.081	25.0536577757	9999.023	221.420187747	9464.355	231.866335785	10460.45	235.867471802
4.082	24.9111636491	10012.21	128.883751833	9505.371	221.162620361	10485.35	131.800028189
4.083	30.9537758243	10000.49	141.153091944	9518.555	88.8081940907	10464.84	264.746151846
4.084	23.7156211507	9999.023	138.51597019	9509.766	117.213579388	10511.72	160.152716083
4.085	26.7627305558	9997.559	168.027693074	9543.457	142.765403505	10498.54	67.7511646249
4.086	23.943867874	9960.938	189.76750226	9527.344	150.014704342	10457.52	131.257688488
4.087	21.6992443479	9999.023	235.337093022	9503.906	181.865641059	10489.75	188.080703702
4.088	29.0755286044	10010.74	148.009613319	9502.441	171.93630749	10456.05	128.671023341
4.089	24.3937795094	9997.559	118.451432189	9499.512	105.903532742	10526.37	152.569942903
4.09	28.6453733881	9988.77	123.874002078	9531.738	246.960821017	10545.41	161.179860322
4.091	27.8095679805	9956.543	114.235771467	9517.09	269.653733284	10530.76	251.373822464
4.092	33.3799349969	10013.67	235.790782698	9522.949	254.699998707	10491.21	130.946325608
4.093	35.7346521919	9999.023	198.132735005	9452.637	319.918616422	10516.11	194.333033567
4.094	33.9262149328	10047.36	228.907168688	9530.273	238.937566491	10475.1	273.042281254
4.095	33.7167338459	9971.191	160.871662239	9530.273	303.857818904	10478.03	317.072011902
4.096	36.7294138116	10013.67	194.169458156	9473.145	300.259862512	10514.65	232.073299616
4.097	40.3686505367	9997.559	162.278037126	9461.426	242.891491914	10527.83	276.100454309
4.098	43.2227471718	9971.191	129.075062453	9546.387	200.717188703	10523.44	375.575702955
4.099	44.7071332175	10021.0	321.065600346	9459.961	342.821598922	10501.46	317.736147752
4.1	46.4797683113	9997.559	174.506798995	9451.172	211.617226784	10489.75	290.28644433
4.101	44.5347843456	10038.57	239.784851803	9462.891	222.676790701	10517.58	233.062415404
4.102	51.2764278866	9974.121	400.153020058	9455.566	358.780303306	10539.55	355.566987065
4.103	53.9738067258	10040.04	347.507809574	9452.637	312.848526948	10488.28	507.630951829
4.104	53.2051712187	9985.84	288.573733707	9508.301	337.769053059	10476.56	399.142293157
4.105	53.1521654232	9952.148	285.929136033	9549.316	330.568319799	10472.17	340.339101591
4.106	59.9618518884	10023.93	352.595832797	9451.172	326.352601462	10472.17	328.867442677
4.107	58.0487142717	10004.88	248.381424568	9492.188	377.643767491	10501.46	397.960439644
4.108	60.5807486112	9972.656	326.029115952	9461.426	426.577296383	10504.39	424.093600081
4.109	77.9725382509	10023.93	302.363259998	9524.414	561.127729248	10483.89	841.511059859
4.11	64.1180004944	9978.516	297.70029906	9461.426	385.916600502	10492.68	458.987370763
4.111	74.3879540335	10035.64	250.859583124	9498.047	529.05200873	10489.75	349.693785402
4.112	75.6850578374	9960.938	399.828185482	9486.328	630.159957628	10492.68	339.728320253
4.113	82.9124547659	9958.008	303.418745255	9451.172	564.42249854	10507.32	414.452728042
4.114	86.5016405202	9960.938	263.369705463	9489.258	545.574309878	10519.04	564.581333814
4.115	90.728999223	9977.051	524.06261691	9487.793	534.266931375	10517.58	875.48997783
4.116	90.9369701219	9966.797	482.142818751	9512.695	808.825802676	10492.68	487.946387855
4.117	99.2612203895	10034.18	341.984916209	9508.301	834.180611599	10519.04	674.685351468
4.118	94.2807585277	10034.18	451.056263207	9534.668	445.991294158	10541.02	606.438509734
4.119	93.5567337369	9963.867	351.765621721	9493.652	450.613309136	10478.03	592.781132265
4.12	119.025365073	9999.023	449.46664793	9539.062	749.646461834	10498.54	489.636629912
4.121	118.496582402	10032.71	365.150888114	9493.652	661.181201962	10511.72	1039.45762737
4.122	120.106351598	10006.35	512.966682565	9509.766	704.781684454	10470.7	768.506462638
4.123	117.013262259	10016.6	518.600874647	9476.074	955.468331667	10488.28	700.658717782
4.124	129.554722046	9993.164	515.997183154	9451.172	799.283680915	10453.12	977.265556946
4.125	139.332213269	10018.07	615.946541801	9473.145	1318.93096625	10456.05	1055.62168415
4.126	143.134101482	10023.93	669.966307142	9496.582	810.678403956	10529.3	1062.56325083
4.127	163.257862079	9952.148	689.299907462	9473.145	956.128627287	10511.72	770.611603976
4.128	170.89559475	9972.656	498.010800308	9486.328	1574.47983289	10520.51	1041.59167113
4.129	152.785559155	10015.14	659.523121004	9506.836	874.486279346	10456.05	1433.54939086
4.13	192.251606867	9959.473	686.503365951	9546.387	1163.306508	10485.35	1123.37870354
4.131	194.466644665	9958.008	978.985640398	9546.387	1682.49790187	10539.55	1219.79505248
4.132	192.234125649	9984.375	842.907165106	9503.906	1733.56201627	10504.39	1789.36222659
4.133	200.841652291	10010.74	816.525639634	9480.469	1565.29094375	10475.1	1278.01969969
4.134	221.801866497	10047.36	1395.17154854	9467.285	1967.33447525	10489.75	2661.20014845
4.135	279.981385381	9979.98	1941.42753568	9505.371	1272.77812332	10548.34	1138.49047865
4.136	284.121314978	9997.559	1561.18872979	9530.273	2067.46140698	10463.38	1132.21542544
4.137	307.718261219	9999.023	1447.60244806	9465.82	2565.00687138	10453.12	2340.18992997
4.138	351.866281993	9979.98	2498.11174335	9534.668	3610.92087769	10460.45	2033.13159677
4.139	386.067802555	9977.051	2500.22053773	9454.102	3072.46574204	10454.59	3217.75885667
4.14	462.378796153	9999.023	3310.75970676	9495.117	4791.36749388	10458.98	1412.26897324
4.141	464.47757143	10016.6	2687.42689314	9527.344	3936.88193047	10476.56	3593.71339025
4.142	544.781798172	9952.148	2054.48090976	9537.598	2766.03745892	10546.88	4262.53247871
4.143	641.23089643	9985.84	1980.03957413	9499.512	5949.07672866	10453.12	5340.6053625
4.144	924.537248272	10041.5	2970.05644911	9521.484	5820.24684577	10485.35	5831.58548721
4.145	1051.61889178	10025.39	3444.72002167	9454.102	5628.75181522	10516.11	5790.70743901
4.146	1439.21078561	10010.74	6288.89232223	9464.355	8012.06983274	10519.04	9134.73028954
4.147	1622.72260391	9988.77	5958.11956276	9530.273	8867.78975762	10523.44	7069.34623086
4.148	1936.79496494	9996.094	10924.5999352	9458.496	11613.3373881	10507.32	14241.7929475
4.149	2336.92282182	10031.25	9725.75853263	9498.047	10894.8801226	10476.56	16864.824513
4.15	2876.51194226	9965.332	14430.7447944	9481.934	27176.8501592	10543.95	18253.0417061
4.151	2965.71962232	9997.559	24312.0344335	9541.992	17758.9229897	10463.38	31536.0510079
4.152	4391.99477416	10021.0	18953.4500191	9506.836	35144.7842951	10486.82	36898.3625477
4.153	5626.32175245	9958.008	25012.5375971	9476.074	38916.482839	10458.98	26263.5745748
4.154	6767.43610335	10032.71	32613.6725366	9459.961	70903.3465086	10457.52	38778.382169
4.155	8372.16146592	9963.867	33120.3106442	9539.062	44574.4453133	10482.42	63849.9481626
4.156	8073.1801291	9991.699	64636.9878062	9462.891	56539.7363332	10541.02	73270.3729901
4.157	11715.3033581	10015.14	46675.7093108	9461.426	58612.4326115	10532.23	39340.3293411
4.158	9507.03310463	10001.95	42226.4149041	9528.809	78154.4841998	10541.02	55019.9583924
4.159	10378.8840229	9974.121	73537.9554263	9549.316	69279.7491654	10491.21	67390.7935653
4.16	12333.1994882	9996.094	45087.3703117	9522.949	129098.57817	10536.62	76618.6811041
4.161	13357.7571326	10026.86	46937.6168659	9496.582	68482.4248863	10500.0	102967.26498
4.162	13678.3657877	10038.57	78027.2761237	9490.723	149199.630996	10458.98	58916.3732558
4.163	14545.5094619	9979.98	72155.2445105	9479.004	66908.1992907	10480.96	105079.442592
4.164	16755.8333129	9977.051	61663.9197453	9512.695	81092.8438755	10517.58	80194.8297598
4.165	13593.9434028	9963.867	66937.9729498	9484.863	99116.1269619	10457.52	176864.58993
4.166	14456.9122804	9996.094	53229.9530088	9462.891	124561.004622	10488.28	91482.0064285
4.167	12822.7197495	9999.023	59873.2896781	9531.738	46162.3646842	10519.04	81400.2811641
4.168	13050.9530597	10035.64	37771.6895143	9531.738	80225.8995304	10451.66	86070.0808517
4.169	13586.1534939	9962.402	45435.8280507	9474.609	98506.8670263	10510.25	62092.5600574
4.17	11541.9054416	10012.21	54221.6311863	9549.316	37352.32278	10548.34	73257.539436
4.171	10715.5397393	9950.684	41557.1595375	9525.879	110891.459219	10545.41	63495.8097607
4.172	10136.9717579	9993.164	63178.6327341	9543.457	105587.66194	10543.95	37038.1016381
4.173	9101.60187283	10016.6	39275.7238501	9499.512	52693.1833489	10510.25	79316.4471516
4.174	9055.75990767	9969.727	34673.5528666	9479.004	68361.8044733	10495.61	49223.7711421
4.175	7745.51184641	9974.121	44329.5984732	9547.852	38278.605558	10491.21	34220.3311001
4.176	7626.83792764	9994.629	41097.0726012	9521.484	60804.2299737	10470.7	45712.7910582
4.177	7411.55990225	9996.094	27706.2093776	9544.922	35577.7265938	10472.17	77939.9091618
4.178	7675.15721758	9994.629	33453.6425246	9471.68	40011.2527739	10450.2	48151.1586933
4.179	9242.44456834	10032.71	41405.5440951	9476.074	49159.0746844	10472.17	68296.0356971
4.18	9881.0395665	10022.46	55792.8718178	9524.414	54790.8287318	10457.52	82330.3867669
4.181	9668.99430492	10023.93	43598.4099136	9455.566	82010.406424	10530.76	64008.8711977
4.182	10979.6590088	9988.77	72170.1791489	9525.879	67889.3885558	10514.65	85284.8155399
4.183	10519.7920968	10004.88	50306.9960361	9520.02	78125.9702045	10505.86	74252.2186427
4.184	9939.73836334	9994.629	47708.1409966	9547.852	71179.3411696	10472.17	68874.7191155
4.185	9869.51021369	9962.402	56287.0843317	9518.555	89235.2281489	10545.41	46482.1722346
4.186	7278.20994713	9984.375	36748.4695582	9459.961	48243.1324756	10470.7	52858.5088231
4.187	6192.39004485	9959.473	23259.6596838	9518.555	37399.4070744	10539.55	73565.3371349
4.188	4939.05986148	9984.375	15559.96062	9479.004	35773.0346664	10458.98	23575.7434332
4.189	3644.74116439	9953.613	13145.5680414	9471.68	16862.1034061	10536.62	21047.9143366
4.19	2242.22648719	10044.43	9901.34260855	9459.961	20767.1988735	10460.45	20206.939022
4.191	1731.21500171	10044.43	9617.15149496	9471.68	8689.25312263	10527.83	9331.58621521
4.192	1410.00978888	10028.32	7160.30443062	9537.598	4928.13401902	10491.21	10764.1997737
4.193	962.013094075	10019.53	4724.39773079	9476.074	7869.69588756	10516.11	6657.16225284
4.194	797.910523002	9981.445	5590.27479831	9503.906	4782.68572147	10527.83	5147.2791401
4.195	61.2523083982	10038.57	230.954957027	9505.371	330.869981747	10495.61	373.941014081
4.196	12.3537291124	10045.9	45.0568566719	9499.512	84.4293334568	10450.2	131.465689953
4.197	10.9247446285	10022.46	47.5471832338	9451.172	110.223083003	10450.2	91.5392352726
4.198	10.6379509086	9950.684	35.0440544196	9451.172	150.2822534	10545.41	42.3526831597
4.199	8.66050167571	9985.84	38.3489845511	9490.723	70.2180654369	10488.28	73.6284414505
4.2	10.5436911658	10032.71	44.0523321211	9452.637	57.8038958586	10494.14	46.6430000345
4.201	9.76280089326	9982.91	56.9585139286	9458.496	54.1319244	10450.2	56.480961556
4.202	10.0729171578	9999.023	39.3245730409	9512.695	57.3707524915	10463.38	62.5025929696
4.203	10.5117585999	10047.36	56.4987208192	9534.668	47.1629806836	10475.1	72.6787864218
4.204	9.42531940737	9960.938	44.3390815091	9467.285	41.4235941856	10461.91	38.5961958992
4.205	9.33476790103	10044.43	59.8512525724	9525.879	34.3160824094	10485.35	59.3092979935
4.206	10.096313264	10048.83	42.9490293999	9537.598	80.4095411779	10538.09	87.0166004996
4.207	9.94157453278	9994.629	40.1473087185	9522.949	52.3264653169	10454.59	64.155623354
4.208	8.89494212307	10048.83	87.7313369437	9492.188	67.530189033	10548.34	62.7339765775
4.209	9.48769213382	9969.727	64.8392390451	9500.977	76.9253116198	10501.46	48.7070893065
4.21	9.84081037076	10019.53	47.2340882042	9498.047	54.058017081	10491.21	61.1040174951
4.211	10.9272499934	10048.83	54.4962628755	9470.215	60.3966013396	10456.05	47.3259596392
4.212	9.42934777508	9977.051	29.4000078238	9503.906	57.8309324802	10450.2	111.349793967
4.213	9.3600531236	9997.559	53.3092388339	9549.316	74.2205294677	10519.04	66.927816559
4.214	9.18979624612	9990.234	38.3226090544	9547.852	46.3204589806	10488.28	47.3399170854
4.215	11.066321793	10029.79	38.802947325	9455.566	85.3325752042	10549.8	139.887314583
4.216	9.57848273645	9965.332	28.7103402333	9459.961	63.0966517675	10520.51	59.9933567159
4.217	10.4239492548	10032.71	31.0011469987	9473.145	69.4709153092	10450.2	85.0059381799
4.218	9.16233063761	10048.83	34.0088586163	9499.512	70.2431743124	10508.79	45.0422955907
4.219	9.32014702408	10048.83	54.0329112199	9536.133	36.8174960953	10549.8	68.4767264942
4.22	10.4253998801	10048.83	84.5293445788	9521.484	77.6115320551	10545.41	69.1447608222
4.221	10.6986713649	10023.93	63.3769983003	9531.738	85.2794655337	10457.52	59.8222009819
4.222	9.01507054014	10048.83	67.878037005	9498.047	79.8714666158	10502.93	74.9587657584
4.223	9.12116214786	10048.83	131.70553812	9484.863	51.020020521	10483.89	52.4694210352
4.224	9.65193091214	9991.699	56.1598724184	9458.496	66.3611279355	10497.07	51.6915894379
4.225	10.7219026485	10032.71	34.6103611588	9461.426	64.7669778124	10516.11	67.0284989146
4.226	9.49837650439	9982.91	56.3445393849	9508.301	54.4396288224	10538.09	53.4795025391
4.227	8.81671632258	10048.83	42.6141532455	9500.977	62.6814754663	10523.44	91.5822114159
4.228	9.52985998563	10048.83	48.9555954487	9502.441	48.8068272442	10549.8	70.320634352
4.229	10.4159307408	10048.83	104.458866301	9534.668	79.6850244805	10473.63	61.5137130966
4.23	9.81048292512	10003.42	59.4969611013	9537.598	56.4765710443	10539.55	70.9207738395
4.231	9.42521143587	10048.83	63.3259724525	9499.512	33.1420478827	10536.62	70.7204852077
4.232	10.1768030405	9977.051	58.5797953634	9549.316	53.531570452	10549.8	41.6898151945
4.233	10.129269934	9987.305	46.6021765417	9477.539	64.8320916144	10466.31	96.5978464435
4.234	10.2292580411	10048.83	112.915030086	9549.316	55.3911647679	10453.12	55.4609514295
4.235	9.57001324613	9981.445	35.1225600556	9549.316	65.5924189168	10450.2	53.2224468151
4.236	10.8335575474	10048.83	56.9258211069	9495.117	106.025902339	10460.45	86.7132443019
4.237	10.404885286	9955.078	64.3945268896	9525.879	98.1750448793	10548.34	101.890569658
4.238	9.93863868111	9996.094	44.5779820541	9471.68	59.1608622514	10520.51	71.4699249671
4.239	9.37588316904	9982.91	41.9077134109	9509.766	63.25044606	10460.45	59.6955677683
4.24	9.6373116356	9999.023	41.3222888633	9536.133	40.9757596732	10548.34	99.8289631916
4.241	10.2997652766	9966.797	66.5091963999	9534.668	100.738233362	10488.28	54.0011144227
4.242	9.65761475224	10048.83	57.3397642533	9512.695	75.4243134007	10548.34	90.7296118511
4.243	9.08815175174	10048.83	66.3462107493	9498.047	46.1964019452	10548.34	65.9144305439
4.244	9.03026611736	9997.559	35.7002149279	9547.852	93.1987577511	10546.88	59.1273606574
4.245	9.57451563601	10040.04	61.6712146664	9549.316	38.498534175	10539.55	44.9567146473
4.246	9.3180034396	9972.656	43.0485943116	9451.172	73.217863164	10519.04	74.0548148737
4.247	10.6949555124	9955.078	25.8357491362	9459.961	81.5329713169	10548.34	100.908706242
4.248	10.6395307875	9975.586	47.1429504784	9546.387	98.3178356673	10480.96	60.1266305534
4.249	9.64370307186	9978.516	37.1228572918	9522.949	54.7889559277	10498.54	66.5325426855
4.25	10.1679060568	10048.83	99.9644452448	9514.16	65.6198964502	10451.66	61.4281553033
4.251	9.43820263791	9963.867	47.5919188221	9499.512	55.83050632	10535.16	84.2054355184
4.252	8.97623785734	10019.53	60.6581317133	9549.316	68.9935996981	10526.37	69.9538468363
4.253	9.54111130324	9966.797	49.5989794064	9502.441	78.6274260436	10450.2	98.1110926597
4.254	10.0217315749	10037.11	39.6685765461	9536.133	52.3063154295	10548.34	56.4805524252
4.255	9.27827616327	10026.86	44.0791225105	9483.398	63.7570182297	10450.2	101.954975549
4.256	9.74165553257	10044.43	58.4082559448	9524.414	43.7494183408	10478.03	66.1515641524
4.257	10.7294169774	9966.797	31.9927954001	9452.637	65.1241894762	10549.8	54.0555251264
4.258	8.97188722404	9979.98	31.4523743431	9483.398	51.3718534422	10450.2	100.774334056
4.259	9.1027813949	10025.39	30.7048044614	9468.75	42.501282776	10519.04	38.9308273052
4.26	9.8117854273	9958.008	49.7268423996	9481.934	68.7749743389	10521.97	89.3870417731
4.261	10.8063386205	9950.684	48.0276551302	9451.172	130.336975691	10450.2	78.021490218
4.262	9.5634067296	9952.148	41.9529306653	9498.047	105.455862318	10469.24	54.8182032693
4.263	9.61881978971	9981.445	26.2419603906	9451.172	79.5762465463	10501.46	52.4330983727
4.264	11.6770532506	9962.402	46.5815253531	9528.809	52.662316023	10451.66	117.079811373
4.265	10.1254632198	10010.74	35.9023572018	9549.316	44.0656178184	10453.12	78.1453397779
4.266	8.41232596788	9990.234	49.0923585608	9457.031	115.683503802	10529.3	56.0908810704
4.267	10.503994134	10034.18	61.6547012977	9531.738	66.3216415862	10470.7	72.049166488
4.268	9.93923368372	10038.57	43.0421095809	9454.102	88.288702033	10454.59	86.3796762282
4.269	10.2927178589	9962.402	58.2561051801	9467.285	52.1297892169	10511.72	65.5875160779
4.27	9.07567881996	10037.11	50.3987801667	9531.738	84.2867311297	10492.68	66.930923116
4.271	9.68069240288	10016.6	54.8722510139	9454.102	78.1612422296	10450.2	47.9378822292
4.272	10.6748850698	9968.262	34.4923148269	9496.582	59.2871367042	10454.59	86.0382460806
4.273	10.1538796626	10012.21	34.3318353094	9492.188	77.2198320581	10451.66	68.4505724402
4.274	8.5019627766	10013.67	50.8073912626	9499.512	43.2441085486	10469.24	68.4900540559
4.275	9.43042596041	9991.699	46.6206459835	9525.879	41.8869890144	10545.41	67.8651900925
4.276	9.81854536251	10044.43	28.7020001131	9451.172	99.767015882	10480.96	65.1445317621
4.277	9.40503177628	9974.121	22.5748429698	9452.637	121.039762382	10483.89	74.7895331792
4.278	10.1998726895	10007.81	44.010905449	9452.637	83.916983084	10453.12	63.3162101211
4.279	11.2539251335	9953.613	27.3108147795	9452.637	99.8383099826	10453.12	84.5033137062
4.28	10.5788749064	9972.656	88.1261981058	9539.062	66.9642293739	10516.11	81.9437261042
4.281	10.0656880511	9985.84	36.6194559815	9468.75	55.7128659914	10451.66	90.1139607691
4.282	9.25521947485	9958.008	35.5240491254	9451.172	106.46415312	10532.23	61.2519540401
4.283	10.4569637876	9990.234	74.2592758925	9451.172	56.4070234929	10450.2	106.58686138
4.284	8.50599245952	9994.629	44.2620386173	9543.457	74.7340408905	10460.45	45.4300926304
4.285	9.99080049708	9959.473	29.9710047774	9451.172	45.0840615735	10453.12	61.8489114759
4.286	10.2637536727	9979.98	36.4779217095	9451.172	73.0218407219	10517.58	105.591568089
4.287	8.82208748124	9963.867	36.621214774	9451.172	67.3403572228	10451.66	112.25880005
4.288	10.2098465507	9963.867	51.7972197966	9458.496	86.3097350242	10457.52	56.4012303047
4.289	9.30390130305	10015.14	29.1814728086	9499.512	38.3707584071	10508.79	71.488134586
4.29	10.566601871	9994.629	40.0306491265	9539.062	26.4257558157	10478.03	106.320793021
4.291	10.4657363747	10001.95	57.2387042653	9547.852	41.9944740812	10513.18	74.8540425472
4.292	10.2914788031	10003.42	44.2829938986	9452.637	144.472226418	10453.12	64.4123000664
4.293	8.1267533408	9978.516	52.8201047576	9452.637	95.058790947	10504.39	68.4711589602
4.294	9.1400169595	10028.32	43.1265895874	9527.344	52.7782410814	10450.2	42.2029346106
4.295	10.1901406528	9987.305	73.4041507704	9457.031	100.742061556	10549.8	34.5459843087
4.296	9.63530060773	9969.727	63.5935542042	9476.074	98.3853150783	10467.77	77.7302182795
4.297	10.2147736919	10031.25	37.9890959638	9518.555	53.8586829823	10451.66	57.5907978391
4.298	10.4843460813	10034.18	38.389003473	9452.637	66.2195864827	10505.86	47.9764710481
4.299	9.04510475106	10038.57	40.6039925884	9509.766	48.8499170839	10453.12	62.17115563
4.3	10.6914916937	9952.148	78.2221250747	9452.637	80.2954477065	10453.12	69.0555544808
4.301	9.46344976669	9994.629	95.705126375	9465.82	84.627513339	10495.61	97.4287990192
4.302	8.97770691314	9953.613	37.6055890311	9452.637	122.769832493	10470.7	48.7058422456
4.303	10.7335150589	9990.234	32.6860667939	9474.609	55.8758890468	10464.84	72.822955398
4.304	9.33885322266	9953.613	59.909068359	9452.637	152.827935723	10497.07	64.6436902665
4.305	11.0298664888	10013.67	53.0143383131	9455.566	98.98108805	10464.84	46.3622098585
4.306	10.3305024832	10016.6	36.7468461273	9517.09	48.0170235031	10476.56	38.062438486
4.307	9.58919309629	10016.6	45.9176349763	9452.637	64.7857036328	10498.54	61.3267087937
4.308	10.2140631527	9979.98	49.2034939666	9452.637	89.4881920867	10453.12	122.684280612
4.309	9.90935448397	9969.727	45.3481353076	9458.496	82.9399942357	10495.61	52.2526024899
4.31	8.87270429675	9966.797	43.6590267967	9508.301	48.6625622254	10453.12	53.1041294954
4.311	10.1402921932	10003.42	63.3597227337	9455.566	59.6055483169	10453.12	227.545984259
4.312	9.62849937393	10048.83	32.7550077452	9468.75	105.788731822	10527.83	48.6203527913
4.313	9.22254062296	10026.86	50.8627754491	9452.637	80.542100959	10453.12	92.7383016953
4.314	9.42296787054	9987.305	39.409647372	9452.637	76.0151085204	10548.34	38.2520078535
4.315	9.90625097073	9952.148	52.5616223887	9500.977	76.0825684835	10453.12	194.113096775
4.316	11.3906655133	9972.656	43.2084370317	9452.637	118.022428389	10453.12	66.3760038226
4.317	9.4975722438	10032.71	44.7401399038	9452.637	46.3568941317	10489.75	93.6535685092
4.318	9.36044123767	10047.36	40.238470886	9467.285	75.7930972092	10451.66	71.0656975203
4.319	8.6039489133	10028.32	53.5994790841	9544.922	49.3993572974	10485.35	83.9272224335
4.32	9.68284115382	9997.559	63.8486849745	9518.555	61.4531292109	10494.14	61.3981548024
4.321	8.66532358418	10032.71	40.5396777224	9451.172	87.556310286	10489.75	40.4927275502
4.322	9.02367072846	9977.051	36.3952528019	9476.074	44.1111619759	10524.9	100.420657117
4.323	10.5708361473	10021.0	50.2322014534	9549.316	49.9267462322	10482.42	76.2641185522
4.324	10.1283844306	10003.42	35.0456339038	9452.637	87.5402631225	10529.3	42.64660924
4.325	10.1018662941	9952.148	57.6863740022	9506.836	51.889113988	10467.77	66.0785867428
4.326	10.2023934419	10019.53	38.6328813104	9452.637	78.0997270907	10491.21	52.8481441174
4.327	8.79342503943	10006.35	34.8103123678	9452.637	84.6999128469	10453.12	139.758894568
4.328	10.0116629018	9999.023	36.0332818188	9461.426	60.315249486	10456.05	47.7430843625
4.329	9.80866938537	9999.023	37.3665676366	9518.555	92.15013881	10453.12	53.6998309877
4.33	11.1154215614	10025.39	42.517415671	9520.02	45.2739651623	10519.04	85.7014388799
4.331	9.25809116319	9966.797	37.8638143825	9514.16	95.0543178226	10494.14	62.7866640366
4.332	9.44878304186	9979.98	50.860524062	9498.047	98.2998333166	10460.45	45.4682740803
4.333	10.145335977	9984.375	29.8135264827	9451.172	75.2351003941	10504.39	96.5424569429
4.334	9.14311661275	9982.91	45.5030683155	9451.172	84.9549388008	10521.97	59.0160169207
4.335	10.1729969371	10010.74	39.6748183674	9493.652	55.5339752516	10543.95	74.3615970546
4.336	10.8492518215	9956.543	44.8348073611	9468.75	51.6019128554	10543.95	52.8571418559
4.337	9.50605383611	10010.74	22.5084192483	9451.172	84.7383654957	10450.2	86.0780821559
4.338	9.66383590369	9972.656	32.0954139888	9451.172	125.801504452	10511.72	82.3120532562
4.339	10.6872444395	10019.53	42.1207778573	9533.203	110.393915576	10483.89	69.4039275347
4.34	9.69457666721	10012.21	28.9300040783	9522.949	65.7915348669	10482.42	74.8871572557
4.341	9.24615539633	10021.0	60.4879136	9539.062	51.9089699191	10549.8	126.466511921
4.342	8.92159657624	10048.83	55.9704348144	9544.922	66.3934792612	10450.2	81.7919118373
4.343	9.66893180073	10040.04	69.7315851731	9495.117	42.055227016	10453.12	74.4068574828
4.344	10.1303223201	10041.5	50.0403553727	9461.426	53.8625190129	10458.98	69.2575169429
4.345	10.3677063032	9982.91	35.6282156984	9483.398	84.8148664058	10548.34	114.729868831
4.346	8.87671858998	10025.39	56.6387389432	9496.582	108.74632439	10529.3	78.6112981365
4.347	10.7616216244	9972.656	30.8856276721	9500.977	67.9352239667	10545.41	50.2078918896
4.348	9.71599249148	9952.148	45.2747529986	9499.512	69.7493730479	10543.95	71.3441456222
4.349	9.95772898786	10048.83	59.9882861885	9524.414	75.5133141611	10541.02	67.7416200855
4.35	10.6440863463	9997.559	41.1043489198	9505.371	65.5279609488	10450.2	82.986825787
4.351	10.1245905874	9966.797	79.8044332262	9549.316	38.2781006448	10450.2	148.490522102
4.352	10.0864027565	9990.234	32.5884837342	9451.172	42.7605204081	10450.2	65.0406635284
4.353	8.80741847259	9985.84	54.8306481655	9531.738	57.3321874268	10549.8	76.0793033671
4.354	10.2360474138	10037.11	67.3963946316	9518.555	50.2929892296	10529.3	61.735745508
4.355	8.68995029659	10048.83	78.430421225	9549.316	48.4935319427	10521.97	112.385252955
4.356	9.53383182183	10021.0	35.2893836829	9464.355	101.714489206	10450.2	116.211785868
4.357	10.1782795585	10048.83	33.9307905392	9547.852	74.7488950757	10450.2	66.9611593603
4.358	9.44572000411	9979.98	45.5179616345	9489.258	50.1944738768	10535.16	71.7667329815
4.359	10.3908532633	10047.36	68.4487514745	9480.469	64.5972964867	10495.61	61.3457662415
4.36	9.22576612246	9987.305	51.2757960994	9454.102	52.1225887827	10492.68	73.934419287
4.361	9.38167879111	10022.46	60.8776956381	9549.316	81.8432974775	10469.24	91.3868717976
4.362	11.4517955014	10048.83	58.6873387158	9473.145	37.7115258379	10543.95	59.7141445348
4.363	10.7083044093	9971.191	55.3807874286	9525.879	86.1636162776	10521.97	39.9939568117
4.364	9.93136121926	10029.79	35.5168557232	9512.695	74.0459428799	10489.75	83.8242825456
4.365	10.2764550226	10044.43	58.661910405	9518.555	63.2246419253	10457.52	42.5381187969
4.366	9.76334657038	9962.402	36.0194610453	9451.172	46.3156594323	10505.86	94.2166840831
4.367	9.17068301549	9958.008	64.7013256975	9511.23	79.0352379895	10497.07	55.4711070544
4.368	11.1379199204	10032.71	59.0624522989	9481.934	47.0103949917	10485.35	60.7881630301
4.369	9.85530787222	10023.93	51.2805405273	9549.316	27.5046906932	10543.95	67.5121902278
4.37	8.52477744064	10004.88	27.036699992	9531.738	41.778131311	10450.2	80.2064687474
4.371	11.0962496035	10023.93	55.7699719804	9517.09	78.6944199138	10482.42	50.7771123032
4.372	9.39080948627	9962.402	30.7214774039	9547.852	76.4752836981	10467.77	96.2194655663
4.373	11.6366037375	9968.262	37.5925984769	9528.809	51.5537666507	10489.75	54.866212817
4.374	9.36073625243	10045.9	41.9926717574	9461.426	74.394877093	10485.35	64.0554763054
4.375	10.0367167735	9981.445	48.4351374586	9483.398	36.6081430708	10501.46	71.1670935785
4.376	10.8287825228	9966.797	33.2182160949	9522.949	54.0213204608	10545.41	101.132466794
4.377	9.74274530951	9999.023	58.8670892908	9457.031	67.368674005	10529.3	48.9901613369
4.378	9.9298949351	9960.938	34.3681245145	9544.922	91.7520448693	10479.49	42.9797338616
4.379	8.79957236697	9977.051	35.9475990165	9474.609	54.9395873592	10543.95	119.697684928
4.38	10.3319568866	9958.008	39.0464653994	9477.539	68.1856607588	10485.35	60.4384526489
4.381	10.5487135755	9984.375	33.7977106776	9533.203	41.6971161483	10492.68	54.7197789264
4.382	8.47404105726	10040.04	44.9314473077	9480.469	64.488750524	10472.17	87.8173457261
4.383	8.4877477028	10032.71	27.6217549524	9515.625	64.8966908824	10543.95	65.4513346731
4.384	10.4122052039	9997.559	37.3877718669	9452.637	72.1923426052	10460.45	54.3610701669
4.385	9.41133179235	9966.797	40.474114522	9544.922	74.4678692536	10461.91	38.2575861819
4.386	9.45475970341	10045.9	73.6467834841	9493.652	52.9616868258	10510.25	33.8833787151
4.387	8.97060847063	9972.656	38.6294742069	9520.02	81.8385396445	10497.07	53.7933628337
4.388	10.5299134728	9960.938	45.3552582067	9511.23	106.410714126	10489.75	49.5731255412
4.389	9.33425677906	9985.84	49.7478254064	9539.062	77.53229233	10479.49	54.6907704961
4.39	9.80056359435	9975.586	50.5485885691	9539.062	65.2906824066	10508.79	61.7767824991
4.391	9.44833324003	10044.43	32.2883134639	9484.863	76.1457338735	10530.76	69.4935237576
4.392	10.092970721	10045.9	115.5169532	9502.441	68.4865596486	10519.04	71.60876932
4.393	10.3721375818	10009.28	39.2004958813	9524.414	82.0353077198	10461.91	45.9087555629
4.394	9.9721230856	10003.42	62.1908489622	9495.117	49.5908888852	10489.75	59.3992976007
4.395	9.60868670626	9978.516	33.3402334033	9495.117	56.6973615344	10545.41	72.0685835807
4.396	9.82632511551	10045.9	86.1046384201	9481.934	48.6575486826	10545.41	67.9974004457
4.397	9.86981997974	10042.97	66.2555953408	9544.922	49.7362798364	10460.45	68.4989477547
4.398	10.6213527306	9991.699	30.9069389506	9522.949	76.8214402356	10545.41	61.6077208226
4.399	9.68124731409	10028.32	40.0016899202	9467.285	44.0176858623	10545.41	60.3212803551
4.4	10.0863467435	9997.559	35.2631216399	9489.258	49.756048472	10492.68	67.3131542357
4.401	8.61433157316	10045.9	58.5039977577	9493.652	47.3507432332	10451.66	83.7744634239
4.402	9.55626685454	9963.867	62.816865204	9455.566	69.3447329928	10516.11	88.0706977416
4.403	9.0382727684	10047.36	52.4609045349	9544.922	65.0430339065	10457.52	130.884192549
4.404	9.37396433323	10044.43	39.2344283931	9541.992	77.7807784579	10476.56	88.9255026624
4.405	10.165241434	9966.797	67.9185448852	9520.02	63.8540704867	10507.32	84.3525464927
4.406	10.3392730257	10047.36	100.923737742	9515.625	44.631090195	10488.28	67.884649583
4.407	9.47825200556	9965.332	46.1114585449	9492.188	48.983787263	10546.88	123.588665129
4.408	9.65507985776	10045.9	40.5454691969	9534.668	49.4627894202	10546.88	71.6135246661
4.409	10.0499519092	9982.91	43.4776012076	9464.355	85.6327529991	10549.8	53.4209039607
4.41	11.3942724604	10016.6	62.439104699	9549.316	50.3469562503	10546.88	46.9547453838
4.411	9.91860841699	9958.008	67.6592082928	9474.609	64.7209882812	10500.0	75.3573705025
4.412	9.23350815772	10045.9	55.6662693951	9506.836	39.550388309	10546.88	77.5963019278
4.413	11.381536539	10021.0	35.3649584596	9546.387	52.6924499208	10510.25	66.1866757042
4.414	10.4256635486	10045.9	34.468855081	9500.977	109.397492962	10545.41	112.975407573
4.415	9.30403495581	10045.9	92.0382460342	9493.652	75.1818206169	10530.76	46.5539407534
4.416	11.0068754215	10045.9	56.008883097	9455.566	53.4415099869	10545.41	75.6642242924
4.417	8.90230132091	9950.684	36.3245026525	9544.922	61.1291379512	10480.96	62.1361850629
4.418	8.77006212201	10016.6	62.1304965214	9537.598	51.4100926911	10545.41	98.1570827299
4.419	10.2411685342	10045.9	68.7204197884	9546.387	97.429246018	10460.45	70.9169951766
4.42	10.2871734103	9985.84	38.7834861799	9517.09	68.5099154525	10543.95	92.6451617138
4.421	9.88542854762	10045.9	90.2011289713	9480.469	52.7904144453	10546.88	102.926691075
4.422	10.0117100314	10047.36	62.5177577731	9479.004	115.011953394	10501.46	62.6537153596
4.423	9.07590579473	10047.36	57.344490214	9499.512	63.4187017316	10520.51	64.1847492038
4.424	9.02705602926	10047.36	34.0260476122	9487.793	54.569309845	10546.88	74.7894907757
4.425	9.16116204146	9979.98	46.1706463989	9528.809	67.7994101296	10489.75	61.9265936054
4.426	9.1317817384	9953.613	48.8741182744	9480.469	70.7759425126	10546.88	121.189035944
4.427	9.4118290865	9971.191	54.2895654922	9540.527	72.7917220483	10502.93	95.4605021188
4.428	9.71101851767	9952.148	50.7757177223	9525.879	50.6058109131	10546.88	82.4542243656
4.429	10.4539899731	9974.121	43.7036843095	9498.047	53.7570500286	10466.31	77.1039882995
4.43	10.4338415941	9959.473	58.6392980609	9549.316	44.6037627324	10546.88	106.386358153
4.431	10.3610472248	9985.84	49.8330997819	9544.922	60.2565058205	10469.24	59.9736261124
4.432	9.68142599592	9984.375	45.4048626677	9477.539	77.9675854746	10453.12	92.048608538
4.433	10.2290806774	10035.64	45.647374122	9467.285	45.8885420311	10478.03	55.1054420684
4.434	10.5060374254	10026.86	37.644823448	9493.652	120.912711059	10541.02	55.8559102373
4.435	10.0974057236	10044.43	29.0515943208	9506.836	40.2019974578	10489.75	81.0847386066
4.436	10.8904493471	9955.078	31.1006367197	9470.215	44.6217492671	10526.37	46.6477633354
4.437	10.1785665185	9979.98	53.1989331241	9457.031	53.0099685426	10491.21	60.4857969978
4.438	9.3090101709	10032.71	43.0216300279	9465.82	42.5617017083	10466.31	73.1285326989
4.439	10.5575320045	9959.473	37.5736556338	9547.852	49.4508100977	10527.83	50.8736618204
4.44	9.31342986062	9984.375	42.128858392	9547.852	52.1911367191	10495.61	77.4085817953
4.441	11.1358741193	9975.586	33.0246450467	9539.062	50.4906869009	10488.28	43.9633007979
4.442	10.732396458	9982.91	57.5595653878	9459.961	60.4009066352	10546.88	135.968845565
4.443	9.18266692449	9963.867	47.7926971402	9544.922	95.4610472056	10511.72	67.1778369221
4.444	9.70366646967	10006.35	36.4715064959	9508.301	72.9164758724	10546.88	93.3205533979
4.445	9.87531915883	9994.629	43.2229244126	9518.555	51.3043547143	10489.75	44.0275938758
4.446	10.3580281781	10047.36	38.6251869834	9474.609	72.7600934069	10546.88	179.800734178
4.447	9.6420100112	10012.21	31.8279488523	9508.301	56.751111675	10546.88	51.9974604574
4.448	9.74267805669	10047.36	30.3838938733	9457.031	77.4651286469	10546.88	89.9269332335
4.449	9.58255371326	10047.36	48.14843286	9515.625	49.4918761217	10546.88	140.811517962
4.45	9.74427624279	10000.49	22.6432989171	9514.16	73.9676080621	10548.34	67.3362438871
4.451	9.79014506437	9952.148	46.7172811509	9509.766	38.3640462534	10463.38	59.9272340309
4.452	10.2766288411	9987.305	45.5861576377	9506.836	67.7426108813	10549.8	45.5882002987
4.453	10.6259610718	10004.88	41.6359898454	9500.977	42.0708755468	10511.72	40.9536154276
4.454	10.0435861215	9959.473	46.0138632161	9527.344	51.7675382947	10492.68	62.8674039745
4.455	11.1556315846	9952.148	51.2750229482	9462.891	119.102111231	10549.8	53.6811535126
4.456	9.97052484255	9950.684	37.5333006584	9476.074	58.5044337338	10497.07	55.3480905938
4.457	9.78277940011	10029.79	50.4993790292	9506.836	59.5679811241	10521.97	65.7373170834
4.458	10.1246080505	10048.83	50.6682261355	9536.133	65.86693923	10548.34	119.937948358
4.459	10.1693349391	10022.46	55.6788372472	9473.145	39.3981876491	10524.9	74.540842757
4.46	10.2493355736	10018.07	34.2367418765	9512.695	56.9669492237	10478.03	96.4999575091
4.461	10.7081095582	10047.36	44.4194338978	9547.852	94.443484405	10546.88	58.8731064496
4.462	10.3013372815	10047.36	71.4953963239	9493.652	56.5896461511	10546.88	129.807002173
4.463	10.7000517341	9972.656	44.9667309826	9452.637	59.1092890178	10480.96	73.4359219487
4.464	9.42051959675	9955.078	52.4790443676	9515.625	77.1137450044	10545.41	66.8642174198
4.465	10.4836799322	10047.36	61.9288361418	9496.582	59.0639110743	10546.88	64.5919487533
4.466	9.32392564737	9975.586	45.2787799232	9527.344	77.1798027624	10524.9	116.174717561
4.467	10.7219365466	10044.43	74.9756618293	9540.527	34.0094061484	10517.58	66.846952244
4.468	9.65274768408	10001.95	31.3194014093	9518.555	54.9560072995	10543.95	122.391944371
4.469	10.7053748894	10009.28	55.0690965596	9492.188	63.0439523852	10543.95	96.9639573801
4.47	11.211184586	9988.77	45.9479242085	9544.922	79.1272408254	10469.24	68.0629561139
4.471	11.8667804379	9965.332	45.1106179033	9457.031	99.5053106527	10451.66	54.1548363476
4.472	10.1795873464	10042.97	59.0521939581	9496.582	57.9056232344	10469.24	69.3866536659
4.473	15.008628862	10006.35	74.400720971	9531.738	140.395014009	10538.09	70.7764927454
4.474	22.3313967346	9999.023	84.6261732738	9498.047	70.9759997027	10470.7	123.851024397
4.475	308.859920906	10003.42	1039.73526136	9505.371	2120.89797113	10529.3	2138.57686122
4.476	5810.67194073	9987.305	23740.950921	9492.188	25805.8654379	10454.59	20234.8188409
4.477	1273.0692395	10000.49	7053.31089819	9500.977	6717.25479866	10541.02	9185.90273015
4.478	544.036096578	9982.91	2582.828685	9465.82	2945.98062979	10469.24	4467.80604606
4.479	311.146236747	10028.32	1556.91445534	9493.652	2745.32647546	10485.35	2611.12653909
4.48	210.466549318	9988.77	782.002743913	9487.793	1258.649529	10526.37	1372.89562864
4.481	125.39064952	9972.656	560.303167577	9481.934	1465.44003815	10545.41	815.716819916
4.482	92.9807617966	10012.21	513.260999588	9503.906	529.738168467	10538.09	512.38644298
4.483	64.7558130301	10022.46	327.987115384	9536.133	450.33472901	10524.9	332.337753352
4.484	50.5990108605	9993.164	242.934619111	9458.496	352.624148098	10497.07	315.364553494
4.485	39.1017284534	9985.84	164.929941101	9539.062	351.044718243	10513.18	218.857714105
4.486	34.690782525	10004.88	153.751516635	9508.301	329.937415234	10453.12	185.342402703
4.487	28.7144726205	10041.5	103.58777567	9487.793	225.466828928	10533.69	265.261255528
4.488	25.2131621365	9974.121	138.108731651	9467.285	219.72271617	10543.95	131.71546487
4.489	26.4536199968	9987.305	100.256801427	9461.426	184.196551134	10526.37	147.751850847
4.49	24.0519898253	9979.98	126.991532637	9487.793	161.478258739	10466.31	152.589636969
4.491	23.3074599736	9971.191	217.721731687	9544.922	112.680478275	10494.14	147.385610741
4.492	19.6476489807	9991.699	99.9698717462	9451.172	155.779559459	10498.54	78.4731026242
4.493	22.2001459117	9963.867	97.9409766565	9503.906	97.4122063715	10453.12	164.078762114
4.494	19.2361852976	9996.094	86.7250575123	9541.992	109.237019351	10549.8	72.3461255598
4.495	20.3635138845	10037.11	79.0832010114	9452.637	90.5418480951	10507.32	73.3863580579
4.496	19.9369249131	9955.078	104.572039501	9464.355	109.193349826	10460.45	98.6278951728
4.497	19.4009034421	10018.07	105.284715043	9452.637	150.163618711	10507.32	99.1827019983
4.498	18.0053027359	9965.332	112.347420732	9543.457	93.9243615436	10482.42	104.107633693
4.499	16.2041108778	10048.83	92.4090605574	9536.133	93.048930819	10548.34	218.248166844
4.5	17.0156953538	9968.262	102.131670638	9521.484	128.953832689	10546.88	122.213686641
4.501	19.433960705	9990.234	93.5495535171	9495.117	111.964999833	10548.34	125.072970236
4.502	15.659351154	9956.543	59.4753219327	9454.102	111.864735831	10491.21	141.047098317
4.503	15.7464566106	9988.77	71.9994502491	9524.414	91.3314647249	10491.21	91.1636844323
4.504	15.5562940686	10037.11	61.9375339034	9496.582	105.764434433	10501.46	72.581185256
4.505	15.6193985748	10006.35	93.5806435166	9533.203	78.732648381	10473.63	68.4659343546
4.506	14.689260947	10001.95	48.3902793236	9493.652	118.870678725	10450.2	124.180585338
4.507	14.383464101	10015.14	106.012426782	9487.793	108.348113067	10538.09	108.064198904
4.508	15.1744831784	9966.797	67.8135320375	9476.074	128.454820315	10535.16	96.8850482147
4.509	14.4236679683	9994.629	62.0881521243	9530.273	126.494192865	10454.59	101.809066355
4.51	14.93861054	9962.402	64.5453384982	9511.23	91.3969857148	10501.46	95.0912321469
4.511	13.5087211561	10018.07	54.794353614	9546.387	137.93633837	10532.23	98.9962168817
4.512	12.3030076738	10022.46	42.7582765732	9452.637	78.0549529573	10513.18	166.461191748
4.513	15.2134206463	10026.86	71.3692791558	9517.09	95.6793824566	10523.44	63.717321026
4.514	12.1076714251	10038.57	55.2458685778	9452.637	55.2563604612	10527.83	104.453558372
4.515	13.089449935	9950.684	55.5560936404	9543.457	130.268945195	10470.7	93.8536057811
4.516	14.13366696	9991.699	68.1242743979	9508.301	90.0331550372	10453.12	146.890979653
4.517	12.1909419824	9978.516	56.8428968107	9452.637	111.06222416	10491.21	88.9171693736
4.518	12.8240145969	9978.516	70.1344838572	9546.387	84.9628229034	10532.23	76.61948681
4.519	13.4847705056	10022.46	67.3777456098	9541.992	89.4919071755	10480.96	72.6844172217
4.52	12.4338764987	9950.684	45.918509914	9524.414	137.516938821	10538.09	73.4060058121
4.521	13.8306111758	10038.57	53.6762237412	9524.414	85.5147971692	10451.66	45.2570184229
4.522	14.169430781	10047.36	56.9414347987	9471.68	60.9998139926	10475.1	99.5201746233
4.523	11.6276021733	9979.98	63.6853036279	9477.539	67.271256661	10491.21	75.107738447
4.524	12.0673053358	10010.74	58.1211700501	9465.82	50.8206297323	10504.39	85.9236395643
4.525	13.6714586419	9981.445	48.8224575109	9480.469	39.9008094717	10461.91	93.4513987245
4.526	12.82222591	10025.39	36.7939525734	9533.203	66.0396539266	10454.59	96.2789427757
4.527	12.4303137032	10031.25	62.6731766521	9458.496	136.40389371	10549.8	108.714211012
4.528	13.5831249625	10045.9	138.179751888	9476.074	63.9038420842	10533.69	95.9847977322
4.529	12.975861492	10022.46	45.7221967272	9476.074	104.474244176	10541.02	69.8932752317
4.53	12.3058608364	9984.375	63.7560101222	9486.328	144.011450712	10457.52	68.2456029609
4.531	12.7962953006	9985.84	67.1137869036	9459.961	184.504580568	10548.34	90.9094678418
4.532	13.0494257575	9996.094	64.295168621	9452.637	97.9575340791	10502.93	116.060037681
4.533	14.0917415484	9985.84	50.804053562	9484.863	86.5082852746	10491.21	68.5180235269
4.534	13.696203114	9963.867	66.4496586541	9451.172	126.624020272	10466.31	97.2363826388
4.535	12.9883624814	9985.84	76.3881984111	9483.398	70.8915354382	10451.66	98.1171904837
4.536	14.3811686121	10000.49	58.9725353567	9489.258	92.5800622821	10479.49	94.773600725
4.537	16.4946038103	10042.97	77.593253536	9451.172	122.227312306	10535.16	66.0364188682
4.538	16.1484461912	10035.64	99.4777164083	9452.637	176.671622735	10549.8	81.058534444
4.539	15.7712423616	10048.83	79.5130981481	9471.68	70.8201219065	10521.97	81.6906992633
4.54	14.2701800052	9990.234	82.1951830628	9452.637	180.818664074	10514.65	169.289623438
4.541	17.5131647489	9952.148	65.8772585958	9464.355	127.274162189	10536.62	75.7310961006
4.542	18.1435263355	9984.375	65.3305472085	9520.02	142.753218793	10472.17	101.462463472
4.543	14.9839520493	9953.613	75.6582148635	9454.102	74.8734282795	10500.0	96.1436973555
4.544	16.7527927433	9960.938	68.5809499906	9520.02	107.360554965	10524.9	120.345596426
4.545	17.7354622216	10012.21	108.585217772	9495.117	116.919225088	10532.23	96.9543937951
4.546	17.803837083	9953.613	49.1255687864	9487.793	114.862777689	10502.93	65.8604619101
4.547	19.8190867694	10032.71	63.7349234206	9527.344	153.354903525	10450.2	118.162408436
4.548	17.3421374391	9997.559	65.7559570988	9477.539	119.524226286	10511.72	136.318175948
4.549	16.6844731853	9999.023	137.904577415	9451.172	87.2142910216	10486.82	116.016419984
4.55	16.7041122633	10021.0	138.797459703	9506.836	72.4895776653	10488.28	87.6660429895
4.551	16.178921679	10009.28	66.9799167003	9465.82	132.513272655	10483.89	73.625717645
4.552	16.8839610439	10048.83	139.325338296	9534.668	67.0718435581	10546.88	121.853756183
4.553	14.5704818047	10042.97	64.6194950574	9499.512	123.267598226	10548.34	93.1544691735
4.554	15.8420137252	9972.656	73.8158592248	9509.766	134.230740083	10456.05	60.3049065617
4.555	14.9558749761	9950.684	60.8278862515	9459.961	102.831518454	10482.42	111.666801273
4.556	14.8642998987	9974.121	42.8828119375	9537.598	57.5777681141	10549.8	71.5507256686
4.557	13.1834826119	9985.84	73.8115162789	9454.102	91.7219882167	10469.24	113.110221685
4.558	13.3676343493	10000.49	77.8373217243	9468.75	85.9040863293	10486.82	95.8637768041
4.559	13.6430110358	10009.28	61.4208411822	9546.387	81.9723572939	10482.42	133.174502572
4.56	14.3204152415	9997.559	50.4153795439	9484.863	128.491873553	10510.25	98.2141557763
4.561	13.6187652354	10018.07	65.9135700996	9495.117	136.607445055	10472.17	38.8761818336
4.562	11.6049437004	9953.613	46.2892088377	9455.566	90.1103802099	10517.58	103.521291631
4.563	12.3236497182	10025.39	43.5576913026	9518.555	119.309938194	10451.66	129.539492141
4.564	11.4771621165	9958.008	82.5932906552	9536.133	90.3683525183	10524.9	106.613110109
4.565	10.8459213176	9974.121	43.9671940551	9459.961	52.9161889726	10500.0	82.9467292537
4.566	10.8518337313	9956.543	54.3954695273	9451.172	85.674195657	10473.63	60.9741491709
4.567	11.2062836758	9997.559	100.461421733	9505.371	100.792463886	10541.02	85.3559004691
4.568	11.7909094201	10001.95	42.4141429132	9451.172	88.1252995106	10549.8	80.7711533814
4.569	11.0788523419	10031.25	80.7121133295	9541.992	109.790285284	10542.48	63.2820500518
4.57	10.7682127754	9958.008	66.7609965507	9521.484	73.5596614374	10491.21	66.3077099567
4.571	11.0190529105	10003.42	51.3761719123	9499.512	50.7179922324	10460.45	72.9716333821
4.572	11.1313577509	9975.586	64.4175707601	9451.172	67.3493839734	10458.98	68.3119333203
4.573	11.0548436194	10035.64	36.4380224236	9471.68	110.220408803	10478.03	96.0876960064
4.574	10.139789321	9950.684	43.7933118015	9492.188	85.8050812532	10451.66	85.1777000244
4.575	10.1531215114	9999.023	74.4838332493	9541.992	52.3676902018	10505.86	94.7044427504
4.576	10.6138230911	10001.95	52.039181807	9512.695	48.7466407382	10507.32	63.0044312348
4.577	10.7957487356	10016.6	55.5831320557	9522.949	67.7006948042	10543.95	77.2798835948
4.578	10.0106362874	10048.83	60.4200105154	9455.566	67.9837961235	10451.66	123.176095419
4.579	11.4427474573	9997.559	57.7535300978	9512.695	73.6796145681	10461.91	48.6540169753
4.58	11.6889702656	10013.67	95.5437394401	9508.301	69.6287118114	10548.34	88.6901719208
4.581	12.0802685712	9999.023	81.3195599445	9511.23	68.5732892458	10548.34	118.406624667
4.582	10.9679493327	9997.559	73.786889111	9514.16	73.0360254809	10451.66	91.4536331342
4.583	10.7373759612	10034.18	70.5305734771	9549.316	57.6014219039	10519.04	81.0777221837
4.584	9.44607076556	9952.148	72.4281174843	9454.102	59.0339553975	10521.97	78.5155727792
4.585	10.5611636855	9981.445	52.842966515	9508.301	70.0366059362	10502.93	55.34722638
4.586	11.6501851806	9979.98	52.0891554423	9517.09	61.3292898446	10453.12	81.8102949478
4.587	10.509854001	10023.93	65.7598331399	9476.074	65.784176847	10453.12	114.196638653
4.588	10.6546127318	9997.559	62.8493418514	9476.074	74.0928221812	10549.8	49.1947604953
4.589	10.7031407164	9997.559	71.1300985216	9540.527	73.2015378186	10513.18	73.0950612469
4.59	10.0541416197	10035.64	39.5912722434	9546.387	52.7178006658	10482.42	49.94583765
4.591	11.4930369413	9953.613	55.5990849876	9549.316	41.621214683	10514.65	52.8533184814
4.592	10.4430830375	10048.83	30.9182769058	9546.387	50.7760399054	10451.66	67.6257207915
4.593	11.0142205943	9996.094	37.3034187381	9487.793	52.0335015114	10453.12	65.9255795082
4.594	10.9725748704	9977.051	59.3787960603	9452.637	98.0791240765	10530.76	64.1226913468
4.595	10.0123289338	9979.98	77.8291114137	9512.695	96.5927881366	10461.91	53.7272198775
4.596	11.2725290339	9966.797	57.9338826891	9531.738	71.5371456242	10545.41	69.9780416499
4.597	11.582389054	9965.332	48.2484501335	9451.172	59.9108333538	10454.59	91.8903567115
4.598	10.0198078784	9950.684	36.8319841923	9451.172	91.190936787	10470.7	95.0314789008
4.599	9.44644842109	9988.77	36.1176634055	9515.625	55.7373404271	10520.51	84.1002677685
4.6	10.5138232518	10048.83	71.6251182455	9543.457	48.022096359	10497.07	53.1658612248
4.601	10.6422874507	9997.559	44.5197784272	9451.172	60.1909673171	10480.96	56.9181875625
4.602	10.8768695332	9960.938	50.9467798191	9464.355	68.5099315966	10545.41	66.5360861803
4.603	12.1837659903	10016.6	33.3166675591	9528.809	49.093516563	10480.96	90.4560306736
4.604	10.4685392654	10019.53	71.9434435764	9517.09	70.1315524566	10454.59	71.547599423
4.605	9.92946567779	9959.473	50.1332798132	9537.598	55.574087927	10549.8	58.567497477
4.606	11.2277774621	9996.094	60.7231189026	9487.793	57.5782183288	10460.45	66.8010740759
4.607	10.4441635166	9950.684	54.4281567616	9495.117	64.9826375598	10501.46	103.784588842
4.608	10.0269062971	9962.402	53.2961985911	9451.172	70.470412262	10457.52	64.2055339917
4.609	10.2019831192	10015.14	53.3332545314	9451.172	63.8323429989	10546.88	45.6381360299
4.61	13.3176526307	9963.867	49.8976544401	9505.371	44.2719425692	10536.62	69.791248935
4.611	9.68586262038	9979.98	59.6355153289	9503.906	84.148614408	10453.12	129.603209422
4.612	10.4278158002	9997.559	89.1196600751	9489.258	61.1479845721	10451.66	68.7763802676
4.613	10.06687078	9955.078	57.2816929247	9480.469	63.2316523547	10454.59	58.8123610264
4.614	12.4092529037	10016.6	42.4306433769	9498.047	91.1851280026	10453.12	122.140449905
4.615	9.79605565085	9975.586	58.8318976196	9534.668	75.0523773709	10541.02	98.7020392017
4.616	10.0142104716	10038.57	89.290165957	9537.598	66.2037081409	10510.25	78.6388734967
4.617	11.1644744783	9987.305	79.8570884482	9531.738	77.5436014997	10541.02	96.1173386909
4.618	11.9302564364	9952.148	81.1498183918	9452.637	153.373812142	10511.72	53.6679738844
4.619	10.7857845544	10023.93	63.978991276	9458.496	85.6779506981	10543.95	56.1793666407
4.62	10.4243403767	9966.797	58.6603114555	9470.215	89.0212543134	10475.1	60.6566224605
4.621	10.5857265227	9975.586	64.6006596377	9451.172	72.5212555389	10466.31	60.701136231
4.622	10.5448863804	9956.543	42.1140292368	9486.328	67.3006921997	10543.95	70.9437953242
4.623	10.2632519835	9963.867	37.6451771657	9541.992	67.7851310626	10451.66	108.581476583
4.624	11.4255206625	9984.375	47.7363819653	9451.172	95.5868242498	10541.02	62.7483822255
4.625	10.301459858	9994.629	38.6782441497	9451.172	78.4714276467	10492.68	69.6480955366
4.626	10.5955809115	10029.79	33.2290088104	9467.285	53.8696296267	10513.18	88.5312988361
4.627	11.0041370475	9959.473	49.0394675608	9543.457	79.0794893216	10450.2	99.9202438723
4.628	10.8873333088	9985.84	34.5770977388	9508.301	68.642958575	10549.8	92.5218947027
4.629	11.4904558956	10048.83	64.1980103077	9549.316	47.065004877	10478.03	92.1117137019
4.63	10.4414769997	9982.91	49.8170013129	9524.414	65.1153564723	10502.93	109.716054147
4.631	11.1904123449	10007.81	43.800681006	9525.879	59.4113458588	10450.2	108.917176919
4.632	10.3950506858	10018.07	47.109980504	9461.426	99.4740737508	10450.2	91.2600128379
4.633	10.5818545052	10019.53	39.4195604406	9483.398	56.5069723748	10549.8	58.0270097006
4.634	11.3722237166	10004.88	38.7684193955	9454.102	69.5241816811	10521.97	74.0520641582
4.635	9.57832824979	10040.04	63.7808594793	9464.355	53.1069578029	10549.8	99.9496808329
4.636	11.7956666071	10025.39	50.2401524389	9514.16	75.8690352407	10450.2	93.3956089377
4.637	10.053155147	10016.6	43.4979082207	9500.977	47.7436508084	10535.16	69.7354472468
4.638	10.9958331476	10038.57	42.2149814112	9467.285	67.9742716725	10539.55	68.1172742468
4.639	12.7749318451	9990.234	45.1754157454	9543.457	81.4988386391	10453.12	97.3021592259
4.64	12.5073254253	9997.559	66.0270777456	9480.469	92.6776367812	10501.46	42.9736638638
4.641	12.0108494981	9959.473	44.2475823252	9459.961	68.1551503423	10497.07	72.022771358
4.642	10.93988805	9994.629	67.6971777126	9549.316	37.6897241994	10549.8	43.2262738845
4.643	12.0588507204	10044.43	34.2569687045	9500.977	89.9179426563	10549.8	76.5244295695
4.644	12.7370241613	9968.262	57.4018725674	9457.031	123.104513193	10502.93	77.8803783021
4.645	11.0731866516	9969.727	57.289591844	9454.102	106.687928295	10450.2	106.650324676
4.646	11.3495982567	9960.938	81.83725438	9490.723	65.1775338909	10450.2	98.4570459463
4.647	12.4693159147	10012.21	84.4973941087	9483.398	67.6426638638	10467.77	76.8157371318
4.648	12.1932164724	10016.6	51.8268608414	9549.316	43.6892068202	10460.45	77.065881187
4.649	11.3257273245	9969.727	71.8781412729	9462.891	51.3970771299	10485.35	75.5473702391
4.65	11.7623368687	9985.84	65.6470538549	9503.906	90.6678018851	10457.52	80.3521129841
4.651	12.9430725708	10004.88	69.1415562554	9479.004	51.2853966638	10483.89	75.8488520973
4.652	13.2742364017	10048.83	50.135618603	9547.852	141.947202865	10548.34	102.114642248
4.653	11.3623912771	10010.74	37.9727525993	9499.512	86.5058871485	10497.07	114.985268119
4.654	12.1737415151	10018.07	54.4427996041	9465.82	64.2221739946	10520.51	88.9597144463
4.655	12.8577337061	10000.49	58.821630997	9536.133	70.6527402492	10507.32	53.6981180412
4.656	12.4218990439	10047.36	93.0094731061	9547.852	50.5228900574	10546.88	72.7847218804
4.657	13.7813161394	10000.49	75.8998215705	9490.723	56.2918040215	10517.58	82.1770547404
4.658	11.5995598225	10047.36	68.1231090535	9479.004	68.1739181294	10501.46	94.961831113
4.659	13.4895432609	9977.051	64.7437125133	9511.23	61.070724869	10492.68	62.9804508669
4.66	11.1988791989	10047.36	68.5165710502	9547.852	88.6776828921	10450.2	69.1518248936
4.661	12.7062486455	9994.629	54.1189396457	9511.23	80.7799909452	10495.61	80.7279941792
4.662	12.6131455301	9997.559	51.6856582845	9549.316	45.1983874974	10479.49	72.8375648425
4.663	13.4014288861	9990.234	83.4762321419	9544.922	69.4524513369	10549.8	40.6629487486
4.664	12.4922042408	10000.49	57.7048578909	9458.496	54.8538935337	10461.91	57.9786292641
4.665	11.8203063796	10022.46	74.1231102777	9481.934	68.311483118	10549.8	74.346248737
4.666	12.0086298547	9984.375	77.3869116848	9480.469	93.1184670159	10492.68	121.875063908
4.667	12.8605301579	10006.35	42.4275100555	9483.398	94.5114902823	10539.55	96.3741654427
4.668	12.4038841924	10037.11	65.6274658795	9487.793	80.8239090187	10463.38	75.5121057108
4.669	14.8209063897	9952.148	86.7178297682	9499.512	105.94585188	10467.77	77.5840039048
4.67	13.7252993919	9977.051	97.1121060797	9451.172	108.207370686	10457.52	63.2946420871
4.671	12.6053599241	9950.684	136.292194703	9522.949	101.860615278	10524.9	127.852312835
4.672	12.2442433452	9972.656	127.201542837	9459.961	132.205931592	10458.98	122.675760381
4.673	14.0272682193	10001.95	41.50019397	9512.695	94.3328241873	10516.11	79.7087581637
4.674	12.8659856243	9958.008	41.9480602675	9515.625	79.0844203571	10463.38	57.9345648545
4.675	12.5610296026	10016.6	63.8727440935	9457.031	111.040878808	10549.8	52.0406637893
4.676	14.1880663051	9975.586	59.2283516767	9500.977	97.5530413418	10485.35	113.424008012
4.677	14.2094599699	10018.07	64.1230306279	9464.355	48.736999426	10458.98	90.5195480722
4.678	14.5497777772	9966.797	71.3825986719	9487.793	92.9567183125	10545.41	82.1839990972
4.679	12.8479904421	10045.9	67.175000498	9459.961	72.8618261252	10505.86	85.769665283
4.68	15.3823438829	9974.121	82.9146538505	9543.457	65.9774176165	10498.54	113.183216716
4.681	13.3685972402	10045.9	81.3063953704	9459.961	91.1370823607	10532.23	85.4408326001
4.682	13.6112752013	10000.49	60.7899179902	9499.512	87.0611897327	10458.98	76.5964297196
4.683	13.4901335311	9963.867	84.3744685279	9495.117	96.1809424297	10470.7	112.145385727
4.684	12.5493214003	10047.36	57.809064189	9534.668	65.7294561647	10535.16	105.777264818
4.685	16.0516341199	10048.83	48.6083104167	9544.922	105.698578789	10539.55	72.0879957841
4.686	13.5716952606	10016.6	90.1867132697	9476.074	97.1716509568	10543.95	66.7642573633
4.687	15.1839704146	10010.74	87.4489126736	9484.863	98.3163531991	10497.07	111.509798758
4.688	14.7351043696	10044.43	59.4299505273	9536.133	76.7340693244	10456.05	110.533674619
4.689	16.3392191826	10007.81	50.7381206537	9486.328	91.1438480537	10539.55	108.755943616
4.69	14.3800299157	10001.95	78.4195532074	9530.273	96.2017311288	10511.72	120.136752697
4.691	16.0518395561	10018.07	65.1908552418	9480.469	64.1853672137	10530.76	71.9724113712
4.692	16.6411725158	10026.86	63.3935386281	9452.637	95.1586504712	10472.17	82.7079572213
4.693	15.7326570333	9999.023	63.4501752366	9493.652	201.800259744	10478.03	117.223247751
4.694	17.429219578	9981.445	83.6418389777	9500.977	106.152021484	10501.46	167.938427976
4.695	14.9225884737	9982.91	56.7152045953	9546.387	111.272275567	10549.8	75.8311400002
4.696	15.6240646797	9990.234	87.0474552265	9546.387	90.7405313628	10464.84	181.284323346
4.697	18.4995334839	10004.88	96.7417869812	9458.496	63.0146726629	10530.76	112.233738525
4.698	16.5182196622	10022.46	62.1684694456	9486.328	80.2745507312	10529.3	111.42314202
4.699	16.8421858627	9999.023	95.4857481248	9459.961	133.039774976	10543.95	154.827787954
4.7	18.5020134891	9968.262	84.3787458193	9511.23	193.998938819	10536.62	144.726734356
4.701	93.7131566055	9997.559	1162.94745792	9474.609	511.100544921	10514.65	684.626001754
4.702	17.7949722294	10007.81	83.9386380844	9484.863	104.066551654	10470.7	144.116696521
4.703	16.9330880838	9999.023	87.8694255093	9473.145	110.999972167	10494.14	119.584679231
4.704	35.0447004582	9996.094	119.47369403	9452.637	239.947264339	10514.65	176.729536376
4.705	17.1714393073	10003.42	99.2485199955	9457.031	101.46059768	10545.41	103.213342972
4.706	17.5654164301	9982.91	84.6782777605	9544.922	125.731645557	10464.84	83.0817112629
4.707	19.9807179831	10048.83	91.3917383423	9451.172	101.72485551	10469.24	152.954814312
4.708	87.311522897	9985.84	308.008195474	9541.992	420.347710588	10453.12	598.726815498
4.709	19.6891170486	10045.9	120.586232703	9511.23	140.686672298	10502.93	144.665990426
4.71	17.4987804004	10028.32	103.950839055	9528.809	88.6830470854	10500.0	92.5187026189
4.711	54.5572384315	10035.64	268.825368179	9462.891	365.695557706	10511.72	277.715874336
4.712	20.1812587051	9979.98	102.787690746	9459.961	173.355016822	10548.34	148.778239393
4.713	22.0021157891	9968.262	89.3939818365	9468.75	116.975873177	10545.41	203.489236906
4.714	24.5351340598	9953.613	92.6154949114	9503.906	139.363478643	10545.41	113.646294444
4.715	20.1685035654	9999.023	185.663169882	9539.062	149.513163177	10479.49	140.944780178
4.716	24.8083115168	9988.77	137.905793615	9502.441	145.95126519	10485.35	133.393889529
4.717	28.7427311196	10038.57	127.022939815	9481.934	181.685235256	10546.88	202.504139207
4.718	31.1250335886	9963.867	166.709144334	9496.582	213.740418327	10533.69	215.227187944
4.719	33.5233541001	10032.71	220.661518368	9521.484	306.703840082	10494.14	514.000761035
4.72	40.4990684645	10042.97	224.2474694	9479.004	227.973217851	10520.51	406.858097995
4.721	45.1694639326	10006.35	254.26044672	9480.469	381.394521012	10457.52	306.10671442
4.722	63.4790322793	9999.023	508.527792647	9524.414	451.906137852	10486.82	415.672489538
4.723	61.7550714919	9952.148	221.458924074	9481.934	357.813039181	10513.18	418.083587501
4.724	62.0191272613	9965.332	342.979373136	9544.922	377.264576641	10464.84	584.160332452
4.725	92.0033734456	10034.18	377.100268921	9547.852	359.277221294	10473.63	374.923528903
4.726	99.1150933845	10015.14	483.167717107	9461.426	649.548756982	10500.0	515.482215366
4.727	107.426068913	10044.43	513.636433341	9464.355	727.181060673	10500.0	669.936376882
4.728	132.278588496	9956.543	613.117947357	9465.82	891.55353522	10524.9	597.168003611
4.729	134.878799954	10029.79	762.761463615	9511.23	993.069065615	10473.63	878.762905694
4.73	159.821524834	10045.9	540.724794676	9533.203	733.048512378	10543.95	1290.30179675
4.731	179.943781855	9985.84	737.157618509	9520.02	1282.42475712	10527.83	800.308094073
4.732	168.285376933	9965.332	1561.41325357	9476.074	1058.24285797	10508.79	1143.66112044
4.733	183.839467379	9999.023	853.675412251	9471.68	1001.27252498	10511.72	1169.40783982
4.734	236.323233097	10016.6	1462.72038606	9477.539	1209.00885563	10494.14	1033.26855796
4.735	190.299047919	9975.586	910.548857343	9500.977	1633.20978537	10479.49	1257.1636454
4.736	239.877082334	9997.559	1545.94566571	9515.625	1392.33460103	10494.14	1511.77523964
4.737	224.684465018	9978.516	2223.41720441	9536.133	1307.78332705	10527.83	1767.0744629
4.738	256.110066268	9997.559	2176.24532601	9451.172	1306.36012264	10497.07	1810.61954466
4.739	259.626102793	9997.559	1270.0185967	9508.301	2209.85977494	10475.1	1766.89273715
4.74	250.50407987	9999.023	3086.9050581	9533.203	1490.92770315	10485.35	1404.35844249
4.741	305.953727275	9999.023	1706.89078888	9455.566	2288.85060402	10507.32	1625.15927477
4.742	304.384863859	9997.559	1543.53138806	9454.102	1193.1510566	10460.45	1518.06797605
4.743	301.428294251	9999.023	3222.72857738	9489.258	4108.91623817	10536.62	1818.16722251
4.744	268.866681566	9999.023	3730.00606986	9517.09	1176.6791898	10454.59	1868.86527668
4.745	319.568497178	9997.559	4804.63713578	9454.102	1772.01030154	10524.9	2593.46718156
4.746	329.413373262	9999.023	2908.07400895	9452.637	2756.7830106	10483.89	1801.26120854
4.747	379.318056362	9999.023	2180.89739499	9536.133	4108.45126083	10520.51	2077.37966021
4.748	398.928566343	9997.559	4431.56810816	9522.949	2409.73365291	10463.38	4464.5998548
4.749	358.844362581	9999.023	3572.5985817	9455.566	2550.07919055	10529.3	3139.9634318
4.75	409.962663275	10028.32	2272.45418298	9536.133	2157.25510432	10485.35	2670.93419785
4.751	442.693814791	9997.559	3671.62818789	9471.68	2554.22053029	10486.82	2290.96932278
4.752	531.372584915	10006.35	1971.2830195	9547.852	3313.08383485	10527.83	2844.75883773
4.753	492.758847971	9999.023	4821.94175629	9518.555	2796.83736128	10545.41	3678.96029047
4.754	637.720414425	10045.9	4218.0411988	9500.977	4851.0166258	10483.89	4347.11136507
4.755	616.342912516	9950.684	3475.91045116	9544.922	3758.90783532	10511.72	3697.4803716
4.756	803.653373367	9999.023	5839.64066938	9528.809	5356.55773681	10457.52	4234.00201335
4.757	1205.40291003	9997.559	8738.63653026	9496.582	5578.76756503	10464.84	5600.61206983
4.758	1622.16180009	9969.727	8246.92381331	9464.355	7710.25228113	10472.17	7038.77217406
4.759	2053.29358615	9999.023	18736.3265669	9508.301	8092.14189752	10451.66	23203.0757917
4.76	4535.9907735	10038.57	27472.3831537	9534.668	16443.5025234	10546.88	43469.5662307
4.761	2903.66373083	10041.5	11652.1887285	9473.145	20137.4187832	10453.12	17102.8110516
4.762	456.276806433	10003.42	1881.29081858	9502.441	2497.7765826	10463.38	2876.99017586
4.763	104.58004102	9966.797	475.691010683	9534.668	614.546182951	10480.96	537.652478709
4.764	33.5534176198	9985.84	178.255045224	9471.68	185.875607793	10545.41	240.523491697
4.765	18.6212510455	10035.64	72.9616857735	9465.82	110.674321726	10530.76	111.772076603
4.766	15.0597294977	10031.25	79.1922246205	9512.695	118.788495495	10530.76	154.300127679
4.767	12.0641153012	10047.36	62.9888789797	9483.398	58.3353084438	10545.41	69.011620059
4.768	10.7961842128	10047.36	57.2697368691	9511.23	57.3739937411	10546.88	72.0381059241
4.769	11.861072619	9956.543	47.0000739437	9547.852	90.9688781282	10546.88	56.9997895945
4.77	9.28326329013	10047.36	100.71852584	9499.512	70.8279790347	10507.32	95.0993711513
4.771	11.6800587241	9966.797	54.8983491096	9537.598	46.0699332362	10535.16	66.1454662961
4.772	10.6452991131	10047.36	75.5303251995	9546.387	84.2772565029	10546.88	68.4823992901
4.773	9.97327283389	9997.559	41.8545995742	9462.891	63.5175619135	10546.88	61.2292995486
4.774	9.96094954123	9971.191	42.836772712	9487.793	45.5600837089	10532.23	52.1121167211
4.775	10.9058908287	10047.36	30.0338637166	9515.625	67.2908892379	10510.25	91.4797729641
4.776	10.2001457938	10007.81	47.9431340984	9462.891	35.4948380885	10457.52	71.4355419716
4.777	10.1939844249	10031.25	48.9490982596	9477.539	66.1297836117	10473.63	76.2708877511
4.778	9.33982338923	9996.094	30.9339468038	9549.316	45.8519349398	10470.7	73.2576848337
4.779	10.5023217155	9993.164	44.9813774793	9489.258	38.5377167148	10467.77	78.2611677363
4.78	10.1263447816	9968.262	33.939831309	9549.316	40.3121538793	10549.8	33.4120701262
4.781	10.2446434999	9950.684	70.367400924	9509.766	72.4135895874	10473.63	61.3500107261
4.782	10.2136415001	9981.445	49.13623528	9549.316	50.3172151595	10549.8	74.3037791273
4.783	11.0684554898	10045.9	38.7775716021	9465.82	81.1501990601	10549.8	80.6525914472
4.784	12.073996461	9985.84	34.0734418686	9495.117	57.2976257128	10539.55	55.4607679249
4.785	9.48404235972	9985.84	38.6125633717	9451.172	78.1285750639	10466.31	43.7299531672
4.786	9.19090221385	9978.516	69.4678527969	9539.062	52.7513384647	10542.48	79.0519277823
4.787	9.81383803225	10018.07	33.8169501085	9524.414	57.5240527265	10501.46	61.1425677571
4.788	9.41950836569	9993.164	35.5448766188	9520.02	58.603450518	10478.03	67.7272636332
4.789	9.52629840982	9981.445	40.1714088847	9452.637	100.697974971	10502.93	72.3618586681
4.79	10.1047806793	9975.586	51.647018126	9502.441	82.6370647715	10451.66	64.3608845941
4.791	11.0209575454	10041.5	51.0319923558	9452.637	97.6300082022	10510.25	86.7479949037
4.792	9.3880823203	9978.516	33.6358552068	9524.414	53.2071182229	10453.12	75.3016358149
4.793	9.00517185852	9971.191	47.3389970776	9457.031	76.9515259487	10473.63	44.1838326556
4.794	9.60410949289	9982.91	31.0420087575	9464.355	39.654028866	10458.98	71.8422854609
4.795	10.9533698567	9952.148	35.0672743993	9457.031	57.6677032926	10482.42	57.8906761739
4.796	10.1227303595	10038.57	40.9510991779	9451.172	49.8787251606	10545.41	60.3814356665
4.797	9.5373752519	9978.516	36.0212946411	9452.637	99.014133484	10451.66	81.0323685407
4.798	9.88572447823	10034.18	47.9314029265	9451.172	71.7446171095	10451.66	99.0994466683
4.799	10.0049791713	10013.67	40.8690061865	9487.793	54.2577292815	10507.32	71.7438749007
4.8	9.21160996873	10010.74	45.5199907351	9462.891	50.8094501249	10450.2	81.5705806702
4.801	9.01083942835	9953.613	51.2105613188	9533.203	67.6502604529	10450.2	71.5300565938
4.802	8.97059436194	10021.0	40.2080062954	9520.02	75.2803909897	10549.8	54.5166327443
4.803	11.257902099	9955.078	59.8437737555	9549.316	88.2687202832	10548.34	90.2490783837
4.804	10.5089472811	10048.83	135.2524979	9534.668	53.3947436929	10504.39	71.0590935258
4.805	9.58543034294	10026.86	36.9764171542	9536.133	66.8977292519	10456.05	70.0132836328
4.806	9.7749086436	10047.36	77.5147187097	9524.414	44.7570243586	10548.34	77.2322534312
4.807	9.4495879036	10047.36	108.696871539	9522.949	75.6697950431	10505.86	78.4723155152
4.808	9.95263495988	9963.867	28.7661388624	9525.879	52.1067358112	10543.95	44.1642311037
4.809	9.56464278816	10015.14	39.4644340641	9549.316	42.0168137484	10533.69	53.1974602701
4.81	9.57292070064	9953.613	42.8383840805	9547.852	51.9862316098	10533.69	72.2598765454
4.811	9.33585097677	10022.46	72.0463485488	9505.371	75.2871418566	10504.39	50.9912623314
4.812	9.95301804533	9969.727	47.0185977876	9546.387	77.8853255358	10546.88	47.1185184691
4.813	9.04540186516	9987.305	38.8651211595	9547.852	104.169287489	10475.1	68.0640377781
4.814	9.75726392748	9993.164	48.6892266395	9544.922	82.0810604361	10466.31	45.5971885948
4.815	11.020377492	10026.86	50.2324121823	9524.414	59.4437071115	10545.41	55.3628387828
4.816	9.55930396556	10021.0	57.4289852407	9457.031	59.6125930749	10507.32	88.7890341105
4.817	9.57462739681	9962.402	42.9937471916	9454.102	62.3604081373	10545.41	58.1026958013
4.818	8.741257616	10048.83	56.1989681801	9547.852	68.1651535546	10502.93	61.8069495997
4.819	8.75929527582	10048.83	45.3247161897	9498.047	60.0712452937	10507.32	98.3324760513
4.82	8.96746669793	10016.6	43.1096243741	9483.398	47.275728942	10514.65	97.7725827533
4.821	10.4361189753	10007.81	50.6381664442	9451.172	76.9841996291	10450.2	139.041119897
4.822	10.3427940312	9977.051	32.4273881571	9454.102	77.3514433766	10535.16	44.116865207
4.823	9.25740822823	9987.305	41.5015156491	9514.16	130.200641274	10491.21	79.4305205219
4.824	9.82342466263	9950.684	49.9321955251	9451.172	84.4777952669	10524.9	57.1589521934
4.825	9.63929583659	10032.71	38.9644297804	9451.172	80.9044044971	10538.09	61.0122410844
4.826	9.00519602404	9952.148	63.9605277362	9451.172	74.7093308409	10472.17	78.0831549487
4.827	10.0821638208	9975.586	30.9053752527	9457.031	114.463687231	10535.16	44.5432030402
4.828	10.0880532757	10040.04	43.4252633429	9540.527	83.667746375	10520.51	64.9941893458
4.829	10.6110964003	10040.04	44.0906415793	9451.172	59.6994273749	10533.69	62.2058112181
4.83	10.1615471379	10007.81	32.8038885009	9459.961	53.9896189589	10507.32	57.8681157819
4.831	9.50893190758	10003.42	42.8134224234	9452.637	122.927085214	10532.23	49.3758229016
4.832	10.579799181	9997.559	52.5689239911	9452.637	101.477982844	10453.12	62.411804418
4.833	11.0790959386	9950.684	51.3617049911	9483.398	79.5306240367	10546.88	54.5384967691
4.834	9.87334164763	9969.727	36.9527947949	9514.16	81.2674476484	10453.12	99.2552810741
4.835	9.94967709669	9978.516	42.0397372693	9533.203	47.514729418	10491.21	79.9833521701
4.836	9.65597106192	9999.023	39.5715279143	9508.301	44.7325066814	10475.1	77.0151874858
4.837	9.95983912996	9987.305	57.3765929402	9495.117	80.5994288803	10527.83	52.1462218621
4.838	10.0179071268	9958.008	35.6752033141	9454.102	59.3773312646	10472.17	57.3431120929
4.839	10.0363347871	10029.79	63.0571938747	9499.512	59.457231862	10530.76	64.4144582987
4.84	9.66934308919	10032.71	44.8968599174	9540.527	61.4197259979	10483.89	71.7064325001
4.841	9.990502145	10006.35	53.2693218953	9452.637	176.603965964	10495.61	63.6901644666
4.842	9.84268012239	9950.684	46.1381824809	9508.301	42.8260480075	10472.17	82.527750887
4.843	9.82710977271	9962.402	38.1477209733	9477.539	66.4005068404	10491.21	83.8659745082
4.844	10.2835968288	9953.613	75.0626244287	9454.102	68.1529624289	10480.96	40.6993450051
4.845	10.4865733895	10012.21	39.4034268582	9451.172	76.5500992635	10454.59	49.9504994529
4.846	10.2911686965	9985.84	32.0918088535	9487.793	68.5960416854	10454.59	66.4051041242
4.847	9.00388355416	10009.28	28.4098198264	9544.922	82.5904473268	10456.05	123.823746035
4.848	10.1485179461	9953.613	51.9680407974	9498.047	65.2609428381	10485.35	87.5315783435
4.849	9.25628060531	10048.83	52.9557230485	9549.316	27.7592802697	10454.59	68.3394712668
4.85	9.75443500671	10045.9	46.3219128324	9451.172	74.2995116807	10453.12	171.343279745
4.851	8.96028425554	9958.008	44.3993899099	9479.004	55.6080024789	10454.59	145.225462817
4.852	8.94831043514	10006.35	43.5743533369	9531.738	64.0728728684	10505.86	58.4092140824
4.853	9.43509669666	10042.97	36.4308653628	9451.172	88.4360722593	10454.59	52.8843180987
4.854	9.93718491505	10018.07	53.0793101392	9547.852	50.4374703926	10501.46	90.3277980076
4.855	9.27838577477	9972.656	27.2301441476	9454.102	88.6869165145	10456.05	148.53162248
4.856	9.11032209258	10015.14	38.7016095316	9454.102	62.7073334696	10542.48	79.5965638149
4.857	9.90217780983	9955.078	49.2077605143	9454.102	103.325774593	10549.8	65.7656874767
4.858	10.1757299634	10004.88	45.9832638292	9454.102	92.3288257955	10454.59	52.6489646742
4.859	9.93161415593	10021.0	30.4542625442	9454.102	47.7269839974	10546.88	63.0735651633
4.86	11.2912326844	9965.332	37.8137212318	9454.102	90.9610057041	10464.84	88.3502568229
4.861	9.9755412514	10047.36	70.6691432964	9454.102	96.7015811828	10527.83	62.0893535299
4.862	9.72038647565	9955.078	45.7883532719	9467.285	85.1654055292	10469.24	59.9370064169
4.863	10.3095935265	10010.74	40.9680692944	9454.102	109.413219226	10533.69	47.1476305394
4.864	9.82210734271	10038.57	66.8898811519	9503.906	139.959573463	10454.59	64.1201647708
4.865	10.8167887047	9981.445	51.5752493667	9539.062	50.8827237617	10467.77	69.2690346619
4.866	8.80589842428	10007.81	43.5072334119	9465.82	52.9018799231	10453.12	53.6720815315
4.867	10.2801787343	10048.83	38.6873209798	9452.637	74.8323515804	10472.17	74.7648916908
4.868	9.57490964293	10003.42	39.1040919688	9506.836	53.7343234328	10453.12	110.049897279
4.869	10.1486212675	9963.867	52.9717263858	9452.637	71.7148121617	10453.12	78.2633164205
4.87	9.53124102724	9953.613	54.0934123768	9452.637	119.36039609	10461.91	64.4945383343
4.871	10.3514287128	9996.094	45.7156479	9486.328	81.108008648	10486.82	76.2602340683
4.872	9.00527997932	10023.93	35.289838363	9454.102	52.04490894	10454.59	64.4353994556
4.873	10.9259195205	9966.797	28.761416728	9452.637	122.8650461	10546.88	104.512527305
4.874	8.80260911929	9962.402	74.5180786242	9452.637	136.232478197	10453.12	72.2711499086
4.875	9.82851871127	9988.77	69.2269497057	9498.047	70.4820645	10539.55	43.2961286691
4.876	10.5240893263	9962.402	30.0286146816	9525.879	64.95205111	10470.7	57.1241890482
4.877	9.30018708862	10041.5	62.4683634419	9451.172	84.1259104278	10454.59	65.5765129045
4.878	9.69218724864	9999.023	53.7122264645	9528.809	57.9744008796	10486.82	56.7016262554
4.879	9.44514032589	9978.516	67.6878147507	9543.457	63.8390256515	10458.98	78.9155400194
4.88	9.55476835009	9993.164	50.7354212249	9451.172	76.2429676901	10450.2	90.5760063736
4.881	10.6520527374	10022.46	35.8393986583	9451.172	44.2212780106	10451.66	140.066512929
4.882	10.0216337435	9960.938	33.8349038657	9496.582	51.3827570763	10470.7	60.6981595183
4.883	8.94296859303	9965.332	40.6791891454	9452.637	87.1659675963	10536.62	65.8899233648
4.884	10.9838177214	9978.516	42.4751999811	9537.598	71.6489385558	10539.55	49.8179409285
4.885	8.84697592109	10045.9	49.6244637082	9455.566	66.844985198	10548.34	66.2715636728
4.886	10.1143630676	9965.332	42.6710406993	9473.145	51.5350941235	10523.44	44.539052703
4.887	9.22544750132	9950.684	46.7074806343	9524.414	48.8120568696	10453.12	68.4489460955
